0.10082831978797913	0.1553400754928589	0.3616997003555298	0.0002536003303248435	1.3832532167434692	0.20547254383563995	0.2555862367153168	1.4200159311294556	0.2928338348865509	0.21910442411899567	0.04126349836587906	0.2598358988761902	1.4837883710861206	0.40241000056266785	0.3733520805835724	1.090700387954712	0.22710300981998444	0.7238452434539795	0.5088418126106262	0.5787604451179504	0.915824294090271	0.3413679897785187	0.22127118706703186	0.14653776586055756	0.43325406312942505	0.6096097826957703	0.017169948667287827	0.6845789551734924	0.7853823304176331	0.5965094566345215	0.44128310680389404	0.7887488007545471	0.20013903081417084	0.542265772819519	0.48878613114356995	0.26064926385879517	0.2808694541454315	0.314002126455307	0.6307830214500427	0.5059760808944702	0.5841184258460999	0.002784624695777893	0.4032554030418396	0.5075381994247437	0.245310440659523	0.4254295527935028	0.3817555904388428	0.23874765634536743	0.3915260434150696	0.4450528025627136	0.3656226098537445	0.5453237295150757	0.51316237449646	0.36979177594184875	1.056178331375122	0.16886819899082184	0.1628209799528122	1.0740551948547363	0.2591765224933624	0.0009795278310775757	0.15050406754016876	0.36630678176879883	0.05726129934191704	0.47105565667152405	0.2817094027996063	0.373036652803421	0.7632569074630737	0.4720574617385864	0.16262269020080566	0.6599404811859131	0.24176403880119324	0.2628752291202545	0.15453504025936127	0.7826635241508484	0.3224157392978668	0.4478302597999573	0.8770726919174194	0.21517238020896912	0.1397077441215515	0.4353780150413513	1.2055113315582275	0.4126901924610138	0.29097333550453186	0.36004775762557983	0.39075836539268494	0.3920122981071472	0.4751740097999573	0.8189617395401001	0.43780195713043213	0.3980141878128052	0.7938573360443115	0.6340849995613098	0.5758213996887207	0.7067075371742249	0.40049782395362854	0.26777184009552	0.4204690754413605	0.5115062594413757	0.806084394454956	0.43774133920669556	0.0	0.5766309499740601	0.07309843599796295	0.8329946994781494	0.28468286991119385	0.24742379784584045	0.6603923439979553	0.10707785189151764	0.7641094923019409	0.9324015974998474	0.5086673498153687	0.5639479160308838	0.35918328166007996	0.6324401497840881	0.9334772229194641	0.341854065656662	0.4547674059867859	0.5513810515403748	0.07686073333024979	0.09233835339546204	0.6536466479301453	0.6631150841712952	0.40749242901802063	0.12917840480804443	1.270557165145874	0.20645597577095032	0.4534115195274353	0.4331316649913788	0.6061689257621765	0.899620532989502	0.34909534454345703	0.20254555344581604	0.3313743472099304	0.41553330421447754	0.35137346386909485	0.40775245428085327	0.6196268796920776	0.37208831310272217	0.5169154405593872	0.29097551107406616	0.5297566056251526	0.1512715369462967	0.5662802457809448	0.3211197853088379	0.5247430205345154	1.1244922876358032	0.969902753829956	0.43320679664611816	0.8648275136947632	0.9169674515724182	0.18011116981506348	0.3115488886833191	0.9521933197975159	0.24910426139831543	0.311803936958313	0.5013160109519958	0.5937482714653015	0.2912268042564392	0.24059030413627625	0.41619163751602173	0.3324132561683655	0.6128508448600769	0.18443696200847626	0.21313053369522095	0.45933836698532104	0.11513752490282059	0.016767580062150955	0.20946204662322998	0.0	0.0	0.05930756777524948	0.24056316912174225	0.4468342363834381	0.6496084332466125	0.3034369945526123	0.33117079734802246	0.8861216902732849	0.9678096771240234	0.08718608319759369	0.3296145796775818	0.3301185369491577	0.07172711193561554	0.44393104314804077	0.8051140308380127	0.7542873620986938	0.36799556016921997	0.14299927651882172	0.3304084837436676	0.4367015063762665	0.9706892371177673	0.5726988911628723	0.3151475191116333	0.8225437998771667	0.7182729840278625	0.35118573904037476	0.1412028968334198	0.8826323747634888	0.34280508756637573	0.8720414638519287	0.6848770976066589	0.3465864956378937	0.07912582904100418	0.41559839248657227	0.32805851101875305	1.0699472427368164	0.48350346088409424	0.46820226311683655	0.45667165517807007	0.16107177734375	0.8481943607330322	0.06982128322124481	0.6235496401786804	0.249082550406456	0.4352613091468811	0.12465322017669678	0.2571469247341156	0.14092698693275452	0.587096095085144	0.3106841444969177	0.6404539942741394	0.24039185047149658	0.25186100602149963	0.4721011221408844	1.1602128744125366	0.5176250338554382	0.5730147957801819	0.6598228812217712	0.9342756867408752	0.6439200043678284	0.13395020365715027	1.0234272480010986	0.8463609218597412	0.3128971457481384	1.0137320756912231	1.254599690437317	0.47825080156326294	0.3022693693637848	0.8563806414604187	0.31038498878479004	0.28181299567222595	0.28213751316070557	0.5828739404678345	1.3361223936080933	0.4766756594181061	0.27464157342910767	0.28589099645614624	0.08416283130645752	0.6141495108604431	0.24025416374206543	0.7276809811592102	1.4960604906082153	0.9596693515777588	0.9348933696746826	0.18633891642093658	0.2874981462955475	0.7670120596885681	1.151206374168396	1.2037402391433716	1.4262900352478027	0.29579398036003113	0.4356788098812103	0.33987340331077576	0.47632309794425964	0.4422413110733032	0.7733792066574097	0.4101385772228241	0.48858967423439026	0.3405333161354065	0.5029172897338867	0.9261606931686401	0.2935202419757843	0.579973578453064	0.8506942987442017	0.2143430858850479	0.12763404846191406	0.43202027678489685	0.0695958212018013	1.1413599252700806	0.49631282687187195	0.40268510580062866	0.024239376187324524	1.2234840393066406	0.37504667043685913	0.16874529421329498	0.17418092489242554	0.9647476673126221	0.22777041792869568	0.6880887150764465	0.09362797439098358	0.5985995531082153	0.32741671800613403	0.4390779137611389	0.43223243951797485	0.14412589371204376	0.4515922963619232	0.7035558819770813	1.1253678798675537	0.38201963901519775	0.08879873156547546	0.41563621163368225	0.08972866833209991	0.06934602558612823	0.9880930185317993	0.1668548882007599	0.5385622978210449	0.20196078717708588	0.26034581661224365	0.19966353476047516	0.7408109307289124	1.047677993774414	0.048594310879707336	0.07038857787847519	0.7215192914009094	0.7051873803138733	0.20710542798042297	0.7360130548477173	0.050698548555374146	0.7377579212188721	0.38071104884147644	1.058727502822876	0.08789259940385818	0.03597447648644447	0.3642731308937073	0.3233090341091156	0.8629031181335449	0.36884260177612305	0.4567011892795563	0.10755148530006409	0.08332470059394836	0.48831814527511597	1.16083824634552	0.4761897027492523	0.21688072383403778	0.301128625869751	0.3975065052509308	0.38234248757362366	0.6441249847412109	0.30150306224823	1.0200766324996948	1.047858476638794	0.2291446328163147	0.014898370951414108	0.1310417801141739	0.6143396496772766	0.26152005791664124	0.37247028946876526	0.841102123260498	0.8723587989807129	1.2401167154312134	0.3036852180957794	0.8755779266357422	0.29156938195228577	0.5525006651878357	1.0002673864364624	0.8459420204162598	0.16840893030166626	0.3124311864376068	0.6035110950469971	0.23174521327018738	0.6716859340667725	0.6677440404891968	0.39403006434440613	0.5902257561683655	0.36733609437942505	0.6285744309425354	0.036734018474817276	0.43736112117767334	1.0987684726715088	0.6164636611938477	0.45803096890449524	0.4685450494289398	0.4486188292503357	0.20616863667964935	0.6093640327453613	0.2476228028535843	1.008304238319397	1.3347296714782715	0.5783243179321289	0.5871818661689758	1.0304137468338013	0.20532897114753723	0.7598705291748047	0.27783310413360596	0.6489214897155762	0.4150881767272949	0.2698110044002533	0.6237177848815918	0.1413286328315735	0.5956003069877625	0.2585236132144928	0.30796271562576294	0.9139955043792725	0.2756347954273224	0.9419587850570679	0.18011444807052612	0.8188912272453308	0.9709799289703369	0.21957942843437195	1.5445499420166016	1.0767422914505005	0.09886013716459274	0.45232853293418884	0.3547704815864563	0.7538180351257324	0.6406992077827454	0.6699995994567871	0.30453911423683167	0.20350050926208496	0.3884746730327606	0.38246089220046997	0.20739179849624634	0.39730316400527954	1.0539723634719849	0.31635943055152893	0.4574297368526459	0.7652376890182495	0.29035279154777527	0.43239274621009827	0.7486616969108582	0.17430415749549866	0.25426816940307617	0.029928836971521378	0.6893025636672974	0.5978654026985168	0.3828088641166687	0.3979635238647461	0.6411865949630737	0.9257096648216248	0.4702688157558441	0.17066028714179993	0.13412967324256897	0.03168351203203201	0.4431840777397156	0.6022108793258667	0.5431836843490601	0.28523075580596924	0.6682448983192444	1.0255850553512573	0.28303128480911255	0.0	1.2627145051956177	1.3826508522033691	0.8269182443618774	0.8366633653640747	0.7170707583427429	0.62986159324646	0.897545337677002	0.6805307269096375	0.8099600076675415	1.4633055925369263	0.23176729679107666	0.2281503528356552	0.07829989492893219	0.7727184891700745	0.4567441940307617	0.2366805374622345	0.8224067687988281	0.6531615853309631	0.5130935311317444	0.18613378703594208	1.132858395576477	0.6308213472366333	0.2749687731266022	0.056113097816705704	0.11445803940296173	0.13336540758609772	0.0	0.2266974300146103	0.20625846087932587	0.2344796508550644	0.6818130612373352	0.5531895160675049	0.7317323088645935	0.3232420086860657	0.7806066274642944	0.1004096046090126	0.9724589586257935	0.9773066639900208	0.7320693731307983	0.9463212490081787	0.1287558227777481	0.3563704788684845	1.1180516481399536	0.06589734554290771	1.275810718536377	0.9681491851806641	0.4748341739177704	1.324467420578003	0.9430826306343079	0.639022171497345	0.5009505748748779	0.44749337434768677	0.8954999446868896	0.6008251309394836	0.17020313441753387	0.2550390064716339	0.6044503450393677	0.4836207926273346	0.29438531398773193	0.7992150783538818	0.9114068746566772	0.6155968904495239	0.03142715245485306	0.3787815272808075	0.49822095036506653	1.125740647315979	0.04855024069547653	0.7220317721366882	0.2728307247161865	0.4054681658744812	0.452340304851532	0.10343906283378601	0.5549396872520447	0.3812575936317444	0.44968709349632263	0.7362684607505798	0.3742619752883911	0.23068328201770782	0.6048773527145386	0.44686180353164673	0.5700685381889343	0.993130624294281	0.5426133871078491	0.7930949926376343	0.38865897059440613	0.5337358117103577	1.2745673656463623	0.25280025601387024	0.0	0.7517093420028687	0.040684446692466736	0.7617048025131226	0.5944215059280396	1.6202592849731445	0.545599639415741	0.2875975966453552	0.1328364908695221	0.38438305258750916	0.5342974662780762	0.33090996742248535	1.374499797821045	0.8291909098625183	0.06680949777364731	0.520317018032074	0.26892027258872986	0.42088770866394043	0.7297066450119019	0.17323172092437744	0.3310910761356354	0.14452345669269562	0.20343893766403198	0.6921751499176025	0.7345549464225769	0.5876736640930176	0.05546877533197403	0.23077911138534546	0.33265095949172974	0.8653261661529541	0.45227792859077454	0.656343936920166	0.33653438091278076	1.538044810295105	0.28168582916259766	0.14004628360271454	0.6182929873466492	0.24582555890083313	0.765734076499939	0.09472347050905228	0.49136796593666077	0.9910602569580078	0.15824954211711884	0.40027350187301636	1.2658272981643677	0.17413286864757538	0.1851336807012558	0.3082089424133301	0.08237635344266891	0.3410077393054962	0.409274160861969	0.15883062779903412	0.4636439085006714	0.3529324531555176	0.6139514446258545	0.6815150380134583	0.33232054114341736	0.6020592451095581	0.28908881545066833	0.09172521531581879	0.2454240620136261	0.28285372257232666	0.91677325963974	0.4844731092453003	0.6343749165534973	0.3296099305152893	0.447944313287735	0.13145500421524048	0.06423157453536987	0.5870658159255981	0.8334766030311584	0.5023507475852966	0.3746918737888336	0.4496726095676422	0.3704952895641327	0.3313298523426056	0.689516007900238	0.7286322712898254	0.5092636942863464	0.5112523436546326	0.02360653690993786	0.0	0.2910037040710449	0.5812134146690369	0.21935777366161346	0.24070632457733154	0.3763681650161743	0.3066580891609192	0.23656949400901794	0.4357280135154724	0.053482770919799805	0.6208778023719788	0.25404444336891174	0.3481237292289734	0.5780396461486816	0.2921268343925476	0.37932756543159485	0.19313940405845642	0.22107453644275665	1.0744000673294067	0.5373685359954834	0.6194753050804138	0.3596159815788269	0.4055185914039612	0.14451929926872253	0.47172456979751587	0.11056308448314667	0.1113365888595581	0.05432622507214546	0.1661343276500702	0.2794366776943207	0.4547739326953888	0.26122328639030457	0.4312977194786072	0.2949424088001251	0.44881707429885864	0.973861813545227	0.6006299257278442	0.40157580375671387	0.3458004891872406	0.04938609153032303	0.22046145796775818	0.5458502173423767	0.0685340091586113	0.367284893989563	0.6945346593856812	0.34933504462242126	0.5049225687980652	0.37468641996383667	0.5986267924308777	0.26337867975234985	0.37999704480171204	0.435683012008667	0.39569446444511414	0.1972004771232605	0.16358575224876404	0.8369065523147583	0.8417797088623047	1.3239203691482544	0.10577499866485596	1.4741690158843994	0.23514319956302643	0.5305442810058594	0.2605537474155426	0.33658427000045776	0.6831629276275635	0.39815253019332886	0.24802298843860626	1.1727931499481201	0.9068713784217834	0.9620769023895264	0.38404786586761475	1.0075125694274902	0.3619478642940521	0.5268203020095825	0.586586594581604	0.5200551152229309	0.620715856552124	0.4108191430568695	0.695426344871521	0.16653499007225037	0.7506213784217834	0.7936703562736511	0.4851021468639374	0.06103973463177681	0.4242827594280243	0.3636600077152252	0.05969161167740822	0.4164636433124542	0.5716293454170227	1.0613597631454468	0.6739895939826965	0.8665760159492493	0.7587129473686218	0.23374205827713013	0.10471556335687637	0.39921367168426514	0.27499017119407654	0.9094235897064209	0.32718998193740845	0.1694931983947754	0.3992404341697693	1.2187163829803467	0.501216471195221	0.9156677722930908	0.374917209148407	0.252682089805603	0.6100243926048279	0.20391695201396942	0.5814775228500366	0.2298266589641571	0.757249116897583	0.8233452439308167	1.1113035678863525	0.5619295835494995	0.6162461042404175	1.0150139331817627	0.22140708565711975	1.126253366470337	0.22710201144218445	0.180070698261261	0.44816410541534424	0.49889808893203735	0.12515321373939514	0.23915734887123108	0.8321921229362488	0.2235058844089508	1.1907542943954468	0.4080076515674591	0.6507452726364136	0.15643735229969025	0.2247042953968048	0.13435527682304382	0.925774097442627	0.9857403635978699	0.4058988094329834	0.2539207935333252	0.34799882769584656	0.7167977094650269	0.46236538887023926	0.6838117241859436	0.07275330275297165	0.12409171462059021	0.3454815149307251	0.5043526887893677	0.25797757506370544	0.11036853492259979	0.4543358385562897	0.770397961139679	0.056593287736177444	0.9435560703277588	0.984822154045105	0.8501213788986206	0.7987186908721924	0.34101706743240356	0.5052189230918884	0.6144067645072937	0.08895152807235718	0.739565908908844	0.2824045419692993	0.4183944761753082	0.7533754706382751	0.13841289281845093	0.6208560466766357	0.47977644205093384	0.1322484165430069	1.192258596420288	0.47320759296417236	0.7298704385757446	0.18401259183883667	0.17665469646453857	0.31231245398521423	0.7397496104240417	1.663172721862793	0.5725862383842468	0.37340787053108215	0.48395606875419617	0.3401447534561157	0.23767906427383423	0.4601849913597107	0.7548503279685974	0.3498513996601105	0.7555980682373047	0.20039115846157074	0.05699137598276138	0.7989304065704346	0.24003548920154572	0.44033411145210266	1.6129353046417236	0.3248578906059265	0.24391163885593414	0.13031354546546936	0.3369255065917969	0.6744319200515747	0.9973993897438049	0.8615941405296326	0.27462366223335266	0.08083587884902954	1.1169801950454712	0.5202383995056152	0.6373412609100342	0.39000841975212097	0.2557629942893982	0.09539806842803955	0.6836139559745789	0.6236264109611511	0.4261118471622467	0.7203578948974609	0.7353531122207642	1.0411438941955566	0.31489115953445435	0.699242889881134	0.6889351010322571	0.21943393349647522	0.5195475816726685	0.3958159387111664	0.23294630646705627	1.13510262966156	0.21821734309196472	0.21741460263729095	0.39164984226226807	0.015590500086545944	0.6304059624671936	0.9525630474090576	0.5605979561805725	1.3474457263946533	0.5682544708251953	0.4694463014602661	0.6616625189781189	0.3213302195072174	0.7570796608924866	0.8937917947769165	0.7314077019691467	0.15645529329776764	0.6382023096084595	0.3957527279853821	0.20562152564525604	0.5073317885398865	0.7304400205612183	1.2687052488327026	0.6269899606704712	0.06177954003214836	0.27770623564720154	0.2485109567642212	0.5183845162391663	0.5438134074211121	0.9033638834953308	0.43073469400405884	0.42174118757247925	0.001173073542304337	0.5123289227485657	0.5174043774604797	0.5360398292541504	0.20271319150924683	0.5028905272483826	0.8426696062088013	0.362637996673584	0.42824363708496094	0.0	0.4139854609966278	0.5896194577217102	0.09202130138874054	0.4198962450027466	0.29353952407836914	0.3478943407535553	0.0619879886507988	0.3627307116985321	0.44636571407318115	0.5270897150039673	0.3851836323738098	0.9875973463058472	0.5616943836212158	0.9916885495185852	0.3937884569168091	0.8433309197425842	0.9500375986099243	0.25275513529777527	0.24050261080265045	0.519282877445221	0.37925422191619873	0.22729510068893433	0.09188900887966156	0.11919235438108444	0.6181805729866028	0.4348275065422058	0.3727799355983734	0.6543463468551636	0.3277580440044403	0.18232133984565735	1.0575857162475586	0.49638593196868896	0.05785364657640457	0.02101323753595352	0.535058856010437	1.0642635822296143	0.5479732155799866	0.4430786669254303	1.0537810325622559	0.4700166881084442	0.15784579515457153	0.37883085012435913	0.3107527196407318	0.2793281376361847	0.7306075096130371	0.5947307348251343	0.8355634808540344	0.7390809655189514	0.4802556335926056	0.3063501715660095	0.09485530108213425	0.20366185903549194	0.2594797611236572	0.9303698539733887	0.39989614486694336	0.5203297734260559	0.8123179078102112	0.6322184801101685	0.36175963282585144	0.2725064158439636	0.21699479222297668	0.40877842903137207	0.26019465923309326	1.0586261749267578	0.957592785358429	0.6486913561820984	1.7393547296524048	0.4813985228538513	0.5141683220863342	0.5274019837379456	0.14666786789894104	0.20655906200408936	0.26845234632492065	0.34245818853378296	0.10017740726470947	0.5023349523544312	0.4288851320743561	0.45918768644332886	0.3837342858314514	0.8006048202514648	0.7121136784553528	0.9099486470222473	0.4994867742061615	0.14946508407592773	0.6715719699859619	1.0194274187088013	0.3520829975605011	0.6710113286972046	0.7101479768753052	0.6996480226516724	0.4931998550891876	0.3159647285938263	0.42524459958076477	0.27656325697898865	0.31544366478919983	0.31285369396209717	0.3440060615539551	0.6703161597251892	0.8511817455291748	0.6030629277229309	0.35599905252456665	1.4824538230895996	0.7817543148994446	0.27038252353668213	0.5237880349159241	0.6558130383491516	0.24247823655605316	0.23300711810588837	0.6827106475830078	0.5626431107521057	1.4322844743728638	0.4603133797645569	0.2634233236312866	1.0065486431121826	0.532685399055481	0.5350275039672852	0.1836085021495819	0.5624222159385681	0.13776826858520508	0.2100825160741806	0.3211623728275299	1.4547615051269531	1.0544860363006592	0.3532842993736267	0.47683000564575195	0.12044146656990051	0.3941017985343933	1.5184738636016846	0.5262858867645264	0.946932852268219	0.7039380669593811	0.5910091400146484	0.12757432460784912	0.20686066150665283	0.6658965349197388	0.8250365853309631	0.6514966487884521	0.5503501296043396	0.5176076889038086	0.25763237476348877	0.3335871398448944	0.7474318742752075	0.31440097093582153	0.6936208605766296	0.43656864762306213	0.08816473186016083	0.2750096321105957	0.3869171738624573	0.8868911266326904	0.6508703827857971	0.38963931798934937	0.8442285060882568	0.5617831349372864	0.11006666719913483	0.8478323221206665	0.38964614272117615	0.5201747417449951	0.29929032921791077	0.07711227238178253	0.6589903235435486	0.7410191297531128	0.5505179762840271	0.5715541243553162	0.6344455480575562	0.6177185773849487	0.5407910346984863	0.14058975875377655	0.7001919150352478	0.8138499855995178	0.17543762922286987	1.0001360177993774	1.1405775547027588	0.2606152594089508	0.5482226014137268	0.4433412253856659	0.0	0.6365255117416382	0.2989664673805237	0.028661098331212997	0.7140840888023376	0.10702893137931824	0.1219041720032692	0.6896384954452515	0.614112377166748	1.0029584169387817	0.5440349578857422	0.4506239891052246	0.2082691490650177	0.07691092789173126	0.9428887963294983	0.5901114344596863	0.7306339740753174	0.3510020673274994	0.5565456748008728	0.6924015879631042	0.37334319949150085	0.05315259099006653	0.18179626762866974	0.4554729461669922	0.1799759715795517	0.35134053230285645	0.1825471967458725	1.028327465057373	0.025189276784658432	0.6969043016433716	0.8304275274276733	0.21518418192863464	0.3428404927253723	0.2127348780632019	1.061450481414795	0.561098039150238	0.44386622309684753	0.41690436005592346	0.1834530383348465	0.10460120439529419	0.5777712464332581	0.7723061442375183	1.0202555656433105	0.5467281937599182	0.62217116355896	1.249903917312622	0.8302933573722839	0.36097589135169983	0.17017197608947754	1.6954646110534668	0.09688323736190796	0.7649170160293579	0.09573566913604736	0.21999509632587433	0.5481458306312561	0.7875657677650452	0.17031952738761902	0.6971756815910339	0.11167418956756592	0.9309784173965454	0.6912228465080261	1.0923041105270386	0.5603185892105103	0.8661420941352844	0.12336429953575134	0.9706801772117615	0.8749507665634155	0.6525382399559021	0.7027056813240051	1.0935767889022827	0.1679433137178421	1.1771239042282104	0.2055809646844864	0.306252658367157	0.4685637950897217	0.3620181679725647	1.0699716806411743	0.6193504333496094	0.2139112651348114	0.09336868673563004	0.9279912710189819	0.2945200502872467	0.2524600028991699	0.5505564212799072	0.6209560036659241	0.09902402758598328	0.8012073636054993	0.1463814675807953	0.37396225333213806	0.45079857110977173	1.3241150379180908	0.5255516171455383	0.3365602493286133	0.45187318325042725	0.2643955647945404	0.1869693547487259	0.3230365514755249	0.8549656867980957	0.2149042785167694	0.3054564893245697	0.274178683757782	1.5824952125549316	0.7514796853065491	0.20297177135944366	0.19654706120491028	0.7002601027488708	0.6274027228355408	0.6973267793655396	0.18226474523544312	0.3952152132987976	0.5575822591781616	0.19840827584266663	0.4966113567352295	0.5467737317085266	0.3244854509830475	1.3763604164123535	0.024902522563934326	0.35498160123825073	1.4363057613372803	0.7545297741889954	0.35691583156585693	0.24555768072605133	0.5846162438392639	0.4624505043029785	0.48381659388542175	0.6452211737632751	0.7612329721450806	0.6534320712089539	0.4928838312625885	0.9612125158309937	0.4188190698623657	0.24013246595859528	0.5619159936904907	0.0784890279173851	0.12446646392345428	0.19960227608680725	0.5265814661979675	0.9411303997039795	0.629090428352356	0.5673978328704834	0.23937802016735077	0.5104952454566956	0.28435441851615906	0.3510686457157135	0.7144224643707275	0.41625508666038513	0.3457757532596588	0.3928968608379364	0.8478821516036987	1.0311477184295654	0.3785552382469177	1.07178795337677	0.3136196732521057	0.3873734176158905	0.4737003445625305	0.40664416551589966	0.48551997542381287	0.7587677240371704	0.2273343801498413	0.5618928670883179	0.1754165142774582	0.7116906046867371	0.3672284185886383	0.6821693181991577	0.321992963552475	0.566382646560669	0.9212682247161865	0.8403631448745728	0.6115162968635559	0.21910589933395386	0.23645609617233276	0.15196670591831207	0.38430720567703247	1.0591825246810913	0.3362521529197693	0.45827239751815796	0.3849499523639679	0.7618557810783386	0.45412522554397583	0.4564405381679535	0.44619038701057434	0.7146666049957275	0.16387175023555756	0.5121285319328308	0.4595644474029541	0.8747394680976868	0.8102426528930664	0.9410144090652466	0.34754830598831177	0.02744983322918415	0.3195667266845703	0.26435819268226624	0.6749264597892761	1.0337624549865723	0.49661722779273987	0.8562031388282776	0.5767440795898438	0.5534694194793701	0.696002185344696	0.9910046458244324	0.7011975049972534	0.25260138511657715	0.9110701680183411	0.9239662289619446	0.5383676290512085	0.4505253732204437	0.4593035876750946	0.4593344032764435	0.4358424246311188	0.7082256078720093	0.3314448595046997	0.15512976050376892	0.8997796773910522	0.19220700860023499	0.26769644021987915	0.48555976152420044	0.3777328431606293	0.044179171323776245	0.24998727440834045	0.5672597885131836	0.27925509214401245	0.25396621227264404	0.32692211866378784	0.11698837578296661	0.14762265980243683	0.8141651749610901	0.11917340010404587	0.7269057035446167	0.7432854175567627	0.658781886100769	0.9375251531600952	0.3899415135383606	0.6382927298545837	1.4031126499176025	0.6987220048904419	0.7125600576400757	0.36421000957489014	0.31671762466430664	0.6213617324829102	0.28375741839408875	0.6629739999771118	0.40898290276527405	0.291175901889801	0.667004406452179	0.1679571568965912	1.52360200881958	0.9444397687911987	0.49782222509384155	0.5444241762161255	0.9522414803504944	0.6133193969726562	0.8765889406204224	0.03036835417151451	0.31295451521873474	0.8607621788978577	0.37490755319595337	0.26566365361213684	0.6514011025428772	0.24784941971302032	0.044988516718149185	0.4041397273540497	0.6822607517242432	0.4825797975063324	0.4094145894050598	0.39146533608436584	0.23198749125003815	0.35154780745506287	0.17889422178268433	0.296914279460907	0.4993971586227417	0.4458048641681671	0.1263405680656433	0.6881942749023438	0.4496251344680786	0.19569618999958038	0.5487892031669617	0.5791516304016113	0.9128852486610413	0.45151397585868835	0.91445392370224	0.031638696789741516	0.5226719975471497	0.3101424276828766	0.35649406909942627	0.24894753098487854	0.26318424940109253	0.6228405237197876	0.7611188888549805	0.14284783601760864	0.5741709470748901	0.36447614431381226	0.6301824450492859	0.7586273550987244	0.1560804843902588	0.3249310851097107	0.8259365558624268	0.4426831305027008	0.49332115054130554	0.3038675785064697	0.7474860548973083	0.9723231792449951	0.7989424467086792	0.6236823201179504	0.9370315670967102	0.970961332321167	0.2267836183309555	0.15500576794147491	0.5687166452407837	0.5305357575416565	0.08353368937969208	0.35531941056251526	0.36877816915512085	0.47774606943130493	0.5975139737129211	1.0276252031326294	0.864588737487793	0.8847209215164185	0.5094927549362183	0.5309217572212219	0.6949904561042786	0.6163762211799622	0.02634858712553978	0.6145762801170349	0.6825342774391174	0.09650802612304688	0.08882123231887817	0.5771830081939697	0.18552513420581818	0.5621846318244934	0.3291528820991516	0.9631989002227783	0.434854656457901	0.3815290331840515	0.3619763255119324	0.034564025700092316	0.301830530166626	0.4393640160560608	1.1571154594421387	0.3128143846988678	0.8639960289001465	0.10737738013267517	0.7200901508331299	0.638029158115387	0.14520935714244843	0.44749748706817627	0.5739255547523499	0.2188657820224762	0.6129357814788818	0.5785723328590393	1.2051277160644531	0.36760514974594116	1.255525827407837	0.38513660430908203	0.4377056658267975	0.242142915725708	0.030447160825133324	0.6589716076850891	0.6787540316581726	0.36102017760276794	0.40960627794265747	0.20442061126232147	0.837307333946228	0.059331588447093964	0.14417371153831482	0.8246111869812012	1.2825281620025635	0.15722782909870148	0.8748639822006226	0.5755072832107544	0.6404120326042175	0.2813616991043091	0.09146793186664581	0.5369349718093872	0.5782836079597473	0.5516642928123474	0.550329864025116	0.682488739490509	1.3425160646438599	0.5761077404022217	0.3036090135574341	0.31988632678985596	1.0116229057312012	0.10820598155260086	0.6891146898269653	0.22652754187583923	0.345691442489624	0.5765558481216431	0.46566498279571533	0.05346378684043884	0.3198762536048889	0.9967101812362671	0.6311007738113403	0.3264051377773285	0.32341617345809937	0.6477506756782532	0.6799448728561401	0.04416920244693756	0.13785500824451447	0.5507947206497192	0.921436607837677	1.200852632522583	0.2892175316810608	0.028464972972869873	0.07091446220874786	0.4196135401725769	0.4413639307022095	0.02924349345266819	0.22896568477153778	0.6587343811988831	0.0922766849398613	0.8060230612754822	0.6183848977088928	0.6175783276557922	0.06636081635951996	0.45414674282073975	0.7036958932876587	0.8332115411758423	0.48413360118865967	0.9128208756446838	0.6540501117706299	0.07052796334028244	0.21543002128601074	0.41498419642448425	0.3370598554611206	0.4102557599544525	0.800920844078064	0.2173052430152893	0.9206900596618652	0.7278582453727722	0.1441139280796051	0.6863269805908203	0.7323685884475708	0.0013447776436805725	0.40947315096855164	0.37661150097846985	0.46027493476867676	0.20830805599689484	0.05779218301177025	0.8179633617401123	0.14382582902908325	0.22090685367584229	0.9523311257362366	0.45979875326156616	0.43662017583847046	0.06893941760063171	0.0774754136800766	0.5970480442047119	0.8917069435119629	0.4839044213294983	0.06719871610403061	0.4921325743198395	0.08155371248722076	0.10722076147794724	0.20581740140914917	0.3026999235153198	0.9762865900993347	0.8595455884933472	0.5997095704078674	0.3601195812225342	0.2347623109817505	0.35587385296821594	0.25950443744659424	0.31069257855415344	0.8253875970840454	0.05022120103240013	0.2998363673686981	0.1211775466799736	0.2322971522808075	0.22668641805648804	0.615587592124939	0.232176274061203	0.8426597714424133	0.4800691306591034	0.5379675030708313	0.48786547780036926	0.8791078329086304	0.25381433963775635	0.26893123984336853	0.4864388108253479	0.28801462054252625	0.0	0.3176823556423187	0.5649365186691284	0.30815866589546204	0.4808524250984192	0.7285966277122498	0.6656517386436462	0.22015134990215302	0.8521735668182373	0.785691499710083	0.46111732721328735	0.5510134696960449	0.35876986384391785	0.6501944661140442	0.3115551471710205	0.2093004286289215	0.7210493683815002	0.11774297058582306	0.4800410866737366	0.12527495622634888	0.4559214115142822	0.3809143304824829	0.787456750869751	0.5075826644897461	0.7707594037055969	0.7093874216079712	0.46869778633117676	0.24836058914661407	0.4689640998840332	0.14334942400455475	0.38209182024002075	0.21551167964935303	0.7696470022201538	0.4549731910228729	0.15116117894649506	0.7432319521903992	0.5290520787239075	0.15536494553089142	0.031171469017863274	0.6467490196228027	0.3854634761810303	1.1444634199142456	0.32265153527259827	0.24388031661510468	0.7051151394844055	0.5100291967391968	0.8928205370903015	0.24040141701698303	0.5223032236099243	0.7437770366668701	0.4613587260246277	0.7098662257194519	0.10480115562677383	0.2454129457473755	0.465228796005249	0.6287462115287781	0.5855119824409485	0.1008637547492981	0.4171544909477234	0.07909180223941803	0.6313558220863342	0.31284040212631226	0.22752878069877625	1.2009713649749756	0.5923693180084229	0.7284926176071167	1.3192708492279053	0.2380133718252182	0.7301382422447205	0.4206445515155792	0.47805464267730713	0.9892852306365967	0.3313371539115906	1.0075204372406006	0.33161863684654236	0.5794310569763184	0.5083226561546326	0.25659939646720886	0.549543023109436	0.6323254108428955	0.7444462180137634	0.38855379819869995	0.09967275708913803	0.35277536511421204	0.08929792046546936	0.315784215927124	0.23072034120559692	0.2504962682723999	0.30466097593307495	0.3006608784198761	0.621492326259613	0.2156635969877243	0.6228058934211731	0.40094348788261414	0.7744413018226624	0.16697803139686584	0.22236046195030212	0.4255155622959137	0.0188278891146183	0.8318171501159668	0.5612380504608154	0.5677455067634583	1.3240034580230713	1.1217631101608276	0.5313279032707214	0.3228016197681427	0.24646130204200745	0.38797813653945923	0.141786128282547	0.4191611409187317	0.7595483660697937	0.6895915269851685	0.741111695766449	0.3211301565170288	0.20857907831668854	0.3286948502063751	0.33304718136787415	0.5595510005950928	0.3013623058795929	0.1149296835064888	0.42809686064720154	0.10356675088405609	0.25141432881355286	0.8501623868942261	0.36445295810699463	0.35786816477775574	0.47782763838768005	0.32350847125053406	0.5966379642486572	0.0729217529296875	0.1529836654663086	0.6114048361778259	0.08998653292655945	0.4010891020298004	0.8612213730812073	0.7428722977638245	0.8841140270233154	0.4507622718811035	0.5682302713394165	0.34974199533462524	0.1581493318080902	0.620910108089447	0.3269152045249939	0.24159614741802216	0.6794406175613403	0.04357733577489853	0.0701887458562851	0.3300822377204895	0.5424041748046875	0.42456501722335815	0.15536373853683472	0.7774561643600464	0.3876954913139343	0.6736862659454346	1.054355502128601	0.21002644300460815	0.5030773878097534	0.2385902851819992	0.5439628958702087	0.3628295660018921	0.41439980268478394	0.1969102919101715	0.47234079241752625	0.5181677937507629	0.13264526426792145	0.5085300207138062	0.9462489485740662	0.4837902784347534	0.5701503753662109	0.457180380821228	0.6970617175102234	0.428236186504364	0.1137259304523468	0.17464202642440796	0.8865656852722168	0.35303357243537903	1.099017858505249	0.004769173916429281	0.7395082116127014	0.23461684584617615	0.20541971921920776	0.09540031850337982	0.218672513961792	0.5752941966056824	0.8587028384208679	0.9509148001670837	0.1764337569475174	0.560884416103363	0.31553876399993896	0.1384301632642746	0.9315567016601562	0.2703743577003479	0.518358051776886	0.3667297065258026	0.5957027077674866	0.5979151725769043	1.3286463022232056	0.23531179130077362	0.8417371511459351	0.042842794209718704	0.2491847276687622	0.7757543921470642	0.17803993821144104	0.21375732123851776	0.4900546967983246	0.22436925768852234	0.5054495930671692	0.6484397649765015	1.1176973581314087	0.19673341512680054	0.4237487018108368	0.5779193639755249	0.3218153417110443	0.3227900564670563	0.5741644501686096	0.08724600076675415	0.08438558876514435	0.16140152513980865	0.19664472341537476	0.05216611921787262	0.713110625743866	0.10527888685464859	0.7786386609077454	0.10725017637014389	0.15388256311416626	0.7949475049972534	0.6556351780891418	0.44431865215301514	0.0009502674802206457	0.8212847113609314	0.7763108611106873	0.3274451792240143	0.6760909557342529	0.2135162651538849	0.790255606174469	0.0500691682100296	0.5509141087532043	0.3506387770175934	0.6183526515960693	0.7497430443763733	0.423925518989563	0.49021631479263306	0.4188556969165802	0.6261337995529175	0.9321562051773071	0.2615818679332733	0.2504377067089081	0.21588164567947388	0.00879155844449997	0.6331713199615479	0.3866778612136841	0.5209746360778809	0.21763373911380768	0.541645348072052	0.31939709186553955	0.027269531041383743	0.20082806050777435	0.22102850675582886	0.43343105912208557	0.754341185092926	0.7610892653465271	0.5430758595466614	0.2813721299171448	0.23799724876880646	0.14894285798072815	0.022871166467666626	0.5876898765563965	0.20952093601226807	0.03357291594147682	0.2788563668727875	0.8856271505355835	0.5305498838424683	0.17159008979797363	0.7035572528839111	0.7412635087966919	0.26555386185646057	0.2578184902667999	0.8199894428253174	0.6959945559501648	0.20096254348754883	0.3507400453090668	1.0279325246810913	0.6952648758888245	0.00014359503984451294	0.4232536852359772	0.40097376704216003	0.9046300649642944	0.36847198009490967	0.182859867811203	0.32839301228523254	0.5043832659721375	0.5789473056793213	0.7227824926376343	0.25377219915390015	0.27067479491233826	0.2599546015262604	0.493836373090744	0.029728438705205917	0.5739611387252808	0.6135106682777405	0.7723138928413391	0.25483256578445435	0.37458470463752747	0.3129972219467163	0.2659187614917755	0.6977056264877319	0.2723023295402527	0.5274406671524048	0.6893818378448486	0.9581489562988281	0.25648418068885803	0.0	0.7152745723724365	0.6983189582824707	0.41211432218551636	0.21647551655769348	0.7376358509063721	0.6960080862045288	0.16824723780155182	0.635982871055603	0.7446852922439575	0.45931440591812134	0.5827319622039795	0.2683842182159424	0.4244411289691925	0.6401150822639465	0.3697437047958374	0.7535614967346191	0.6686166524887085	0.0	0.021815188229084015	0.16825754940509796	0.8830788731575012	0.8863425254821777	0.3969000577926636	0.8082862496376038	1.4657673835754395	0.18144142627716064	0.2528853416442871	0.3255196213722229	0.28651800751686096	0.3930314779281616	0.5104502439498901	0.3206583559513092	0.26968681812286377	0.5950319766998291	0.01134770829230547	0.5762389302253723	0.3336252272129059	0.2846401035785675	0.30647578835487366	0.24555960297584534	0.7824938297271729	0.43728503584861755	0.17703533172607422	0.6976163983345032	0.130083829164505	0.22397127747535706	0.7344299554824829	0.6522243618965149	0.36835235357284546	0.48502740263938904	0.5121159553527832	0.12315500527620316	0.310528963804245	0.692160427570343	0.573959469795227	0.5428751111030579	0.8389385938644409	0.489768922328949	0.758649468421936	0.01355598121881485	0.5812857151031494	0.6987268924713135	0.1370527446269989	0.38952016830444336	0.14432558417320251	0.7917624115943909	0.18816983699798584	0.8769927620887756	0.26638510823249817	0.133222296833992	0.5038309097290039	0.6848136782646179	0.6173676252365112	0.7324460744857788	0.1832445114850998	0.01987932063639164	1.0932230949401855	0.8370342254638672	0.27864426374435425	0.01143917441368103	0.953065037727356	0.24860140681266785	0.1587972491979599	0.949609637260437	0.45142319798469543	0.46684154868125916	0.8244014382362366	0.420571893453598	0.23628473281860352	0.565070629119873	0.8742268681526184	0.26850438117980957	0.5178735256195068	0.26965659856796265	0.6298158764839172	0.4015654921531677	0.056999851018190384	0.05131316930055618	0.9801952242851257	0.3021697402000427	0.2627256214618683	0.775265097618103	0.8060351014137268	0.350708544254303	0.8405855894088745	0.7069467306137085	0.7916120290756226	0.32749632000923157	0.12348848581314087	0.5776450634002686	0.47469860315322876	0.5490432381629944	0.5178385376930237	0.3218992054462433	0.68556147813797	0.2043592482805252	0.36574786901474	0.36720240116119385	0.4729980230331421	0.5360658168792725	0.8420838117599487	0.1959771066904068	0.8483937382698059	0.036305591464042664	0.8458716869354248	0.6636571288108826	0.32816654443740845	0.974769651889801	0.788044810295105	0.08153566718101501	0.48890262842178345	0.8274216055870056	0.18643753230571747	0.24506285786628723	0.8842546939849854	0.1758701652288437	0.09193897992372513	0.5399606227874756	0.3898860216140747	2.0329625606536865	0.30997586250305176	0.1256830096244812	0.0008094869554042816	0.439576655626297	0.37409520149230957	0.4914684593677521	0.8917698860168457	0.28747281432151794	0.4088062644004822	0.21096019446849823	1.1598988771438599	0.6752556562423706	0.5371410846710205	0.0	0.2561609745025635	0.219176784157753	0.5254124402999878	0.5809254050254822	0.41768959164619446	0.48501867055892944	0.4276898503303528	0.4376721978187561	0.6050401926040649	1.0346055030822754	0.4617164134979248	1.0848971605300903	0.13954830169677734	0.0	0.46197959780693054	0.34323951601982117	0.21195025742053986	0.3402160108089447	0.6033779978752136	0.13230331242084503	0.4421279728412628	0.2218320220708847	0.6075486540794373	0.1992996335029602	0.8696562647819519	0.3190595805644989	0.31255868077278137	0.37375664710998535	0.3653791546821594	0.9315864443778992	0.4611651599407196	0.1650686413049698	0.16613346338272095	0.4676283299922943	0.7596703171730042	0.20191946625709534	0.8238323926925659	0.12507620453834534	0.6410622596740723	0.7998705506324768	0.4217901825904846	0.8119961023330688	0.5546759963035583	1.4208885431289673	0.17703011631965637	0.5436059236526489	0.2012418955564499	0.39508214592933655	0.3313450217247009	0.806774914264679	0.903667688369751	0.867857813835144	0.2465599924325943	0.030524685978889465	0.2686591148376465	0.4301256239414215	0.7474942207336426	0.17997674643993378	0.616733968257904	0.5812263488769531
1.3703314065933228	0.6441792845726013	0.5396801233291626	0.6005833148956299	0.7844007015228271	0.3563765585422516	0.49774983525276184	0.6989313364028931	0.48536768555641174	0.17203494906425476	1.3714194297790527	0.23163440823554993	1.4093654155731201	0.5156799554824829	0.3765603005886078	0.38570699095726013	0.507520318031311	0.5413228869438171	0.30814990401268005	0.5412418246269226	0.8721726536750793	0.25307634472846985	0.3407323360443115	0.23515073955059052	0.454085111618042	0.7221056222915649	1.1543630361557007	0.6601619720458984	0.5405997633934021	0.2487291544675827	0.8798223733901978	0.41593876481056213	0.7656015753746033	0.5128846168518066	0.5167984962463379	0.3632999360561371	0.2870522737503052	0.40340128540992737	0.2827514708042145	0.3586359918117523	0.38072317838668823	0.9354232549667358	0.1651913970708847	0.3902018666267395	0.1535969376564026	0.40117347240448	0.3793337941169739	0.6916568279266357	0.4004341959953308	0.5844670534133911	0.509995698928833	0.3889816701412201	0.4726135730743408	0.37244144082069397	0.607617199420929	0.2568558156490326	0.7348361015319824	1.3412740230560303	0.5613739490509033	0.4686432480812073	0.17669284343719482	0.32206088304519653	0.2893272638320923	0.5271598696708679	0.4791903793811798	0.435651957988739	1.4678306579589844	0.44061681628227234	0.46113407611846924	0.37616169452667236	0.4635888934135437	0.23146426677703857	0.4567832052707672	0.4614907503128052	0.4969518780708313	0.8818935751914978	0.4725620448589325	0.7610296010971069	1.2166271209716797	0.6091574430465698	0.4510776102542877	0.3994511663913727	0.660040020942688	0.7070472836494446	0.5922529101371765	0.16320645809173584	0.5251846313476562	0.5464939475059509	1.2079274654388428	0.23760034143924713	0.6666197180747986	0.6346333026885986	0.04366621375083923	0.7976502776145935	0.5567519664764404	0.9648756384849548	0.43971285223960876	0.35428348183631897	0.4710344970226288	0.9619184732437134	0.5104089379310608	1.1375223398208618	0.24317607283592224	0.8028393387794495	0.307167112827301	0.28207603096961975	0.3257637917995453	1.478883981704712	0.21331886947155	0.40793898701667786	0.7156723141670227	0.7207225561141968	0.6168678402900696	0.5211403965950012	0.37168586254119873	0.3795161545276642	0.6915583610534668	0.9439994096755981	0.18273502588272095	0.5842452645301819	0.39348769187927246	0.3651016354560852	0.09604328125715256	0.3590139150619507	0.3587626516819	0.45339640974998474	0.20948526263237	0.5715558528900146	0.5289186239242554	0.4958174228668213	0.2639915943145752	0.3403840661048889	0.4002756178379059	0.2668388783931732	0.26951345801353455	0.1842612326145172	0.8528205156326294	0.18933062255382538	0.7328197360038757	0.2928765118122101	0.16672803461551666	0.3983030915260315	0.5835239887237549	0.17088568210601807	0.4697348177433014	0.081991046667099	0.04876258596777916	0.6658081412315369	1.2907352447509766	0.36007145047187805	0.6377975344657898	0.3000035285949707	0.8247389197349548	0.3169320523738861	0.4291720390319824	0.37052464485168457	0.5723313093185425	0.8531985878944397	0.2918107509613037	0.4391510486602783	0.8956161737442017	0.38195303082466125	0.391078382730484	0.3142860531806946	0.37138473987579346	0.4272977411746979	0.5252452492713928	0.2915967106819153	0.19958221912384033	1.2423210144042969	0.8214721083641052	0.4302172362804413	0.6170365810394287	0.486488938331604	0.45533883571624756	0.2510845363140106	0.6710882186889648	0.3644055128097534	0.3749997615814209	0.37615126371383667	0.291361540555954	0.4052172899246216	0.33989039063453674	0.7270846366882324	0.5399193167686462	1.3953465223312378	0.5499914884567261	0.07806184887886047	0.9861708283424377	0.38085299730300903	0.7138546705245972	0.1315116137266159	0.2812789976596832	0.6663325428962708	0.4946783483028412	0.315272718667984	0.9217629432678223	0.46174144744873047	0.1606370210647583	0.15022514760494232	0.3629413843154907	0.6019750237464905	0.49144434928894043	0.5179354548454285	0.21982046961784363	0.30108699202537537	0.6228060126304626	0.6849766373634338	1.1354753971099854	0.18855854868888855	0.35093560814857483	0.4102913737297058	0.18617069721221924	0.45369380712509155	0.8836415410041809	0.3869309723377228	0.5051513910293579	0.3446463942527771	0.47439897060394287	0.75865238904953	0.3496401906013489	0.2458786815404892	0.13849177956581116	0.25266560912132263	0.49112609028816223	0.7910652160644531	0.6362267136573792	0.2940002977848053	0.4546901285648346	0.18827998638153076	0.4186234474182129	0.3604850471019745	0.6108424663543701	0.40003612637519836	0.6846963763237	0.5872842073440552	0.32814207673072815	0.6061897873878479	0.8964935541152954	0.3318507671356201	0.6161558628082275	0.49237653613090515	0.9218200445175171	0.3984300196170807	0.35625746846199036	0.6342438459396362	1.0933127403259277	0.6752551198005676	0.3328230082988739	0.6664763689041138	0.6394168138504028	0.9377532005310059	0.45433345437049866	0.31119439005851746	0.546247124671936	0.45024508237838745	0.11228182166814804	0.5222392082214355	1.3472566604614258	0.2673928439617157	0.7501987218856812	0.6538325548171997	0.4139717221260071	0.6934428811073303	0.1938771903514862	0.1863097846508026	0.7649922966957092	0.19602473080158234	0.5423088669776917	0.6618320345878601	0.5766603946685791	0.7307844161987305	0.3278440237045288	0.16122674942016602	0.7379993200302124	0.48170006275177	1.0457713603973389	0.30188891291618347	0.39028066396713257	0.9263841509819031	0.34067773818969727	0.6707925200462341	0.19739466905593872	0.2999894320964813	0.2495376169681549	0.971381425857544	0.38077282905578613	0.9068071842193604	0.1533491015434265	0.539440393447876	1.1287943124771118	0.1284647434949875	0.4846566617488861	0.33635860681533813	0.2386719286441803	0.39278367161750793	0.20404359698295593	0.36122584342956543	0.4606873393058777	0.7137173414230347	0.35797783732414246	0.5942635536193848	0.4880770444869995	0.6595758199691772	0.5568081140518188	0.24176828563213348	0.6728981137275696	1.0466506481170654	0.40663591027259827	1.004823923110962	0.8481138348579407	0.40734195709228516	0.6554490327835083	0.6803380250930786	0.6110965013504028	0.25085723400115967	0.678874671459198	0.8254144191741943	0.5708518028259277	1.3189700841903687	0.15946483612060547	0.7063637971878052	0.30220380425453186	0.8884466886520386	0.4425519108772278	0.6556210517883301	0.6708364486694336	0.8218201994895935	0.7708967328071594	0.5151754021644592	0.6178829669952393	0.30956509709358215	0.22866496443748474	0.6364671587944031	1.1833049058914185	0.34198516607284546	0.3676900863647461	1.1020941734313965	0.4309699535369873	0.9928433895111084	0.23907485604286194	0.6596699953079224	0.3823537230491638	0.5049774646759033	0.27930372953414917	0.38224315643310547	0.4499700963497162	0.4959608316421509	0.36326873302459717	0.4430725574493408	0.9202263355255127	1.015041708946228	0.30699312686920166	0.5477367639541626	0.783363401889801	0.25391286611557007	0.5263540744781494	0.4721553921699524	0.15418976545333862	0.2673698663711548	0.294878214597702	0.820992112159729	0.5966306328773499	0.3304106593132019	0.2840375304222107	0.541229784488678	0.20046629011631012	0.42580243945121765	0.5447285771369934	0.20406624674797058	0.23467864096164703	0.4369790554046631	0.4059032201766968	0.7994121313095093	0.21381540596485138	0.4073701500892639	0.9987931847572327	0.2785175144672394	0.7494217753410339	0.9826992154121399	0.1889180839061737	0.7465254068374634	0.4759867787361145	0.20078285038471222	0.5650656819343567	0.2948971390724182	0.4027506411075592	0.19797015190124512	0.678676426410675	0.2764833867549896	0.5165837407112122	0.29947328567504883	0.18267932534217834	1.3516106605529785	0.46824800968170166	0.6172630786895752	0.7065491080284119	0.390980988740921	0.206544890999794	0.7042953968048096	0.9900422096252441	0.37082308530807495	0.679521381855011	0.9374326467514038	0.33826160430908203	0.35751277208328247	0.8952523469924927	1.3518110513687134	0.45344722270965576	0.2414267212152481	0.6898046731948853	0.4128072261810303	0.7537906765937805	0.1471794992685318	0.46641090512275696	0.1851617991924286	0.7238160967826843	0.8517730832099915	0.30826079845428467	0.6562221646308899	0.3380438983440399	0.13822782039642334	0.6260600090026855	0.2950967252254486	0.49035897850990295	0.5541542768478394	0.2906627357006073	0.6427494287490845	0.48177024722099304	0.29527369141578674	0.8307238221168518	0.1002398356795311	0.5837985873222351	0.6185205578804016	0.6792243123054504	0.38352859020233154	0.6106277704238892	1.0508121252059937	0.9173247814178467	0.5344101190567017	0.2169719636440277	0.45170193910598755	0.8893269300460815	0.7684305310249329	0.4443725645542145	0.16925066709518433	0.1339968591928482	0.3747665584087372	0.2205800861120224	0.46933895349502563	0.4795427620410919	0.5797473192214966	0.27644774317741394	0.629706621170044	0.19795076549053192	0.1877250224351883	0.6592956185340881	0.37855783104896545	0.6760225296020508	0.19618655741214752	0.3631024956703186	0.3927374482154846	0.3715413510799408	0.43226996064186096	0.4385010600090027	0.36093348264694214	1.2590385675430298	0.3440019190311432	0.1835988610982895	0.4371187388896942	0.9862890839576721	0.45372867584228516	0.43849533796310425	0.2643914222717285	0.40827035903930664	0.5571392774581909	1.0172408819198608	1.2328251600265503	0.6481949687004089	0.7676233053207397	0.4897191822528839	0.44345444440841675	0.6516218781471252	0.36837100982666016	0.662550151348114	0.4940448999404907	0.35977160930633545	0.4360561966896057	0.5633153319358826	0.7319697141647339	0.5852065682411194	0.16031652688980103	0.3037658631801605	0.7324150800704956	0.923926055431366	0.2446829229593277	0.6691754460334778	0.4436452090740204	0.38825294375419617	0.2173997312784195	1.0648829936981201	0.4558836817741394	0.7385894060134888	0.5063065886497498	0.2870630919933319	0.5289188027381897	1.2460386753082275	0.537643551826477	0.32336053252220154	0.3967379927635193	0.3681779205799103	1.242209792137146	0.44249844551086426	0.6425955295562744	0.48241299390792847	0.39888739585876465	0.2479018270969391	0.49129053950309753	0.6781934499740601	0.530781626701355	0.5204088687896729	0.8761908411979675	0.6644583940505981	0.2322216033935547	0.29318922758102417	0.2699567377567291	0.34934794902801514	0.47778597474098206	0.22396118938922882	0.6871060132980347	1.2882719039916992	0.6952331066131592	0.6166875958442688	0.5392963886260986	0.18796832859516144	0.23916536569595337	0.3923642635345459	0.5087937116622925	0.6215034127235413	0.5206946730613708	0.5839519500732422	0.6858826875686646	1.1573785543441772	1.0365740060806274	0.22537556290626526	0.5516052842140198	0.48492422699928284	0.27293214201927185	0.3952201008796692	1.4998395442962646	0.906784176826477	0.34946680068969727	0.5399807095527649	0.5079988241195679	0.7391819357872009	0.4308229386806488	0.3965790271759033	0.6307580471038818	0.7697446942329407	0.4849998652935028	0.4669782817363739	1.1035186052322388	0.17205940186977386	0.31516313552856445	0.4013969600200653	0.26403361558914185	1.0887672901153564	0.12713351845741272	0.408292293548584	1.2639466524124146	0.19895565509796143	0.3887253403663635	1.2474517822265625	0.23621425032615662	0.537017822265625	0.5206887125968933	0.3055463135242462	0.30939286947250366	0.8493824601173401	0.266268253326416	0.9278607368469238	0.2615431249141693	0.3013283610343933	0.5672474503517151	0.3593650758266449	0.45316874980926514	0.4756823182106018	0.13280339539051056	0.9022215008735657	0.4699631929397583	0.6732251644134521	0.19869261980056763	0.6818403601646423	0.6253983378410339	0.6785151958465576	0.23470544815063477	0.7428272366523743	0.19488759338855743	0.6336508989334106	0.2878894805908203	0.2998787760734558	0.37713468074798584	0.3822546601295471	0.39039623737335205	0.17303822934627533	0.7305585741996765	0.41283097863197327	0.6853770017623901	0.9414308071136475	1.3401750326156616	0.18222004175186157	0.5179183483123779	0.7936576008796692	1.0603694915771484	0.2485201507806778	0.9416274428367615	0.37220942974090576	0.3218279778957367	0.7336998581886292	0.6479596495628357	0.1647903025150299	0.5078855752944946	0.18109044432640076	0.6860035061836243	0.40012288093566895	0.39387720823287964	1.124541997909546	0.9391055107116699	1.4074926376342773	0.6219063401222229	0.4103650450706482	0.32686981558799744	0.267329603433609	1.2606347799301147	0.27544543147087097	0.22165338695049286	0.8551930785179138	0.9833635687828064	0.2659020721912384	0.46080705523490906	0.7669007182121277	0.3114212155342102	0.3670823872089386	0.34934383630752563	1.4814856052398682	0.5447852611541748	0.40017005801200867	0.4826542139053345	0.46780166029930115	1.2263919115066528	0.37579530477523804	0.4267277717590332	0.39649853110313416	0.5569508671760559	0.5777527093887329	0.18589334189891815	0.565978467464447	0.7268396615982056	0.5964041352272034	0.4264439046382904	0.4672427177429199	0.5298919677734375	0.44066810607910156	0.6618438363075256	0.4041382074356079	0.9678150415420532	0.545443058013916	0.2582298517227173	0.8244667053222656	0.7699358463287354	0.5763062834739685	0.2933102250099182	0.5837292075157166	0.49492084980010986	0.677653968334198	0.49199092388153076	1.3944989442825317	0.3055903911590576	0.531022846698761	0.5128087997436523	0.42892229557037354	0.29477229714393616	0.39001691341400146	0.5588722229003906	0.39043131470680237	0.6126580238342285	0.7466394305229187	0.521145224571228	0.41290968656539917	0.29482629895210266	0.8168641924858093	0.6669349670410156	0.5005955100059509	0.19866396486759186	0.20059806108474731	0.2548561096191406	0.4202946126461029	0.7108217477798462	0.7288298010826111	0.1892717480659485	0.47529616951942444	0.6813437938690186	0.8339254260063171	0.10766209661960602	0.5011675357818604	0.4506809413433075	0.6329522728919983	0.17304366827011108	0.8128499984741211	0.634514331817627	0.8138220310211182	0.44915831089019775	1.3637639284133911	0.8310325741767883	0.19964538514614105	0.8896331191062927	0.2209017276763916	0.45162755250930786	0.8002880811691284	0.7172685265541077	0.7244787216186523	0.3684757649898529	0.4708726704120636	0.7539785504341125	0.38308489322662354	0.8360493779182434	1.0593016147613525	0.16170936822891235	1.1981544494628906	0.07147347182035446	0.3864230811595917	0.3575708568096161	0.32858341932296753	0.5304410457611084	0.9446108341217041	0.6084573268890381	0.3764234483242035	0.8857207894325256	0.6916598677635193	0.22580134868621826	0.4015094041824341	0.4416011869907379	0.6599234938621521	0.3038267493247986	0.2717927396297455	0.47458240389823914	0.3799911439418793	0.6354312300682068	0.4113241732120514	0.9966407418251038	0.5745421051979065	0.4955208897590637	0.4128071069717407	0.08796139061450958	0.17143607139587402	0.33450278639793396	0.3979409635066986	0.5004791617393494	0.6490958333015442	0.11527390033006668	0.8901588320732117	0.42409661412239075	0.16312509775161743	0.5157728791236877	0.30340737104415894	0.2780631482601166	0.7590947151184082	0.608489453792572	0.24326330423355103	0.3596941828727722	0.5148624777793884	0.7634773850440979	0.7678465247154236	0.304222047328949	0.9078037738800049	0.6045317053794861	0.5711537599563599	0.19085194170475006	0.26836922764778137	0.42596668004989624	0.4677077829837799	0.788979172706604	0.9907026290893555	0.4075976610183716	0.6459202170372009	0.7825068831443787	0.17010822892189026	0.17236420512199402	0.31384044885635376	0.5288063287734985	1.1322396993637085	0.4476066827774048	0.35031870007514954	0.34711897373199463	0.992343544960022	0.7983594536781311	1.3860746622085571	0.3840610682964325	0.17026981711387634	0.30485570430755615	0.5011031031608582	0.36088788509368896	0.09479289501905441	0.6610717177391052	0.4791608154773712	0.9100477695465088	0.8018097877502441	0.3217109739780426	0.9429857730865479	0.37695038318634033	0.40600693225860596	1.055237054824829	0.31022724509239197	0.3246368169784546	0.988994836807251	0.5062664747238159	0.5640937089920044	0.7167335152626038	0.15765833854675293	0.3733760118484497	0.3368034064769745	0.49768054485321045	0.5513829588890076	0.21652641892433167	0.3936469852924347	0.3955986499786377	0.5231731534004211	0.3086967170238495	0.8128512501716614	0.2516050338745117	0.44636523723602295	0.3828723728656769	0.4933643043041229	0.8666636943817139	0.36466851830482483	0.4672570824623108	0.6462576389312744	0.48815223574638367	0.4204297959804535	1.2958968877792358	0.7633700966835022	0.0976509153842926	1.204514980316162	0.4823089838027954	0.5424709320068359	0.3645888864994049	0.5077300667762756	1.5527838468551636	0.28596630692481995	0.43322640657424927	0.5474621057510376	0.41549065709114075	0.8087879419326782	0.816214919090271	0.011702170595526695	0.3017592430114746	0.5576106905937195	0.4273909032344818	0.4661545753479004	0.24195246398448944	0.5026940107345581	0.12721525132656097	0.1917775720357895	0.8566415309906006	0.36388227343559265	0.4355069696903229	0.5061856508255005	0.4252544045448303	0.2985266149044037	0.19310352206230164	0.3887771666049957	0.47952622175216675	0.34729573130607605	0.3337536156177521	0.6443594694137573	0.5241641998291016	0.2772027552127838	0.5328071117401123	0.36927926540374756	0.36772841215133667	0.653371274471283	0.35779619216918945	0.6942794322967529	0.8403478860855103	0.342424213886261	1.0251665115356445	0.3948737680912018	0.5775769948959351	0.23420485854148865	0.26836875081062317	0.5067287087440491	0.6908610463142395	0.228168323636055	0.7487996220588684	0.47972285747528076	0.5187928676605225	0.1688402146100998	0.4069215953350067	0.7088410258293152	0.9197062849998474	1.2765369415283203	0.31418752670288086	0.4061318337917328	0.2918736934661865	0.4805843234062195	0.38376253843307495	0.6118252873420715	0.5445854663848877	0.5684254765510559	0.34417828917503357	0.3025663197040558	0.5281776189804077	0.36825841665267944	0.550929605960846	0.7699273228645325	0.1849205493927002	0.6004089713096619	0.12362861633300781	0.1998552680015564	0.7274535894393921	0.38851869106292725	0.34884822368621826	0.26523756980895996	0.9422692060470581	0.709963321685791	0.19169527292251587	0.42074382305145264	0.09596983343362808	0.8173259496688843	0.5911126732826233	0.6060119867324829	1.2907613515853882	0.5865124464035034	0.45834019780158997	0.43615666031837463	0.5893157124519348	0.36871472001075745	0.5304617881774902	0.40592458844184875	0.6967298984527588	0.4846014678478241	0.4064818024635315	0.4234412610530853	0.3093109130859375	0.9079551696777344	0.6736982464790344	0.7916504740715027	0.3114800453186035	0.7340959310531616	0.5724250674247742	0.4733462333679199	0.34167447686195374	1.2878212928771973	0.48386532068252563	0.371466726064682	0.4302481412887573	0.7297012805938721	0.2867332994937897	0.243274986743927	0.8250490427017212	0.15085694193840027	0.3730137348175049	0.5535551309585571	0.32946524024009705	0.21419496834278107	0.43105199933052063	0.5894460678100586	0.4623928368091583	0.9515836238861084	0.27521345019340515	0.6938353776931763	0.24452954530715942	0.39290061593055725	0.40191444754600525	0.35935965180397034	0.36763235926628113	0.42948782444000244	1.0084400177001953	0.8003385663032532	0.34412336349487305	0.8215930461883545	0.9875165224075317	0.5154312252998352	0.6323511004447937	0.6891369223594666	0.27598071098327637	0.789304256439209	0.6460707783699036	1.1858668327331543	0.3621733784675598	0.31141868233680725	0.030673662200570107	0.21940933167934418	0.4930974543094635	0.5782345533370972	0.620074450969696	0.7028841972351074	0.5340631008148193	0.20078390836715698	0.17101627588272095	0.49818724393844604	0.44938385486602783	0.5570341944694519	0.2896798849105835	0.16932962834835052	0.21704958379268646	0.6855621933937073	0.47734785079956055	0.39785733819007874	0.524692952632904	0.8804529309272766	0.39066681265830994	0.7198178172111511	0.33434247970581055	0.8400357365608215	0.20490053296089172	0.9037259221076965	0.3255326747894287	0.2440306544303894	0.436687171459198	0.08324304223060608	0.7109315395355225	0.9297024011611938	0.349200576543808	0.6062459349632263	1.388521432876587	0.5544138550758362	0.30979058146476746	0.23617860674858093	0.4639072120189667	0.6684994101524353	0.928002119064331	1.0285048484802246	0.9378877878189087	0.6003996133804321	0.5377746820449829	0.25700363516807556	0.738237202167511	0.579169750213623	0.42982691526412964	0.5447978973388672	0.4397408068180084	1.0162014961242676	0.39173492789268494	1.0080482959747314	0.5281553268432617	1.122012972831726	1.4386264085769653	0.20046763122081757	0.5344871282577515	0.6555685997009277	1.201198935508728	0.7430171370506287	0.25861847400665283	0.9265729784965515	1.2537848949432373	0.47786977887153625	0.2661958336830139	0.26344242691993713	0.5955581068992615	0.7216812968254089	0.36192455887794495	0.24945765733718872	0.8556943535804749	0.5186430811882019	0.6450400948524475	0.09154139459133148	0.17820005118846893	0.3818564713001251	0.4538302719593048	0.33736419677734375	0.20037011802196503	0.47102710604667664	0.9845054149627686	0.2838726341724396	0.46222785115242004	0.1735546737909317	0.41316986083984375	0.8041030764579773	0.6505712270736694	0.12080325186252594	0.49386703968048096	0.2719237506389618	0.5283764600753784	1.2655580043792725	0.4881243109703064	0.7864842414855957	0.3845873475074768	0.733152449131012	0.1403007209300995	0.8590659499168396	0.6358132362365723	0.8764687776565552	0.5911697149276733	0.4134117662906647	0.4119951128959656	0.5041969418525696	0.9874145984649658	0.5446077585220337	0.4680447280406952	0.3127782642841339	0.3718527555465698	0.7259088754653931	0.627722442150116	0.9631164073944092	0.5381461381912231	0.480028361082077	1.1111093759536743	0.4038308262825012	0.17777329683303833	0.5611393451690674	0.8759498596191406	0.22699853777885437	1.050898790359497	0.8063788414001465	0.47116729617118835	0.6250376105308533	0.4069923162460327	0.22729238867759705	0.8410770893096924	0.4276789724826813	0.5235660076141357	0.2737673223018646	0.6187286972999573	0.3439120650291443	0.213133305311203	0.5225604772567749	0.7330302000045776	0.6372471451759338	0.1220344603061676	0.8131132125854492	0.8166162371635437	1.1298466920852661	0.49064207077026367	0.43797582387924194	0.36513739824295044	0.5503537058830261	1.2385247945785522	0.2334882766008377	0.32013392448425293	0.22963042557239532	0.49043527245521545	0.2682570219039917	0.9088920950889587	0.33917051553726196	0.23950305581092834	0.7116121053695679	0.7461289763450623	0.41553744673728943	0.9774511456489563	0.5405562520027161	0.35932108759880066	0.9216919541358948	0.3281536400318146	0.6176952719688416	0.16325068473815918	0.4266996383666992	0.9261225461959839	1.012422800064087	0.1961987018585205	0.9763001203536987	0.8175958395004272	0.17807486653327942	0.44565463066101074	0.5652445554733276	1.104529857635498	0.19281168282032013	0.8534276485443115	0.6616278886795044	0.6337550282478333	0.24376651644706726	0.8531633019447327	0.4392847418785095	0.2410881221294403	0.79291170835495	0.596978485584259	0.38966208696365356	0.7555938363075256	0.34899163246154785	0.9868402481079102	0.4146398603916168	1.0349682569503784	0.14490459859371185	0.7575181722640991	0.5282241106033325	0.3536784052848816	0.13945622742176056	0.5788642168045044	0.4381048381328583	0.31825706362724304	0.5123443603515625	0.7715184688568115	0.37592098116874695	0.2477768361568451	0.3054892122745514	0.3500027656555176	0.4005817770957947	0.5603890419006348	0.6608709096908569	0.6937333941459656	0.5186190605163574	0.9591494798660278	0.33203598856925964	0.789488673210144	0.2573200762271881	0.09951017796993256	0.5310719013214111	0.6020716428756714	0.6216294765472412	0.8104950189590454	0.28556695580482483	0.49386486411094666	0.3757208585739136	0.6744772791862488	0.5351881980895996	0.6335847973823547	0.31744784116744995	0.5023636817932129	0.3488484025001526	0.18912719190120697	0.6814837455749512	0.3600967228412628	0.24561046063899994	0.5274708271026611	0.4075776934623718	0.6593945622444153	0.2851462960243225	0.8993194103240967	0.15169376134872437	0.8514408469200134	0.3245050013065338	0.391911119222641	0.18964460492134094	0.3299773633480072	0.2685452699661255	1.0274794101715088	0.36128664016723633	1.1035364866256714	0.35865235328674316	0.12540830671787262	0.24415893852710724	0.7866902351379395	0.24063487350940704	0.4367275536060333	0.8851349949836731	0.46092507243156433	0.7029381990432739	0.3911900520324707	0.5270709991455078	1.1080201864242554	0.8698521852493286	0.6345793604850769	0.15415605902671814	0.30285370349884033	0.536369264125824	0.16989628970623016	1.0612046718597412	0.3544841408729553	0.5583059191703796	0.14056625962257385	0.5786328911781311	0.7104560732841492	0.26586148142814636	0.26870355010032654	0.3522694408893585	0.11525176465511322	0.6551766395568848	0.5671830177307129	0.40969419479370117	0.25821778178215027	0.1554841846227646	0.4017699062824249	0.4816931188106537	0.9779587984085083	0.5645467638969421	0.4633597433567047	0.4503087103366852	1.19948148727417	0.5480185747146606	0.5107405185699463	0.6492000818252563	0.2866029441356659	0.3693327307701111	0.5582583546638489	0.8640130162239075	0.5201831459999084	1.109876036643982	0.3880341649055481	0.32081758975982666	0.9091987013816833	0.6192597150802612	0.2796366512775421	0.2655615508556366	0.46420884132385254	0.2500026524066925	0.5321029424667358	0.5661963224411011	0.6732433438301086	0.8337265849113464	0.6720867156982422	0.38670894503593445	0.32441744208335876	0.726311206817627	0.3831246793270111	0.3662722110748291	0.2520007789134979	0.28278443217277527	0.390704870223999	0.3294248580932617	0.18039265275001526	0.2273782342672348	0.27678415179252625	0.49256500601768494	0.4585114121437073	0.1465221494436264	0.25438717007637024	0.27510160207748413	0.8086322546005249	0.5043022632598877	1.3006752729415894	0.3432272970676422	0.42592331767082214	0.10384991019964218	0.3846094310283661	0.4371776580810547	0.4801523685455322	1.2523162364959717	0.7861672639846802	0.23521864414215088	0.5175549983978271	0.08280398696660995	0.3442069888114929	0.9210189580917358	0.39011669158935547	0.9763028621673584	0.21880577504634857	0.41213327646255493	0.9919617176055908	0.8363087773323059	0.431659072637558	0.4297463595867157	0.5166498422622681	0.6945272088050842	0.5712538957595825	0.5737539529800415	0.5465320348739624	0.46179115772247314	0.4582478702068329	0.20550522208213806	0.2473887801170349	0.5204213857650757	0.6249144077301025	0.4079168438911438	0.256672739982605	0.3310925364494324	0.4204631745815277	1.2274740934371948	0.6631827354431152	0.4722428023815155	0.3664363622665405	0.23740652203559875	0.5706058144569397	1.002305269241333	1.0637362003326416	0.4782736897468567	0.4209006130695343	0.3333214223384857	0.8041525483131409	0.5982969999313354	0.5267712473869324	0.7217184901237488	0.3550528585910797	0.6101161241531372	0.33728158473968506	0.3159952461719513	0.660327672958374	0.796513557434082	0.7350355386734009	1.0530037879943848	1.037710428237915	0.18841806054115295	0.1573421210050583	0.35665011405944824	0.7699114084243774	0.6034793853759766	0.4545990824699402	0.48966699838638306	1.0527715682983398	0.27982375025749207	0.42793816328048706	0.877539336681366	1.0576218366622925	0.4410687983036041	0.6803192496299744	0.7794690728187561	0.2619975507259369	0.3057255148887634	0.5747033357620239	0.6093703508377075	0.5442880988121033	0.12721934914588928	0.28846418857574463	0.21539631485939026	0.0936712697148323	0.9517273306846619	0.2567482888698578	0.08319932222366333	0.5733444690704346	0.4496036171913147	0.5102895498275757	0.8963069915771484	0.3855034112930298	0.46679171919822693	1.0284461975097656	0.5278590321540833	0.620705246925354	0.6574125289916992	0.6685401797294617	0.8560839891433716	0.2848454713821411	0.6586111187934875	0.2803085744380951	0.23458510637283325	0.7000151872634888	0.6852793097496033	0.8513857126235962	0.28882989287376404	0.7729834318161011	0.4871869683265686	0.2857171595096588	0.9402282238006592	0.44384655356407166	0.32973918318748474	0.4989766776561737	0.48852068185806274	0.4108891189098358	0.19667696952819824	0.26535698771476746	1.180185079574585	0.15700392425060272	0.4553025960922241	0.5794851779937744	0.648635745048523	0.29925602674484253	1.126210331916809	0.5989838242530823	0.9164411425590515	0.41620272397994995	0.8644773364067078	0.6240858435630798	0.1314191073179245	0.8755432367324829	0.8202337622642517	0.23351724445819855	0.4125971496105194	0.7158174514770508	0.6014239192008972	0.6771361231803894	0.5071236491203308	0.7997686862945557	0.9558628797531128	0.3020436763763428	1.219846487045288	0.38997548818588257	0.4476757347583771	0.44431155920028687	0.8086393475532532	0.3900841176509857	0.5538719892501831	0.47593948245048523	0.6023807525634766	0.3869011700153351	0.8974248170852661	0.5323545336723328	0.814937174320221	0.534003496170044	0.39683476090431213	0.5288572907447815	0.5369314551353455	1.1437715291976929	0.33757078647613525	0.42390573024749756	0.19953590631484985	0.20316722989082336	0.8331847786903381	0.18954771757125854	0.7422763109207153	0.2141648530960083	0.6802747845649719	0.6160621643066406	0.9024658203125	0.5896897315979004	0.4674041271209717	0.829108476638794	0.47544267773628235	0.6554319858551025	0.4718310236930847	0.5509263873100281	0.37422114610671997	0.2458416074514389	0.43354588747024536	1.7412643432617188	0.2396286576986313	0.2236056923866272	0.3888700604438782	0.619091272354126	0.1643054038286209	0.42024198174476624	0.46693193912506104	1.014594554901123	0.5150656700134277	0.574417233467102	0.5708653926849365	0.23805487155914307	0.6108425855636597	1.2515026330947876	0.7472631931304932	0.5836218595504761	0.4001026451587677	0.24285781383514404	0.6629875898361206	0.48633745312690735	0.07943184673786163	0.3341430127620697	0.447904109954834	0.2146850824356079	0.4404524862766266	0.8301166296005249	0.3454941213130951	0.1591988354921341	0.09200188517570496	0.8389890193939209	0.7281298637390137	1.1733362674713135	0.3256095051765442	0.5730611085891724	0.5323465466499329	0.3123454749584198	0.4134856164455414	0.42825087904930115	0.7759876251220703	0.8425742387771606	0.4550950527191162	0.7304806709289551	0.33327335119247437	0.6450872421264648	0.5351229310035706	1.019439935684204	0.4508976340293884	0.3690296411514282	0.05265612155199051	0.16033494472503662	0.3322690725326538	0.4755191206932068	0.5353603959083557	0.9310110807418823	0.33413827419281006	0.4641953706741333	0.9506138563156128	0.3361671268939972	0.655637264251709	0.7390563488006592	0.45829010009765625	0.4518147110939026	0.26553285121917725	0.3487371802330017	0.5852113366127014	0.35536906123161316	0.3545651137828827	0.9065719842910767	0.8429617285728455	1.0377488136291504	0.4859310984611511	0.27690356969833374	0.557640016078949	0.37581124901771545	0.5565887093544006	0.5538771152496338	0.7084253430366516	0.5256600379943848	0.42310142517089844	0.7375708818435669	0.4581676125526428	0.6593186855316162	0.2792247235774994	0.9365999698638916	0.5559565424919128	0.4759235382080078	0.6535839438438416	1.0776206254959106	0.37341946363449097	0.6108609437942505	0.565956175327301	0.4814760088920593	0.5145984888076782	0.5229790210723877	0.2169627845287323	0.7182199954986572	0.5202584266662598	0.5778254270553589	0.7044517397880554	0.4517379701137543	1.0633949041366577	0.6211095452308655	0.3970101475715637	0.6485593914985657	0.9240618348121643	0.05891992524266243	0.7128349542617798	0.7849791049957275	0.6508855223655701	1.2035973072052002	0.4319443106651306	0.460652619600296	0.3951161801815033	1.1554701328277588	0.6865403652191162	1.3719091415405273	0.47858619689941406	0.215066596865654	0.2085176706314087	0.6665564179420471	0.8710031509399414	0.9917105436325073	0.8222683668136597	0.7907003164291382	0.38403478264808655	0.3010564148426056	0.3866491913795471	1.0501320362091064	0.10997132956981659	0.33829882740974426	0.709458589553833	0.6401647925376892	0.6794192790985107	0.7032101154327393	0.4412531554698944	0.421840637922287	0.33555078506469727	0.4404826760292053	0.5216957330703735	0.37243637442588806	0.6417547464370728	0.5943515300750732	0.19724248349666595	0.19532838463783264	0.7151666283607483	0.3096557557582855	0.6234069466590881	0.7259513735771179	0.32458850741386414	0.5524016618728638	0.3814551532268524	0.6566075086593628	0.21393349766731262	0.4860050678253174	0.42070484161376953	0.4518461525440216	0.8298893570899963	0.5375366806983948	0.5491243600845337	0.32569533586502075	0.8445053100585938	0.6080294847488403	0.5006930232048035	0.5664604902267456	0.2883269786834717	0.1773606687784195	1.025040864944458	0.3323233127593994	0.652850866317749	0.1857358068227768	1.201637864112854	0.36952680349349976	0.5316472053527832	0.7284674048423767	0.6933590769767761	0.2068725824356079	0.7431848645210266	0.4405563175678253	0.694578230381012	0.7003545761108398	0.47140681743621826	0.19779735803604126	0.4731810986995697	0.23020359873771667	0.10488614439964294	0.4419234097003937	0.6506640911102295	0.36595970392227173	0.9231008291244507	0.28985774517059326	1.0024797916412354	0.3801855742931366	0.9960575103759766	0.9751558899879456	1.1764416694641113	0.5584891438484192	0.7940304279327393	0.7353960871696472	0.5296617746353149	0.30165109038352966	1.202640175819397	0.43946191668510437	0.3467246890068054	0.44878023862838745	1.3652245998382568	0.7535797357559204	0.423378050327301	0.19548723101615906	0.8545891046524048	0.28531011939048767	0.549845278263092	0.48321792483329773	0.8822034001350403	1.351425051689148	0.3150634169578552	0.5856085419654846	0.41055136919021606	0.9128735065460205	0.07699126750230789	0.462308794260025	0.7275439500808716	0.507719874382019	0.22195805609226227	0.6398299336433411	0.3636123538017273	0.14721600711345673	0.4164940118789673	0.712174117565155	1.2948541641235352	0.6678206920623779	0.34743359684944153	0.4729490578174591	0.40065890550613403	0.39446309208869934	0.4449103772640228	0.17122149467468262	0.2235223799943924	0.1167198121547699	0.24209925532341003	1.0068190097808838	0.7741187214851379	0.22792591154575348	0.38828250765800476	1.071848750114441	0.2649886906147003	0.7851076722145081	0.44998037815093994	0.6117116808891296	0.36952927708625793	0.7923018336296082	0.7353342771530151	0.2929118275642395	0.8906927108764648	0.6455315351486206	0.8740315437316895	0.2710396349430084	0.4039439558982849	0.23058141767978668	0.43412086367607117	0.48143500089645386	0.6224920153617859	0.3981090188026428	0.7304394245147705	0.5724288821220398	0.5720535516738892	0.37543460726737976	0.34911471605300903	0.2361760437488556	0.8193339109420776	0.5471756458282471	0.6263734102249146	0.6595668792724609	0.42309561371803284	0.9517301321029663	0.254055917263031	0.8927384614944458	0.5111976861953735	0.30451032519340515	1.0208457708358765	0.3992932140827179	0.5282506346702576	0.5457156300544739	0.2983902394771576	0.35857993364334106	0.46778908371925354	0.18002663552761078	0.16650553047657013	0.7846193313598633	1.2610383033752441	0.41295096278190613	0.9555407166481018	0.5778146386146545	0.15138591825962067	0.3783770203590393	0.5288554430007935	0.527995228767395	0.38007238507270813	0.1651792824268341	0.5312050580978394	0.5844149589538574	0.2983192801475525	1.1061888933181763	0.8449384570121765	0.6595606803894043	0.5855885744094849	0.49000903964042664	0.5251449346542358	0.4212173819541931	0.9078159332275391	0.26283618807792664	0.2522854506969452	0.934813916683197	0.2716420888900757	0.2942844331264496	0.3136924207210541	0.36599135398864746	0.5974670648574829	0.14839446544647217	0.5798632502555847	0.8312106728553772	0.8868166208267212	0.2626136541366577	0.2993166744709015	0.22509737312793732	0.25654152035713196	0.3254421651363373	0.4506911337375641	0.7438207268714905	0.5417748689651489	0.9414424896240234	0.4879607856273651	0.9330714344978333	0.12651726603507996	0.4572310149669647	0.27014490962028503	0.45117121934890747	0.5696203708648682	0.38966092467308044	1.338233232498169	0.14182013273239136	0.718043863773346	0.8694480061531067	0.4929274618625641	0.6103423237800598	0.3379577100276947	0.7530314922332764	0.8116985559463501	0.49223220348358154	0.151356503367424	0.8183941841125488	0.6104944944381714	0.4470124840736389	0.6456620097160339	0.8132537603378296	0.8095241785049438	0.4994453489780426	0.46127790212631226	0.7824587821960449	0.24092400074005127	0.3294784426689148	0.6504760384559631	1.438442349433899	0.643154501914978	1.0225248336791992	0.4935721158981323	0.22747749090194702	0.5119891166687012	0.40261170268058777	0.2773892879486084	0.28011026978492737	1.200628399848938	0.3318836987018585	0.374822199344635	0.26406607031822205	0.37416335940361023	1.0455591678619385	0.38754284381866455	0.6708731055259705	0.5337001085281372	0.3255122900009155	0.13547150790691376	0.5077082514762878	0.7192939519882202	1.469224452972412	0.3178321421146393	0.3698938190937042	0.49221089482307434	0.3104636073112488	0.322025865316391	0.3559643626213074	0.5067970156669617	0.5622825026512146	0.267596960067749	0.36833876371383667	0.674168050289154	0.12885090708732605	0.8486932516098022	0.8772820234298706	0.3611733019351959	0.5229942798614502	0.6079808473587036	0.3538694381713867	0.3706303834915161	0.8048214912414551	0.5634524822235107	0.04036084562540054	0.6517412066459656	0.7857646346092224	0.8756241798400879	0.8417851328849792	0.46646177768707275	0.6632941961288452	0.7591369152069092	0.38359880447387695	0.3728014826774597	0.3148633539676666	0.5520219206809998	0.7772085070610046	0.5866981744766235	0.5673995614051819	0.19271357357501984	0.5803033113479614	0.2239956557750702	0.5407065749168396	0.7768449187278748	0.18781179189682007	0.670560896396637	0.6085562705993652	0.43534889817237854	0.4373810887336731	0.43634524941444397	0.7496404051780701	0.40907979011535645	0.46957746148109436	0.13620437681674957	0.27597224712371826	0.4407197833061218	0.8851730227470398	0.050409816205501556	0.20277905464172363	0.4892500340938568	0.5640983581542969	0.28823164105415344	0.8257873058319092	1.3313822746276855	0.30031198263168335	1.0400841236114502	0.28153830766677856	0.420798122882843	0.27837514877319336	0.2673957645893097	0.41754820942878723	0.47710976004600525	0.6983877420425415	0.8568347096443176	0.46287521719932556	0.9601622819900513	0.11905604600906372	0.89666348695755	0.9767816066741943	0.5357311964035034	0.13528001308441162	0.45645207166671753	0.33046725392341614	0.772990345954895	0.19459348917007446	0.5661542415618896	0.6444113254547119	0.5142266154289246	0.5823624730110168	0.36312606930732727	1.0695247650146484	0.37994384765625	0.15465760231018066	0.2992362082004547	0.17994819581508636	0.7600319385528564	0.3155969977378845	0.7054364681243896	0.33462581038475037	0.6044902801513672	0.3812645971775055	0.7451582551002502	0.2831219732761383	0.41085565090179443	0.49204203486442566	0.8916860222816467	0.2555795907974243	0.8058966398239136	0.29485824704170227	0.6278302073478699	0.34758710861206055	0.9318645596504211	0.16541635990142822	0.5241605639457703	0.8742505311965942	0.20531120896339417	0.46126046776771545	0.8536489605903625	0.5447287559509277	0.40337175130844116	0.9051926136016846	0.27402737736701965	0.35352620482444763	0.45524218678474426	1.2974255084991455	0.6532212495803833	0.3294728994369507	0.8111667633056641	0.4031261205673218	0.5243451595306396	0.3578818738460541	0.7779898643493652	0.3344951570034027	0.3086923360824585	0.2903576195240021	0.16632936894893646	0.5011264085769653	0.9362771511077881	0.13903164863586426	0.49608221650123596	0.36631906032562256	0.6656718254089355	0.20908182859420776	0.283210426568985	0.4995845556259155	0.655203104019165	0.7393993735313416	0.3959490656852722	0.8159199357032776	1.2179778814315796	0.7134606838226318	0.6459154486656189	0.3202514350414276	0.3341103792190552	0.22970619797706604	0.44139373302459717	0.2143377810716629	1.1166682243347168	1.0995937585830688	0.1693907082080841	0.3393513262271881	0.5822439193725586	0.23694470524787903	0.6232152581214905	0.5357844829559326
0.06508633494377136	0.08255638927221298	0.5376604199409485	0.277951180934906	1.4624502658843994	0.3716033697128296	0.31397852301597595	1.5750024318695068	0.5631635785102844	0.13521040976047516	0.5895506739616394	0.21225787699222565	0.5757712125778198	0.6408450603485107	0.45840710401535034	0.6053016781806946	0.0780949741601944	0.7544023990631104	0.15495836734771729	0.5499727725982666	0.9106191396713257	0.13424675166606903	0.6079044342041016	0.4485416114330292	0.9462438225746155	0.5882529020309448	0.2284540832042694	0.9812158942222595	0.11731480062007904	0.42541053891181946	0.42169657349586487	0.7685959339141846	0.0030481969006359577	0.501911997795105	0.4874633550643921	0.2251722514629364	0.21449008584022522	0.6048499941825867	0.6256202459335327	0.6890202164649963	0.6651373505592346	0.4201993942260742	0.3011137843132019	0.5622747540473938	0.3946438729763031	0.42934611439704895	0.3717879056930542	0.5917487144470215	0.2678590416908264	0.5013163089752197	0.8891773223876953	0.3753528296947479	0.6964708566665649	0.38949379324913025	1.0255980491638184	0.1849716454744339	0.25144773721694946	1.4371464252471924	0.6996065378189087	0.17794495820999146	0.09872131049633026	1.2438459396362305	0.0	0.4701312780380249	0.39862483739852905	0.49597981572151184	0.647461473941803	0.5282185077667236	0.011258332058787346	0.39601996541023254	0.31935152411460876	0.3438005745410919	0.8406225442886353	0.6620558500289917	0.4880709648132324	0.8419058918952942	0.45221683382987976	0.29810619354248047	0.5028266310691833	0.7463124990463257	1.0210126638412476	0.3591606616973877	0.29085633158683777	0.14619891345500946	0.2196437567472458	0.41592681407928467	0.4424462616443634	0.7047746181488037	0.395244836807251	0.3762654662132263	0.45304355025291443	0.7516433000564575	0.5630905032157898	0.557603120803833	0.33808496594429016	0.14270071685314178	0.3311569094657898	0.3845010995864868	0.5333808660507202	0.7082876563072205	0.051818668842315674	0.6648225784301758	0.14231476187705994	0.6321486234664917	0.4313476085662842	0.19180817902088165	0.30103549361228943	0.6463700532913208	0.8551642298698425	0.7256811857223511	0.6158685088157654	0.5296390056610107	0.32589396834373474	0.39683637022972107	0.9086333513259888	0.2892290949821472	0.3826313018798828	0.9354923367500305	0.03629131242632866	0.2603670358657837	0.952000617980957	0.4114777445793152	0.6229145526885986	0.17688094079494476	0.987548828125	0.4394640326499939	0.49688851833343506	0.3364003300666809	0.6457585096359253	0.827793538570404	0.14266633987426758	0.3132031261920929	0.31244799494743347	0.19840413331985474	0.37571924924850464	0.17820344865322113	0.6549210548400879	0.32586947083473206	0.5257377028465271	0.1420465111732483	0.4234999120235443	0.20587915182113647	1.068426489830017	0.23639757931232452	0.4537352919578552	1.3835272789001465	0.4048445522785187	0.25435689091682434	1.2050321102142334	0.4170731008052826	0.21952380239963531	0.2998805344104767	0.7746620774269104	0.33960726857185364	0.2815479338169098	0.2850739359855652	0.2444666028022766	1.150130033493042	0.1635352224111557	0.32201242446899414	0.5044166445732117	0.690237283706665	0.43693381547927856	0.3049355149269104	0.7796398401260376	0.31384700536727905	0.0	0.11064089834690094	0.5124927759170532	0.24564017355442047	0.044886887073516846	0.41433390974998474	0.3950216472148895	0.4718012809753418	0.32495197653770447	0.36248818039894104	0.6455127000808716	0.7796400189399719	0.37207603454589844	0.23455283045768738	0.4029797911643982	0.12380391359329224	0.5025307536125183	1.0362403392791748	0.6173763871192932	0.13209466636180878	0.3426266610622406	0.3014383912086487	1.2079318761825562	0.5778980255126953	0.35058414936065674	0.18760009109973907	0.7271182537078857	0.805738627910614	0.3057645559310913	0.5609729886054993	0.6029350161552429	0.38154494762420654	0.5347431302070618	0.6648918390274048	0.5251671075820923	0.2025902271270752	0.4235910177230835	0.6107598543167114	0.6797311902046204	0.4335029423236847	0.5420207381248474	0.3236788809299469	0.1181250736117363	0.8898257613182068	0.06570186465978622	0.5773491859436035	0.16473785042762756	0.6025702357292175	0.2667519152164459	0.48833438754081726	0.7261263132095337	0.47742441296577454	0.4036865532398224	1.2155108451843262	0.32083845138549805	0.2882971465587616	0.29248958826065063	1.16083824634552	0.3103129267692566	0.6954760551452637	0.8508896827697754	0.6907402276992798	0.27651160955429077	0.09263759851455688	1.1837631464004517	0.2977544963359833	0.2891124486923218	0.6334438920021057	0.9369376301765442	0.4115411937236786	0.5297645330429077	0.7407833933830261	0.28369754552841187	0.1783769726753235	0.29763761162757874	0.6249194741249084	1.2405914068222046	0.4700429141521454	0.39990872144699097	0.11385952681303024	0.42964112758636475	0.761227548122406	0.2137214094400406	0.49403730034828186	1.040880799293518	1.0445544719696045	0.7192243933677673	0.5603350400924683	0.48696771264076233	0.9425528049468994	0.865046501159668	0.979766845703125	1.3538756370544434	0.2236999124288559	0.29185670614242554	0.8678544163703918	0.4778926372528076	0.3545626103878021	0.9483016729354858	0.25889456272125244	0.39864131808280945	0.12032518535852432	0.42086899280548096	0.7893761396408081	0.3817363381385803	0.4551885426044464	1.5576927661895752	0.2956649959087372	0.016213636845350266	0.34820666909217834	0.24201706051826477	0.5383961200714111	0.42672112584114075	0.9211910367012024	0.40136978030204773	1.4418855905532837	0.3802868127822876	0.26974552869796753	0.35134583711624146	0.7561163306236267	0.4498455226421356	0.8936347961425781	0.037236325442790985	0.3821290135383606	0.7962958812713623	0.45662057399749756	0.4529200494289398	0.24309039115905762	0.25517773628234863	0.6560056805610657	1.0263551473617554	0.32877057790756226	0.4979265034198761	0.5912161469459534	0.277677059173584	0.2993887960910797	0.7045828700065613	0.49500131607055664	0.7947564125061035	0.1962287425994873	0.5161457657814026	0.37669286131858826	0.4914388954639435	1.5576465129852295	0.46669209003448486	0.4696396589279175	0.6596733331680298	0.9637813568115234	0.45286503434181213	0.7870942950248718	0.25662145018577576	1.3053423166275024	0.426505982875824	1.2733157873153687	0.17917920649051666	0.29983705282211304	0.4483349919319153	0.30806729197502136	0.49468886852264404	0.4279337525367737	0.3119761347770691	0.04639771208167076	0.21147485077381134	0.6735538244247437	0.7379802465438843	0.3515542447566986	0.1987907588481903	0.2764553129673004	1.4217281341552734	0.48016709089279175	1.1298474073410034	0.6683914065361023	0.7633023262023926	1.2802644968032837	0.281602144241333	0.0022362428717315197	0.3306591212749481	0.5513559579849243	0.27772900462150574	0.5251228213310242	0.5762189626693726	0.47574135661125183	0.7341321706771851	0.4752247631549835	0.7731952667236328	0.3527219593524933	0.32465091347694397	1.431220531463623	0.8600860238075256	0.2222219556570053	0.5758081078529358	0.5656773447990417	0.253154993057251	0.21145248413085938	1.2331830263137817	0.6533322930335999	0.7169696688652039	0.21847151219844818	0.7355179786682129	0.009830445051193237	0.22344866394996643	1.5236629247665405	0.4710114002227783	0.3952152729034424	0.39204859733581543	0.7762190699577332	0.49793583154678345	0.90871262550354	0.2819899916648865	0.8490411639213562	0.8851581811904907	0.5130436420440674	0.7814054489135742	0.8603004813194275	0.1513676643371582	0.9990756511688232	0.43073567748069763	0.7133728861808777	0.5303664803504944	0.46159160137176514	0.4530392289161682	0.16443035006523132	0.6072165369987488	0.3406814932823181	0.176674485206604	0.9923492670059204	0.2238805890083313	1.3603447675704956	0.1852688491344452	0.6077020168304443	0.9574819207191467	0.34321215748786926	0.48965513706207275	0.6908812522888184	0.5152435898780823	0.6858614087104797	0.21088406443595886	0.5040162205696106	0.5751027464866638	0.705740749835968	0.07098919153213501	0.4105502665042877	0.3302113711833954	0.11240735650062561	0.10917868465185165	0.3111506700515747	0.858518123626709	0.43824589252471924	0.6133661866188049	0.7567177414894104	0.3837340474128723	0.09841557592153549	0.6838386654853821	0.04139445349574089	0.5006939768791199	0.09006881713867188	0.8190516829490662	0.680374264717102	0.8626744747161865	0.2578175961971283	0.4998905658721924	0.8970766067504883	0.4928523898124695	0.7268544435501099	0.1810600459575653	0.0029857605695724487	0.6793922781944275	0.5915117263793945	0.5261597037315369	0.17048606276512146	0.6241579055786133	1.2435624599456787	0.2546159029006958	0.039421446621418	1.074120044708252	0.5945955514907837	0.6355435848236084	0.5611079931259155	0.32579824328422546	0.35165393352508545	1.2867071628570557	0.3528746962547302	0.8612173199653625	0.7736167311668396	0.19634516537189484	0.3553217351436615	0.5219328999519348	0.5556032061576843	0.47623980045318604	0.3853973150253296	0.7420178055763245	0.4164116382598877	0.39914417266845703	0.4324416220188141	1.1144344806671143	0.47208306193351746	0.15957076847553253	0.12014855444431305	0.13148552179336548	0.10783002525568008	0.3002880811691284	0.5624474883079529	0.30864444375038147	0.44313669204711914	0.5190572142601013	0.24693965911865234	0.656928300857544	0.23812535405158997	0.4668343663215637	0.38679516315460205	0.9669507741928101	1.1131987571716309	0.5211514234542847	0.8748054504394531	0.1073150783777237	0.36680665612220764	0.6995348930358887	0.371883749961853	1.7333635091781616	0.9940532445907593	0.5239508748054504	1.0074286460876465	0.6681329607963562	0.5435732007026672	0.31820181012153625	0.3604598641395569	0.7430984377861023	0.554394006729126	0.3013917803764343	0.37235522270202637	0.40110284090042114	0.42756256461143494	0.36941564083099365	0.49667447805404663	0.7342173457145691	0.4564921259880066	0.3270510137081146	0.35058873891830444	0.6312386989593506	0.6457771062850952	0.1304073929786682	0.6463041305541992	0.456569641828537	0.4579234719276428	0.5170542001724243	0.045812979340553284	0.454473078250885	0.5653390884399414	0.4722917377948761	0.26091253757476807	0.4378739297389984	0.19409212470054626	0.8248087167739868	0.5777091979980469	0.5123367309570312	0.2329322099685669	0.7589597702026367	0.7050951719284058	0.3265225291252136	0.5320307612419128	0.4455142319202423	0.2800200581550598	0.21914228796958923	0.42729270458221436	0.07857904583215714	0.3079278767108917	0.3419990837574005	1.264101266860962	0.6722928881645203	0.3185966908931732	0.3484310209751129	0.6835898756980896	0.5085868835449219	0.26197412610054016	1.547661304473877	0.5707396864891052	0.4659641981124878	1.0156282186508179	0.24527986347675323	0.5117910504341125	0.2322697639465332	0.1674114316701889	0.16504086554050446	0.6692637205123901	0.1104617640376091	0.7019463777542114	0.6841980218887329	0.2838306128978729	0.2844035029411316	0.2747516930103302	0.6076546311378479	1.0255241394042969	0.3404499888420105	0.7212339639663696	0.6621494293212891	0.6883490681648254	0.45687055587768555	0.09157107025384903	0.43471449613571167	0.2364497035741806	0.8943020105361938	0.11506042629480362	0.7449108362197876	1.1517863273620605	0.5304279327392578	0.07440069317817688	1.205988883972168	0.5809143781661987	0.2653370797634125	0.47438353300094604	0.07694904506206512	0.17073467373847961	0.40277382731437683	0.22159002721309662	0.7751718759536743	0.15136176347732544	0.42588040232658386	0.3301878571510315	0.32565417885780334	0.5848150849342346	0.31269294023513794	0.1140533983707428	0.43876877427101135	0.2657168209552765	0.5754027366638184	0.7199383974075317	0.533370852470398	0.44838401675224304	0.4802519679069519	0.3590576648712158	0.22437457740306854	0.5252757668495178	0.5123776197433472	0.21700206398963928	0.5229634046554565	1.393838882446289	0.31623661518096924	0.3019171357154846	0.6856586933135986	0.727512538433075	0.3664758503437042	0.5279892086982727	0.23796284198760986	0.4749990701675415	0.07011843472719193	0.4668812155723572	0.2423679232597351	0.9781591892242432	0.40107399225234985	0.6935397386550903	0.18224787712097168	0.4290076196193695	0.27732494473457336	0.5786136984825134	0.30462631583213806	0.3215600550174713	0.5024616122245789	0.8294165730476379	0.5332444906234741	0.3894692659378052	0.2949039936065674	0.6830808520317078	0.6811650991439819	0.8647865653038025	0.42129215598106384	0.36275777220726013	0.08763985335826874	0.7575805187225342	0.31817933917045593	0.32332801818847656	0.23765400052070618	0.9959878921508789	0.4012121856212616	0.22998404502868652	0.6703684329986572	0.5233375430107117	0.412431538105011	0.7737854719161987	1.3142147064208984	0.6525076627731323	0.5202614068984985	0.5303678512573242	0.09654157608747482	0.2098371386528015	0.37098103761672974	0.13393214344978333	0.11275731027126312	0.37180352210998535	1.0286566019058228	0.29679402709007263	0.43071410059928894	0.8795688152313232	1.042543888092041	0.658771812915802	0.3979138731956482	0.8568105697631836	0.24961969256401062	0.40570059418678284	0.17962175607681274	0.4321056604385376	1.0072438716888428	0.33774110674858093	0.9306350350379944	0.4281824827194214	0.5630533695220947	0.31089815497398376	0.5444316864013672	0.8354383707046509	0.5562001466751099	0.17598754167556763	1.3862618207931519	1.460042119026184	1.0146108865737915	0.5012655258178711	0.5474752187728882	0.22089146077632904	0.6042042374610901	0.21266430616378784	0.5343419909477234	0.3105371296405792	0.5158429145812988	0.473076730966568	0.1167854443192482	0.41925764083862305	0.2559141218662262	0.5355288982391357	0.45207589864730835	0.32120537757873535	0.24176344275474548	0.38937753438949585	0.4189140200614929	0.6075407862663269	0.8287317752838135	0.3225991129875183	0.5228426456451416	0.4765220582485199	0.08035241067409515	0.16887517273426056	0.44463828206062317	0.0728745236992836	1.2174608707427979	0.24081112444400787	0.30658194422721863	0.07004786282777786	0.6276589632034302	0.5102604031562805	1.1866201162338257	0.9065406322479248	0.39115965366363525	0.6177676320075989	0.3489060401916504	0.7308801412582397	0.4191522002220154	0.29547905921936035	0.7434017658233643	0.5071394443511963	0.31789159774780273	0.7019789814949036	0.18339069187641144	0.17621952295303345	0.7146943807601929	0.2295081615447998	0.4297817647457123	0.595439076423645	0.20502860844135284	0.12824960052967072	0.4344949424266815	0.7253079414367676	0.07881814986467361	0.4929612874984741	0.42797520756721497	0.46075719594955444	0.12673862278461456	0.17651492357254028	0.29266786575317383	1.1844096183776855	0.3981054425239563	0.2793846130371094	0.6252902746200562	0.3036680221557617	0.4351867139339447	0.46379217505455017	0.6454641819000244	0.19136786460876465	0.5449976325035095	0.32278862595558167	0.29676175117492676	0.04577341303229332	0.10184081643819809	0.14964799582958221	1.1625696420669556	0.08117958903312683	0.37577301263809204	0.5598368644714355	0.6742196083068848	0.44372379779815674	0.3996464014053345	0.634270966053009	0.38745981454849243	0.24547845125198364	0.8766165971755981	0.7591152787208557	0.41517335176467896	0.49919193983078003	0.31992384791374207	1.0573768615722656	0.3526743948459625	0.3262477517127991	0.8262913227081299	0.4095761775970459	0.3811836242675781	0.4866447448730469	0.18182744085788727	0.36172670125961304	0.39605414867401123	1.3034380674362183	0.4135327935218811	0.4480327069759369	0.616913914680481	0.4888792932033539	0.22884823381900787	0.5542706251144409	0.6064180135726929	0.36384451389312744	0.9038704037666321	0.43377685546875	0.20605286955833435	0.6844472885131836	0.4693279266357422	0.4951774477958679	1.2570708990097046	0.15538257360458374	0.1845250427722931	0.3608025908470154	0.42982178926467896	0.7328563332557678	0.5850465893745422	0.5643577575683594	0.39473798871040344	0.3004826009273529	0.9817320704460144	0.8317254781723022	0.8080592155456543	0.41854390501976013	0.12344294786453247	0.46234583854675293	0.42889007925987244	0.5907586216926575	0.796480119228363	0.5441305637359619	0.7550227642059326	1.223891258239746	0.6100872755050659	0.7735347747802734	0.4141335189342499	0.18892240524291992	0.35401397943496704	0.19133050739765167	0.3667649030685425	0.9466357827186584	0.2130739986896515	0.28016984462738037	0.9285458326339722	0.12434947490692139	0.27003777027130127	0.46474674344062805	0.7142834067344666	0.3073166012763977	0.2629941403865814	0.5935230851173401	0.9400478601455688	0.5368751883506775	0.3941150903701782	1.0856409072875977	0.2560751140117645	0.2110859453678131	0.5470730066299438	0.3591781258583069	0.05944840610027313	0.3503330647945404	0.5253371000289917	1.3322479724884033	0.5953382849693298	0.15143106877803802	0.44774729013442993	0.14959491789340973	0.17455309629440308	0.44204479455947876	0.7244643568992615	0.2569652795791626	0.29345226287841797	0.0764533132314682	0.3009710907936096	0.533071756362915	0.4672447144985199	0.206021249294281	0.47738003730773926	0.6472364664077759	0.35459762811660767	0.31618914008140564	0.06422986090183258	0.33790868520736694	0.5794837474822998	0.3641338050365448	0.4030952751636505	0.358329176902771	0.42003536224365234	0.048056360334157944	0.4343298077583313	0.569066047668457	0.31414854526519775	0.5171117782592773	0.9859566688537598	0.2729267477989197	0.4014453887939453	0.4940210282802582	0.9400488138198853	0.6216909885406494	0.28682973980903625	0.6363112330436707	0.1858314424753189	0.609104573726654	0.2519415616989136	0.1574210524559021	0.3507930636405945	0.5144819021224976	0.28268176317214966	0.23029345273971558	0.2768717110157013	0.4693812131881714	0.1864524483680725	0.4171562194824219	0.5865750908851624	0.0010204366408288479	0.06632386893033981	0.43767037987709045	0.47532182931900024	0.6039774417877197	0.37637028098106384	0.9859908223152161	0.5594800114631653	0.0010683275759220123	0.5696043372154236	0.2954564094543457	0.25057557225227356	0.40142789483070374	0.6538184881210327	0.6713301539421082	0.7343346476554871	0.7575969099998474	0.8243257403373718	0.08495978266000748	0.23928029835224152	0.027376852929592133	0.3751058876514435	0.5610402822494507	0.7228125333786011	1.1005580425262451	0.726870059967041	0.5887293815612793	0.3123275935649872	0.07506509125232697	0.7052382826805115	0.48141220211982727	0.9724199175834656	1.1371179819107056	0.5522634387016296	0.7451416254043579	0.42880967259407043	0.31939759850502014	0.7285370230674744	0.10936670750379562	0.3400806784629822	0.32884371280670166	0.23690883815288544	0.35399559140205383	0.3225908577442169	0.19013383984565735	0.8761409521102905	0.2940031588077545	0.7966371774673462	0.5264716148376465	0.8976251482963562	0.43482619524002075	0.28049322962760925	0.6926577687263489	1.7671072483062744	0.4531477689743042	0.49499717354774475	0.6607327461242676	1.0740355253219604	0.2179991900920868	1.038927435874939	0.3581937849521637	0.12509436905384064	0.614638090133667	0.44723695516586304	0.48869186639785767	0.558147668838501	0.7451467514038086	0.8655617833137512	0.3856229782104492	0.9377440214157104	0.6987230181694031	0.43167948722839355	0.35938283801078796	0.40060243010520935	0.24206869304180145	0.39809828996658325	0.6411019563674927	0.17850551009178162	1.0830084085464478	0.1653464436531067	0.19642522931098938	1.0233186483383179	0.5945937037467957	0.8058684468269348	0.4251215159893036	0.6226103901863098	0.32321903109550476	0.37216657400131226	0.26821160316467285	0.9781337380409241	0.45450082421302795	0.4333758056163788	0.24394696950912476	0.022947827354073524	0.5011698007583618	0.7782679200172424	0.5024529695510864	0.8665802478790283	0.8738846778869629	0.5116530060768127	0.2952490746974945	0.12006887048482895	0.481876939535141	0.656218945980072	0.2843010723590851	0.38403475284576416	0.516029953956604	0.539630115032196	0.3902186155319214	0.7652914524078369	0.29697954654693604	0.5236921310424805	0.3064965009689331	0.09268875420093536	0.41812795400619507	0.46024248003959656	0.41453367471694946	0.5219711661338806	0.7677350640296936	0.26597148180007935	0.5589052438735962	0.16986621916294098	1.074725866317749	0.8661055564880371	0.29684382677078247	0.3948765993118286	0.3866955637931824	0.44175490736961365	0.5932209491729736	1.2451562881469727	0.6192059516906738	0.8810646533966064	0.5506866574287415	0.8042281866073608	0.5683509707450867	0.6391065716743469	0.6923576593399048	0.21639901399612427	1.0572041273117065	1.1620293855667114	0.32937419414520264	0.7926908135414124	0.484684020280838	0.33160674571990967	1.1247754096984863	0.26166731119155884	0.5978728532791138	0.9194179177284241	0.2354556769132614	0.2736371159553528	0.6597400307655334	0.431552916765213	0.9168844223022461	0.5467522740364075	0.40613964200019836	0.2811228632926941	0.17894083261489868	0.871349573135376	0.22713005542755127	0.46970614790916443	0.4007693827152252	0.5505266189575195	0.3517136573791504	0.2328161597251892	0.11967184394598007	0.5419738292694092	0.6699484586715698	0.08051815629005432	0.253280371427536	0.3349047005176544	1.1528223752975464	0.1598891019821167	0.30488279461860657	0.2858330309391022	0.6181353330612183	0.31149032711982727	0.6602093577384949	1.1370240449905396	0.22993148863315582	0.3505367040634155	0.6274521350860596	0.20534002780914307	0.4091522693634033	0.8938660025596619	0.4419443905353546	1.4321839809417725	0.6819109916687012	0.9571788311004639	1.1518079042434692	0.921917736530304	0.3514766991138458	0.4281752109527588	0.9123891592025757	0.11506423354148865	0.4163653552532196	0.3517058491706848	0.436747282743454	0.314479798078537	0.4397745430469513	0.544328510761261	0.6054972410202026	0.19343504309654236	0.8834476470947266	0.6950047016143799	1.4637165069580078	0.576970100402832	0.9968840479850769	0.06657692790031433	1.0008848905563354	0.5453734993934631	1.0328342914581299	1.00957453250885	0.4533334970474243	0.20076648890972137	0.8879894018173218	0.6229365468025208	0.44586381316185	0.5149535536766052	0.1899273842573166	0.9455368518829346	0.5578101873397827	0.5718608498573303	0.2620626986026764	0.48634880781173706	0.38820913434028625	0.28498679399490356	0.3336421251296997	0.5299329161643982	0.6015647053718567	0.5792802572250366	0.223733052611351	0.43438977003097534	0.4981347322463989	1.4301886558532715	0.30019232630729675	0.22463390231132507	0.3919447064399719	0.4832744598388672	0.4532806873321533	0.2526922821998596	0.6550318598747253	0.051087886095047	0.27000126242637634	0.30553653836250305	1.0164997577667236	0.5199920535087585	0.2716583013534546	0.3170601725578308	1.1205246448516846	0.3600061535835266	0.6523751020431519	0.5677803158760071	0.5526722073554993	0.6052876114845276	0.5700351595878601	0.7147676348686218	0.2806893587112427	0.35016223788261414	0.4464167356491089	0.4615629315376282	0.24808765947818756	1.4696009159088135	0.8872955441474915	0.23193663358688354	0.5061704516410828	0.36657336354255676	0.4917719066143036	0.7590330839157104	0.3910048007965088	0.5315750241279602	0.5219362378120422	0.49386486411094666	0.9335190057754517	0.7472496032714844	0.32336345314979553	0.6978305578231812	0.05908491834998131	0.21824190020561218	0.33589035272598267	0.4407199025154114	0.5698879361152649	1.4026899337768555	0.6085882782936096	0.2556346654891968	0.45545780658721924	0.6093122363090515	0.21884383261203766	0.562422513961792	0.3007144629955292	0.23831763863563538	1.293053150177002	0.7636297345161438	1.0753111839294434	0.49161210656166077	0.503631055355072	0.3435904383659363	0.18480093777179718	0.26780596375465393	0.2409507930278778	0.6166661977767944	0.821713387966156	0.1309703141450882	0.45208996534347534	0.1378026306629181	0.8738861680030823	0.5093715786933899	0.7408481240272522	0.5530376434326172	0.8319913744926453	0.9548832774162292	0.6976565718650818	0.22122353315353394	0.6625295877456665	0.22057394683361053	0.0035734546836465597	0.4945368468761444	0.8269020318984985	0.3915026783943176	0.3955579400062561	0.4604972302913666	0.6089689135551453	0.4623778164386749	0.2692805826663971	0.34670016169548035	1.4144421815872192	0.4148995280265808	1.0879955291748047	0.17093425989151	0.3550586700439453	0.39255017042160034	0.9357602596282959	0.22304902970790863	0.15971031785011292	0.16298101842403412	0.3992098569869995	0.5327003598213196	1.3214364051818848	0.22135499119758606	0.9123411774635315	0.6980786919593811	0.35850685834884644	0.6401413679122925	0.2531452178955078	0.30913618206977844	0.5938282608985901	1.173654317855835	0.4250716269016266	0.5607291460037231	0.2946755588054657	0.42910465598106384	0.6134524345397949	0.23147068917751312	0.9891340732574463	0.6822764873504639	0.3346245586872101	1.3926129341125488	0.08779552578926086	0.4245177209377289	0.7898787260055542	0.4025805592536926	0.1692637801170349	0.1318373680114746	0.6839130520820618	0.08979934453964233	0.20426791906356812	0.3347676992416382	0.16809530556201935	0.399736225605011	0.4103545546531677	0.27931585907936096	0.7883859872817993	0.6459754705429077	0.6304572820663452	0.5901738405227661	0.9465621113777161	0.5818869471549988	0.8096708655357361	0.4352923631668091	0.6944845914840698	0.4364131987094879	0.5743014812469482	0.591986894607544	0.21059004962444305	0.8777298331260681	0.35694485902786255	0.6799707412719727	0.3143210709095001	0.21291077136993408	0.7824386358261108	0.47053492069244385	1.0561394691467285	0.39311617612838745	0.4783641993999481	0.28631770610809326	0.2739351689815521	0.11974383890628815	0.5058470368385315	0.8095267415046692	0.40024876594543457	0.17425252497196198	0.6076474189758301	0.22458109259605408	0.09842006862163544	0.8298026323318481	0.5588248372077942	0.17734602093696594	0.7854299545288086	0.41854041814804077	0.27419257164001465	0.17113709449768066	0.2906063199043274	0.474943608045578	0.22531771659851074	0.722474217414856	0.3758472204208374	0.5179264545440674	0.5053154230117798	0.027888190001249313	0.7233285307884216	0.40639227628707886	1.1820597648620605	0.31255456805229187	0.6239115595817566	0.02555309236049652	0.6766772270202637	0.4224657714366913	0.45087000727653503	0.5365238189697266	0.2509031593799591	0.37466543912887573	0.6003937721252441	0.34109973907470703	0.26304253935813904	0.22258518636226654	0.5617658495903015	0.5255419015884399	0.32175764441490173	0.44424498081207275	0.6526178121566772	0.4789890944957733	0.45599299669265747	0.40564483404159546	0.654097855091095	1.3597021102905273	0.7698428630828857	0.7567230463027954	0.9633482098579407	0.9954707026481628	0.634019672870636	0.16345302760601044	0.1160765141248703	0.5643729567527771	0.2157210409641266	0.12851810455322266	0.23733896017074585	0.5420936942100525	0.34410232305526733	0.4913247227668762	0.6736899018287659	0.47241026163101196	0.5740894079208374	0.2575133740901947	0.3991255760192871	1.0271223783493042	0.17166562378406525	0.43648412823677063	0.4156144857406616	0.4156009256839752	0.40251967310905457	0.607384979724884	0.17948441207408905	0.24111950397491455	0.3661470413208008	0.8171718716621399	0.33962932229042053	0.6648381948471069	0.461611270904541	0.1820164918899536	0.5891208648681641	0.43717604875564575	1.3760807514190674	0.14858126640319824	0.9927319884300232	0.06190250813961029	0.40523311495780945	0.48392367362976074	0.261416494846344	0.6344163417816162	0.21564573049545288	0.2473437339067459	0.42286187410354614	0.7579352259635925	0.6528301239013672	0.28441256284713745	0.8828736543655396	0.3746846616268158	0.6714383363723755	0.23776112496852875	0.27583548426628113	0.6818312406539917	0.8370161056518555	0.36645957827568054	0.39373230934143066	0.35014036297798157	0.7403417825698853	0.2950510084629059	0.23740027844905853	0.6154054403305054	0.5847403407096863	0.4315630793571472	1.0061547756195068	0.6701033711433411	0.8433068990707397	0.5141348242759705	0.2880472242832184	0.34488362073898315	0.5537396669387817	0.543891429901123	0.7291911244392395	0.5240785479545593	1.1100105047225952	1.0775409936904907	0.15088032186031342	0.35373419523239136	1.0683479309082031	0.34513041377067566	0.4686010479927063	0.2514541447162628	0.5108945369720459	0.6454669237136841	0.4159950017929077	0.26474225521087646	0.38512322306632996	0.27480292320251465	0.5098654627799988	0.2138739824295044	0.3597704768180847	0.18064238131046295	0.8658347725868225	0.41713812947273254	0.4498049020767212	0.8554580211639404	0.9632989168167114	0.600287914276123	0.42538267374038696	0.678154706954956	0.4239087700843811	1.1019576787948608	0.636339545249939	0.26836085319519043	0.24686098098754883	0.40442147850990295	0.12720921635627747	0.4185011088848114	0.48412787914276123	0.33114495873451233	0.024625524878501892	0.40861818194389343	0.876776933670044	1.2554527521133423	0.5793009996414185	0.2557571828365326	0.510677695274353	0.14910732209682465	0.07712607830762863	0.6254326105117798	0.34813499450683594	0.2678498327732086	0.45876288414001465	0.26043128967285156	1.174903392791748	0.7146726846694946	0.05676522105932236	1.0426476001739502	0.6150677800178528	0.15171568095684052	0.28408533334732056	0.44612428545951843	0.41319581866264343	0.3726707398891449	0.3367633521556854	1.2313532829284668	0.20201313495635986	0.15458151698112488	0.5751827359199524	0.7258704900741577	0.3627462089061737	0.1476699411869049	0.4122428297996521	0.17945092916488647	0.7958820462226868	0.7605265378952026	0.317606121301651	0.46389827132225037	0.3847163915634155	1.0749702453613281	0.4032398760318756	0.193929061293602	1.0328866243362427	0.7522949576377869	0.4662666320800781	0.43975451588630676	0.797564685344696	0.3700084984302521	0.37448441982269287	0.3978763818740845	0.47175493836402893	0.27512264251708984	0.21411988139152527	0.0850447565317154	0.287284791469574	0.14849406480789185	0.3264086842536926	0.5484349131584167	0.6434159874916077	0.4604620933532715	0.4546573758125305	1.010358214378357	0.47152775526046753	0.2704053521156311	0.4673220217227936	0.5024204254150391	0.6752901077270508	0.15673990547657013	0.21724355220794678	0.7350144386291504	0.3763963282108307	0.6228654980659485	0.8228925466537476	0.7575995922088623	0.42819690704345703	0.5729567408561707	0.9514697790145874	0.7319449186325073	0.29798147082328796	0.3500318229198456	0.5118774771690369	0.15433409810066223	0.292217880487442	0.371296226978302	0.38574644923210144	0.46576857566833496	0.3518037796020508	0.20298220217227936	0.36644673347473145	0.28853052854537964	0.30031949281692505	0.5142516493797302	1.209104061126709	0.5059658288955688	0.49771490693092346	0.48859041929244995	0.19205372035503387	0.2273450642824173	0.22394217550754547	0.6090591549873352	0.5121017694473267	0.3974764049053192	0.7991307377815247	0.6700301766395569	0.5337839722633362	0.23439830541610718	0.5635693073272705	0.39389288425445557	0.5598101615905762	0.23448067903518677	0.19284562766551971	0.865614652633667	0.2601766884326935	0.6990996599197388	0.33357590436935425	0.4693114161491394	1.029707670211792	0.2591308057308197	0.6276458501815796	0.07420215755701065	0.3075864017009735	0.6027610898017883	0.6859568357467651	0.6849945783615112	0.5444402098655701	0.2578960359096527	0.24906060099601746	0.6389241218566895	0.5332334041595459	0.2641376554965973	1.2424099445343018	0.7599817514419556	0.661683201789856	0.6043031215667725	0.10886137187480927	0.6534928679466248	0.35319358110427856	0.4880931079387665	0.8930463194847107	0.46230027079582214	0.5485110878944397	0.3892951011657715	0.6724198460578918	0.8056488633155823	0.43204212188720703	0.42388004064559937	0.4844990074634552	1.1786808967590332	0.46723228693008423	0.21389241516590118	0.1833571195602417	0.21338769793510437	0.46839261054992676	0.13994623720645905	0.3580473065376282	0.8043321967124939	0.6935603618621826	0.6892090439796448	0.14966543018817902	0.3939901888370514	0.7374274134635925	0.6104574799537659	0.27175164222717285	0.7277336120605469	0.5497406125068665	0.6742250323295593	0.8043823838233948	0.8557382822036743	0.25267618894577026	1.0294722318649292	0.7478829026222229	0.10894323140382767	0.06487321853637695	0.5520930290222168	1.2556105852127075	0.06920580565929413	0.6933625936508179	1.2532472610473633	0.4491153359413147	0.5641540288925171	0.42742782831192017	0.23062632977962494	0.37344908714294434	0.7076677680015564	0.49020129442214966	0.38353046774864197	0.2532097101211548	0.3336365818977356	0.32245001196861267	0.261742502450943	0.7945793867111206	0.2456110417842865	0.22958986461162567	0.73385089635849	0.15858587622642517	0.2826971709728241	0.3079334795475006	0.44997718930244446	0.7388126254081726	0.14599162340164185	0.27835971117019653	0.9542442560195923	0.7910758256912231	0.8478598594665527	0.223463773727417	0.47105860710144043	0.23397158086299896	0.10036005824804306	0.22932536900043488	0.6085050106048584	1.1164711713790894	0.9585644602775574	0.1597403585910797	0.13940785825252533	0.32426074147224426	0.8905266523361206	0.2086637169122696	0.4057513177394867	0.4410665035247803	0.31811630725860596	0.8492568731307983	0.9069316387176514	0.19631987810134888	0.8549414873123169	0.40550535917282104	0.9481996893882751	0.2650313675403595	0.42792415618896484	0.2447868287563324	0.44648244976997375	0.38372576236724854	0.057481635361909866	0.21864654123783112	0.5375329256057739	0.6126826405525208	0.8753643035888672	0.5740760564804077	0.7493183612823486	0.43350908160209656	0.4633468985557556	0.07746352255344391	1.1915253400802612	0.1591636687517166	0.623963475227356	0.11667466908693314	0.6450076103210449	0.08038286864757538	0.4817817509174347	0.6363703012466431	0.2061101198196411	0.2704593241214752	0.6796392202377319	0.9036242365837097	0.3931616544723511	0.2493264377117157	0.7540781497955322	0.32994014024734497	0.440244197845459	0.23124340176582336	0.8101270794868469	0.6610186696052551	0.6441128253936768	0.3028343915939331	0.9256633520126343	0.4021652340888977	0.484424889087677	0.7315095663070679	0.6880507469177246	1.3118603229522705	0.19089335203170776	0.01546579971909523	0.2681398093700409	0.17177733778953552	0.27181345224380493	0.6441314816474915	1.2381001710891724	0.05355500802397728	0.4521786868572235	0.6974217891693115	0.3019583523273468	0.2700502872467041	0.5523556470870972	0.19178658723831177	0.20823748409748077	0.0993572473526001	0.2854531407356262	0.11961469054222107	1.1814459562301636	0.07072187960147858	0.5866300463676453	0.31415796279907227	0.23467591404914856	1.2750952243804932	1.138812780380249	0.5441811084747314	0.24978728592395782	0.45920121669769287	0.9146915674209595	0.2837517261505127	1.1257858276367188	0.35438254475593567	0.8976342082023621	0.032973192632198334	0.5835285782814026	0.1676148772239685	0.5617621541023254	0.1599912941455841	0.4992687702178955	0.41693150997161865	0.45917195081710815	0.5625609755516052	0.5302049517631531	0.277616947889328	0.389248788356781	0.049762725830078125	0.36870622634887695	0.5966734290122986	0.5417436957359314	0.6114987730979919	0.376121461391449	0.693885087966919	0.1861642301082611	0.07331781089305878	0.13967157900333405	0.06100079417228699	0.31086409091949463	0.4544105529785156	0.6220967769622803	0.43977421522140503	0.34699746966362	0.1379479169845581	0.0903412401676178	0.3246999680995941	0.5120940804481506	0.11471141874790192	0.4786723852157593	0.4169347882270813	0.8866041302680969	0.43601974844932556	0.19743965566158295	0.5259283781051636	0.751640796661377	0.8926379680633545	0.5780631303787231	0.6543171405792236	0.6180360317230225	0.23710501194000244	0.6200876832008362	1.0566527843475342	0.9061054587364197	0.012744316831231117	0.39256930351257324	0.6789218187332153	0.49007558822631836	0.4391666650772095	0.5131860971450806	0.2806017994880676	0.5011535882949829	0.8483498692512512	0.3603878915309906	0.16441504657268524	0.49044328927993774	0.24690169095993042	0.8407154679298401	0.3088304400444031	0.5349665880203247	0.668035626411438	0.7838876247406006	0.2595053017139435	0.28518083691596985	0.285942405462265	0.1901206374168396	0.2228979468345642	0.22586368024349213	1.2164608240127563	0.9230221509933472	0.8750050067901611	0.517265796661377	0.02783859148621559	0.6296175122261047	0.4927458167076111	0.705958902835846	0.30608272552490234	0.33511215448379517	0.5718318223953247	0.2353382706642151	0.5868714451789856	0.6278116106987	0.5410349369049072	1.3704472780227661	0.52371746301651	0.19160014390945435	0.8447301387786865	0.23807835578918457	0.39151400327682495	0.20180898904800415	0.12302340567111969	0.6675466299057007	0.34389573335647583	0.6129710674285889	0.6826894879341125	0.641306459903717	1.580682396888733	1.2218217849731445	0.43227559328079224	0.3430754840373993	0.5070427656173706	0.3953751027584076	0.5591483116149902	0.8720748424530029	0.6280789375305176	0.2618715465068817	0.5121719241142273	0.2559089660644531	0.7544170618057251	0.23865962028503418	0.21169108152389526	0.09000705182552338	0.3844032883644104	0.5551750063896179	0.3050317168235779	0.35014045238494873	1.001176118850708	0.2652951180934906	0.5789200663566589	0.6072103381156921	0.28237631916999817	0.34649303555488586	0.5732660889625549	0.2986491620540619	0.3961765170097351	0.30196842551231384	0.5045139789581299	0.3793759346008301	0.3517793118953705	0.9862304925918579	0.40474435687065125	0.7586296796798706	0.0	0.5015027523040771	0.6983561515808105	0.03778918460011482	0.3576763868331909	0.8154032826423645	0.6302581429481506	0.5747930407524109	0.5150848627090454	0.47707176208496094	0.19884103536605835	0.5909741520881653	0.5700130462646484	0.4605013132095337	0.7422229647636414	0.15027739107608795	0.05113404244184494	0.686444878578186	0.7830165028572083	0.23881451785564423	0.3009676933288574	0.720920741558075	0.4623419940471649	0.2578910291194916	0.8359081745147705	0.4225236177444458	0.5286552906036377	0.6567334532737732	0.583642840385437	0.34194517135620117	0.3557872772216797	0.7802300453186035	0.23768310248851776	0.7117877006530762	0.2214248776435852	0.7034860253334045	0.36301466822624207	0.03496871888637543	0.1843758225440979	0.7454663515090942	0.400554895401001	0.3818127512931824	0.39097142219543457	0.9229646921157837	0.3545641005039215	0.7592993974685669	0.9704605937004089	0.4162525534629822	0.41100847721099854	0.18271861970424652	0.43127143383026123	0.20726840198040009	0.8659282922744751	1.1961305141448975	0.2027927190065384	1.144256830215454	0.18317364156246185	0.4078372120857239	0.4765812158584595	0.3589818477630615	1.0119822025299072	0.6111553311347961	0.18296067416667938	0.6876370906829834	0.3698689937591553	0.7631624341011047	0.604263424873352	0.21376249194145203	1.2459455728530884	0.6793478727340698	0.11129574477672577	0.9001637697219849	0.47821828722953796	0.06872300803661346	0.15852908790111542	0.6751875877380371	0.23956570029258728	0.4223574101924896	0.33770886063575745	0.47638803720474243	2.4715652465820312	0.3183825612068176	0.12074554711580276	0.05145014077425003	0.38248518109321594	0.3804188370704651	0.46891069412231445	1.0405923128128052	0.3006639778614044	0.7068409323692322	0.34646499156951904	0.5248685479164124	0.4934777021408081	0.5472520589828491	0.0	0.36893409490585327	0.14763885736465454	0.5636005997657776	0.3805682063102722	0.8767066597938538	0.5798816680908203	0.3900173604488373	0.35425466299057007	0.6121431589126587	0.6934835910797119	0.3755350410938263	0.6990740895271301	0.4750160574913025	0.13713154196739197	0.2851715385913849	0.6820386052131653	0.1572294682264328	0.1934395134449005	0.2370559573173523	0.2897241413593292	0.3723863363265991	0.5539485216140747	0.47038534283638	0.8743709325790405	0.6323532462120056	0.4043580889701843	0.3973957598209381	0.8533066511154175	0.6118205189704895	0.4389914870262146	0.4156741499900818	0.2165006399154663	0.341879665851593	0.50993412733078	0.7161353826522827	0.2898554503917694	0.7786675691604614	0.23038218915462494	0.5180363655090332	0.5084617733955383	0.48730194568634033	0.7530941367149353	0.37765854597091675	0.8651612401008606	0.2129596471786499	0.665907621383667	0.3815741539001465	0.4665731191635132	0.37142235040664673	0.6226096153259277	0.4623068571090698	0.6761606931686401	0.6340287327766418	0.4608100354671478	0.03047288954257965	0.29418063163757324	0.6503123044967651	0.20599773526191711	0.5304300785064697	0.24883092939853668
0.6599481105804443	0.30057087540626526	0.35952436923980713	0.381327748298645	0.5412490367889404	0.08817385882139206	0.2880764603614807	1.0814005136489868	0.5890145301818848	0.18980471789836884	1.0531816482543945	0.4759220480918884	1.3636001348495483	0.4911441504955292	0.3148149251937866	0.7865620851516724	0.46788010001182556	0.6763893365859985	0.48556438088417053	0.6233192682266235	0.6766692996025085	0.4076116979122162	0.06518595665693283	0.20250000059604645	0.43411150574684143	0.8150752186775208	0.42860880494117737	0.7475079298019409	0.7314540147781372	0.7497249245643616	0.7349053621292114	0.4715697467327118	0.41634225845336914	0.3781904876232147	0.5138481855392456	0.42298537492752075	0.3515770733356476	0.7739137411117554	0.20345845818519592	0.32977813482284546	0.6168699264526367	0.3052493929862976	0.4656056761741638	0.24656230211257935	0.13275688886642456	0.7518240809440613	0.31582948565483093	0.2728344202041626	0.3119956851005554	0.693437397480011	0.6458595395088196	0.39825189113616943	0.26121753454208374	0.4814954698085785	0.5545247793197632	0.25136879086494446	0.797545850276947	1.1787269115447998	0.4730457067489624	0.29930591583251953	0.10704305022954941	0.7367351055145264	0.3780422806739807	0.7120198607444763	0.46007853746414185	0.360664039850235	1.3791354894638062	0.5778075456619263	0.03723907843232155	0.3377894163131714	0.2925161123275757	0.3407992124557495	0.71665358543396	0.7145700454711914	0.3345893919467926	0.44707348942756653	0.7438527345657349	0.6520784497261047	0.9874505400657654	1.1709399223327637	1.494529366493225	0.3837212920188904	0.31029775738716125	0.5089855790138245	0.8782557845115662	0.33897796273231506	0.9743760824203491	1.333133578300476	0.6166766285896301	0.2681512236595154	0.44636136293411255	0.3498152196407318	0.30756697058677673	0.8011631965637207	0.37635353207588196	0.7562945485115051	0.1343248337507248	0.21936558187007904	0.7589517831802368	0.8962844610214233	0.41931748390197754	1.0839412212371826	0.2253134548664093	1.2206780910491943	0.5449082851409912	0.6429151892662048	0.3761918544769287	0.9903804063796997	0.44596874713897705	0.5800328850746155	0.5405823588371277	0.8447690606117249	1.1097753047943115	0.6106533408164978	0.8975250720977783	0.4274625778198242	0.45650094747543335	0.6247316598892212	0.5468443036079407	0.14719898998737335	0.95530766248703	0.5690063834190369	0.8685460686683655	0.3156440258026123	0.7444245219230652	0.35306018590927124	0.2608117461204529	0.5155894756317139	0.7201893329620361	0.7625605463981628	0.3782559633255005	0.40896010398864746	0.4651170074939728	0.6489192247390747	0.3590381145477295	0.2857498526573181	1.0855838060379028	0.381905198097229	0.5635348558425903	0.2744377553462982	0.30491966009140015	0.28095656633377075	0.40222758054733276	0.39134714007377625	0.8775001764297485	0.3140975832939148	0.9821065068244934	0.5643594264984131	0.8435022830963135	0.6475377082824707	0.4810025095939636	0.43344253301620483	1.0795204639434814	0.1643393635749817	0.5275000929832458	0.5121720433235168	0.29907137155532837	0.5125831961631775	0.19324705004692078	0.22810782492160797	0.594447672367096	0.5638756155967712	0.27499058842658997	0.4091528654098511	0.8359344601631165	0.7735916376113892	0.47485125064849854	0.47968927025794983	0.03626788407564163	0.25452616810798645	0.4911155104637146	0.35477855801582336	0.47766411304473877	0.4493878483772278	0.349193274974823	0.3211731016635895	0.6078437566757202	0.9792189002037048	0.29099923372268677	0.4159121513366699	0.4199279248714447	0.29959917068481445	0.5113703012466431	0.79462730884552	0.46712279319763184	0.5669530034065247	0.3632868528366089	0.3116653561592102	0.48876380920410156	0.3148201107978821	0.7622777819633484	0.20918387174606323	0.8513906598091125	0.46622389554977417	0.3839518427848816	0.47756248712539673	0.5338571667671204	0.35214459896087646	0.164795383810997	0.5778408050537109	0.7205849885940552	0.25554952025413513	0.3012694716453552	0.8530592322349548	0.7382587790489197	0.3614194393157959	0.4667291045188904	0.5828534960746765	0.2507193982601166	0.3425408601760864	0.1170654445886612	0.5928441286087036	0.23436219990253448	0.48107534646987915	0.830699622631073	0.1705453246831894	0.5225352644920349	0.661241352558136	0.6914015412330627	0.5427449345588684	0.4254201352596283	0.23412743210792542	0.7808405756950378	0.41539326310157776	0.3370806872844696	0.5385122299194336	0.687420666217804	0.4413895606994629	0.29329389333724976	0.43479740619659424	0.532416045665741	0.27983683347702026	0.049574024975299835	0.7694592475891113	1.1832642555236816	0.6855930089950562	0.3544197082519531	0.685951292514801	0.45296695828437805	0.4242047667503357	0.6887916326522827	0.46078383922576904	1.1296504735946655	0.4480501711368561	0.28092122077941895	0.7792040705680847	0.6171005964279175	0.6835663914680481	0.18428538739681244	0.6859714984893799	0.8372735977172852	0.4803616404533386	1.252874732017517	0.26734644174575806	0.2848573923110962	1.0761308670043945	1.326324224472046	0.9079038500785828	1.2525110244750977	0.4397873878479004	0.9445226192474365	0.9092543721199036	0.3412712514400482	0.3976290225982666	0.3238832652568817	0.3529295325279236	0.6555565595626831	0.23878267407417297	0.2774767279624939	0.732196033000946	0.8750126361846924	0.5984030365943909	0.34157806634902954	0.30687373876571655	0.9224082231521606	0.5494222640991211	0.4949361979961395	0.8889020681381226	0.2606448233127594	0.45953884720802307	0.32734814286231995	1.3670802116394043	0.289696604013443	0.17098462581634521	0.6727073788642883	1.4288604259490967	0.475066214799881	0.6166003346443176	0.45814621448516846	0.7234014868736267	0.8628306984901428	0.30922237038612366	0.37116608023643494	0.6335993409156799	0.5190138816833496	0.49843209981918335	0.7755246162414551	0.22397930920124054	0.4267938733100891	0.2719532549381256	0.14988653361797333	0.244662806391716	0.8932304978370667	0.514342725276947	0.8860324621200562	0.3409879505634308	0.45158645510673523	0.39728885889053345	0.3972471356391907	1.2367392778396606	0.3758048415184021	0.2926863133907318	0.7864507436752319	0.733249306678772	0.5939680337905884	0.48769307136535645	0.19426637887954712	0.6346760988235474	0.4860052764415741	0.8194717168807983	0.28750091791152954	0.3292827606201172	0.4383178949356079	0.4109892249107361	0.5591223239898682	0.4071330726146698	0.5660271644592285	0.7389668822288513	0.6570796966552734	0.31931859254837036	1.0548458099365234	0.3076997697353363	0.29850396513938904	0.40098994970321655	0.5668506026268005	0.6344870328903198	0.8544610738754272	0.22898060083389282	0.7677490711212158	0.6836464405059814	0.226962611079216	0.5403217077255249	0.2657959461212158	0.5999035835266113	0.222733274102211	0.5244782567024231	0.7262939810752869	0.49475398659706116	0.9553089141845703	0.3134062588214874	1.0797582864761353	0.946524977684021	0.3971399962902069	0.6072004437446594	0.9718735814094543	0.21432998776435852	0.35477060079574585	0.6563718914985657	0.29698699712753296	0.7310875654220581	0.22529196739196777	1.0194185972213745	0.3912445902824402	0.2777482271194458	0.873248815536499	0.18023546040058136	0.5818909406661987	1.1910033226013184	0.6180450916290283	0.2326311618089676	0.3884996473789215	0.408859521150589	0.3497687876224518	0.7279014587402344	0.4099152982234955	0.5197160840034485	0.9148178100585938	0.17008279263973236	0.9644439816474915	1.3859593868255615	0.46995973587036133	0.7420298457145691	0.6897946000099182	0.33273622393608093	0.4348764419555664	0.31786060333251953	0.2973201274871826	0.3926370143890381	0.22254504263401031	0.16085293889045715	0.5676881670951843	0.5055366158485413	0.2155255228281021	0.930046558380127	0.7206233739852905	0.8739700317382812	0.4626395106315613	0.4231419265270233	1.7988970279693604	1.070605993270874	0.5090969204902649	0.5100721120834351	0.6334694623947144	0.6945828795433044	0.6634341478347778	0.5433319211006165	0.6080853343009949	0.6848486661911011	0.26458650827407837	0.43346017599105835	0.43584200739860535	0.4688257873058319	1.3286670446395874	0.12189075350761414	0.6172268986701965	0.7534098625183105	0.5346782803535461	0.7086109519004822	0.44234374165534973	0.18314050137996674	0.3230956792831421	0.2965545952320099	1.0902267694473267	0.5546194314956665	0.47408807277679443	0.4406457841396332	0.6291180849075317	0.640219509601593	0.9446378350257874	0.2877811789512634	0.48334893584251404	0.3911917805671692	0.5948878526687622	0.37461987137794495	0.26000669598579407	0.4379331171512604	0.4194760024547577	0.8679357171058655	0.7800360918045044	0.3143302798271179	0.6742141246795654	1.3162283897399902	1.4915443658828735	1.0509806871414185	0.3690039813518524	0.48881661891937256	0.2811630964279175	0.5807695388793945	0.40684235095977783	0.8395533561706543	0.4881480634212494	0.27821817994117737	0.1373206377029419	0.5110112428665161	0.4690120220184326	0.1531180888414383	0.30207088589668274	0.44090938568115234	0.3761823773384094	0.3235490322113037	0.3991914689540863	0.5873030424118042	0.47288498282432556	0.8344472646713257	0.4753531813621521	0.1458776891231537	0.6917068958282471	0.43194472789764404	0.21014463901519775	0.08632409572601318	0.9107885360717773	0.391410768032074	0.6837612986564636	0.4412138760089874	0.6153945326805115	0.1256072074174881	1.0371365547180176	1.2632689476013184	0.4841841757297516	0.7490625977516174	0.5349081754684448	0.31229203939437866	1.2535107135772705	0.2621683180332184	0.349923700094223	0.9253567457199097	0.4073449373245239	1.550233244895935	0.6803251504898071	0.30420443415641785	0.3863540589809418	0.3070254325866699	0.9259793758392334	0.6270977258682251	0.29210880398750305	0.46755877137184143	0.6402737498283386	0.4102032482624054	0.4238937497138977	0.4636671543121338	0.780234694480896	0.4090351462364197	0.08302220702171326	0.3971920907497406	0.47163137793540955	0.5528976321220398	0.7613651156425476	0.6919152140617371	0.15454593300819397	0.23830392956733704	0.35899075865745544	1.1154855489730835	0.3472803235054016	0.7069091200828552	0.37536951899528503	0.5605725049972534	0.5481656789779663	0.39058002829551697	1.014144778251648	0.8220694661140442	0.4303392171859741	1.5086784362792969	0.5261471271514893	0.564813494682312	0.3433699309825897	0.2998146116733551	0.5471929907798767	0.6487953066825867	0.02351839654147625	0.5537713170051575	0.720694899559021	0.5400559902191162	0.8538177609443665	0.9739135503768921	0.6855255961418152	0.4000454246997833	0.49841293692588806	0.7099591493606567	0.7077053785324097	0.2608577311038971	0.4450104236602783	0.7327345609664917	0.404161274433136	0.46544766426086426	0.3893282413482666	0.6574292778968811	0.9098199605941772	0.30304715037345886	0.4969990849494934	0.3743286728858948	0.8721904158592224	0.6818189024925232	0.6624917984008789	0.6983894109725952	0.5389252305030823	0.3277021050453186	0.506299614906311	0.635533332824707	0.6903638243675232	0.3300686180591583	0.5474549531936646	0.9045724868774414	0.34807687997817993	0.20052841305732727	0.8938838243484497	0.3801714777946472	1.1873003244400024	0.11220026761293411	0.43270421028137207	1.0571894645690918	0.6973217725753784	0.7553263902664185	1.4525856971740723	0.3426229655742645	0.41781753301620483	0.3696805536746979	0.0811714455485344	0.30851712822914124	0.49764078855514526	0.26669251918792725	0.7611055374145508	0.5746188759803772	0.6377012133598328	0.5132647156715393	0.3325956165790558	0.44331181049346924	0.5365632772445679	0.5115070939064026	0.5411677360534668	0.4451403021812439	0.5799926519393921	0.6211726069450378	0.8646247982978821	0.3585186302661896	0.6185361742973328	0.3434765636920929	0.4304659366607666	0.6510096788406372	0.3843058943748474	0.5757829546928406	0.21110694110393524	0.7338943481445312	0.3542688488960266	0.30087846517562866	0.8427847623825073	0.7198629379272461	0.34638965129852295	0.7029101848602295	0.8505069613456726	0.8975608944892883	0.17171375453472137	0.7008562684059143	0.2747524678707123	0.30447155237197876	0.2277582585811615	0.49158814549446106	0.18025490641593933	0.322610467672348	0.5915525555610657	0.2599051892757416	0.3424171507358551	0.43082940578460693	0.4981350600719452	0.580670952796936	0.37184542417526245	0.45292845368385315	0.6610745191574097	1.2766327857971191	0.5190654397010803	0.8934573531150818	0.4941312372684479	0.1801348179578781	0.31283584237098694	1.5101351737976074	0.2815483510494232	0.3179875314235687	0.5447773933410645	0.4820985794067383	0.21763016283512115	0.21744781732559204	0.6939562559127808	0.3677714467048645	0.3587533235549927	0.6462613344192505	0.9982262253761292	0.47155699133872986	0.36757925152778625	0.6292372941970825	0.25307685136795044	0.9178667068481445	0.48917078971862793	0.34847986698150635	0.3859311044216156	0.5189107656478882	0.6286636590957642	0.2948600947856903	0.6085461378097534	0.5102967023849487	0.2160186767578125	0.5256556272506714	0.38987457752227783	0.4166029393672943	0.40913698077201843	0.6545752286911011	0.4201551079750061	0.6882305145263672	1.0156339406967163	0.4308868646621704	0.639667272567749	0.44548365473747253	0.5638239979743958	0.6172034740447998	0.408788800239563	0.5853601694107056	0.4365762174129486	0.26808875799179077	1.0994915962219238	0.697275698184967	0.9024797081947327	0.18753236532211304	0.3090416491031647	0.6987682580947876	0.43868011236190796	0.5388994216918945	0.5096051692962646	0.3205721378326416	0.40241339802742004	0.8129216432571411	0.44500982761383057	0.5838768482208252	0.5907008051872253	0.5457308292388916	0.6216959357261658	0.3135511577129364	0.2362862527370453	0.032843638211488724	0.6306784152984619	0.5716098546981812	0.5404087901115417	0.6211990118026733	0.3273148536682129	0.7624839544296265	0.460433691740036	0.125146746635437	0.27160701155662537	0.20243623852729797	0.645632803440094	0.7338409423828125	0.3939870297908783	0.883374035358429	0.6749048829078674	0.42016369104385376	1.1527076959609985	0.2660202383995056	0.3730962574481964	0.8939203023910522	0.5772980451583862	0.8078299164772034	0.898622453212738	0.6545963287353516	1.2478798627853394	0.705130398273468	0.8015072345733643	0.41076529026031494	0.5047534108161926	0.3806525766849518	0.8010156750679016	0.530737578868866	1.001973032951355	0.5785712599754333	0.41516995429992676	0.21636298298835754	0.3951270878314972	0.8108721971511841	0.5932162404060364	0.5979233980178833	0.3815942108631134	0.6088428497314453	0.34298697113990784	0.32660335302352905	0.36734142899513245	1.351372480392456	0.39371082186698914	0.4297700524330139	0.3998555541038513	0.49065420031547546	0.5373384952545166	0.45446035265922546	0.5796393752098083	0.7535083889961243	0.40159666538238525	0.34187671542167664	0.5360284447669983	0.130568265914917	0.17238940298557281	0.5506739020347595	1.1447689533233643	0.38161519169807434	0.6978646516799927	0.8811390399932861	0.7300406694412231	0.5468679070472717	0.3658967614173889	0.5622995495796204	0.3795567452907562	0.15394990146160126	1.0029977560043335	0.2968999445438385	0.2425946742296219	0.630976140499115	0.4896663725376129	0.7083829641342163	0.72398442029953	0.21132124960422516	0.7340074777603149	0.7081812620162964	0.686910092830658	0.37665700912475586	0.2090417891740799	0.48411980271339417	0.4103938639163971	1.2966108322143555	0.6582393646240234	0.33040541410446167	0.6856404542922974	0.6813344955444336	0.3291046917438507	0.39520734548568726	0.5592417120933533	0.3935885727405548	0.6692376732826233	0.29283836483955383	0.12268293648958206	0.723436713218689	0.854677677154541	0.25894129276275635	1.6520785093307495	0.405076801776886	0.1734604388475418	0.09113657474517822	0.6607783436775208	0.7036116123199463	0.6725651621818542	0.7785714268684387	0.3883204162120819	0.6236503720283508	1.121842384338379	0.3756444454193115	0.6333016157150269	0.23276299238204956	0.48554936051368713	1.0708379745483398	0.6275319457054138	0.6924577951431274	0.3117567300796509	0.6410056948661804	1.2955807447433472	0.5781710743904114	0.182329922914505	0.2024199515581131	0.3201264441013336	0.40174737572669983	0.36092299222946167	0.514609158039093	0.5839943289756775	1.0932466983795166	0.879993200302124	0.31614118814468384	0.32712242007255554	0.400851845741272	0.3889540433883667	0.5543028116226196	0.7549751400947571	0.8555983901023865	0.6975080370903015	0.4052216112613678	0.8047380447387695	0.45879700779914856	0.7233232259750366	1.4979522228240967	0.6063589453697205	0.24457615613937378	0.44323137402534485	0.3806118071079254	0.3701895475387573	0.5473909378051758	0.29447776079177856	0.8951765894889832	0.43359264731407166	0.2685370147228241	0.49260884523391724	0.48386409878730774	0.6274799704551697	0.4854716956615448	0.5820146203041077	0.3700457811355591	0.5364105105400085	0.548819899559021	0.2909030616283417	0.42301416397094727	0.3788439929485321	0.30188602209091187	0.4416433274745941	1.1256978511810303	0.36376136541366577	0.26973769068717957	0.4581270217895508	0.36722251772880554	0.4482661187648773	0.3440096974372864	0.5193096399307251	0.5829923152923584	0.5159793496131897	0.341220498085022	1.0845065116882324	0.3275447487831116	0.808745265007019	0.6118367910385132	0.8783680200576782	0.5192300081253052	0.8282629251480103	0.8666555285453796	0.6528677344322205	1.0004278421401978	0.4108755886554718	1.1792433261871338	0.7742087841033936	0.3397245407104492	0.5030032992362976	0.24983397126197815	0.4487264156341553	1.0810524225234985	0.26316261291503906	0.45978230237960815	0.8548818230628967	0.6072350740432739	0.18195970356464386	0.9304577112197876	0.3379477262496948	0.9537608623504639	1.3570653200149536	0.30923014879226685	0.9857802391052246	0.6970001459121704	0.28769052028656006	0.23782843351364136	0.52513587474823	0.6342229843139648	0.6826345324516296	0.47225525975227356	0.10572447627782822	0.42212599515914917	0.2182588130235672	0.6221418380737305	0.6191807985305786	0.5836014151573181	0.17891161143779755	0.09071190655231476	0.356197327375412	0.6340980529785156	0.5884618163108826	0.3385457396507263	0.10217046737670898	0.9890605211257935	0.610352098941803	0.375616192817688	0.475567102432251	0.5127803087234497	0.24342124164104462	0.7043973803520203	0.8867847919464111	0.7104699611663818	0.3990747034549713	0.6825276613235474	0.4179830253124237	0.36750686168670654	0.39714962244033813	0.650545597076416	0.41447675228118896	0.22679534554481506	0.3112904727458954	0.2776600420475006	0.6541716456413269	0.3237617015838623	0.6240918636322021	0.28717976808547974	0.375020831823349	1.0529389381408691	0.9781336188316345	0.55352383852005	0.8123899698257446	0.9701204299926758	0.6508049368858337	0.3297881782054901	0.23459641635417938	0.5526265501976013	0.9744011163711548	0.3066539466381073	0.2058059573173523	0.3605809807777405	0.33824682235717773	0.6492775678634644	0.6326581239700317	0.7873338460922241	0.35042163729667664	1.0047909021377563	0.6888722777366638	0.20400367677211761	1.030051350593567	0.5758245587348938	0.2739814519882202	0.5049787759780884	0.6816408634185791	0.5274115800857544	0.636738657951355	0.6068257093429565	0.36997663974761963	0.728439450263977	0.6626229882240295	0.3229615390300751	0.9266613721847534	1.1777997016906738	0.2788638472557068	0.40212011337280273	0.48334839940071106	0.46239927411079407	0.5283183455467224	0.49580132961273193	0.9981611967086792	0.5536508560180664	0.2508073151111603	0.4726560711860657	0.7535015344619751	0.5503116846084595	1.1592669486999512	0.440856397151947	0.9309916496276855	0.4032001197338104	0.5689234137535095	0.4295693337917328	0.19581040740013123	0.7502424120903015	0.5126228332519531	0.5516238808631897	0.37914392352104187	0.28323033452033997	0.625999927520752	0.5215004682540894	0.7456700801849365	0.5182660222053528	0.721687376499176	0.2380637526512146	0.20166480541229248	0.40371304750442505	0.37890392541885376	0.35002487897872925	0.6348552107810974	0.24771669507026672	0.3222099244594574	0.6418028473854065	0.44313883781433105	0.8946810960769653	0.5639574527740479	0.5015520453453064	0.5361180305480957	0.8129867315292358	0.6775703430175781	0.4921698570251465	0.7233301401138306	0.8323230147361755	0.5057457089424133	1.0419368743896484	1.317716360092163	0.5695943832397461	0.6820142865180969	0.7267606854438782	0.3140091598033905	0.657639741897583	0.9105265140533447	0.3120918869972229	0.567423939704895	0.34301817417144775	0.45682987570762634	0.8988298773765564	0.21692529320716858	0.68306964635849	1.1008222103118896	0.3021475672721863	0.1705491542816162	0.6566523909568787	0.32220083475112915	0.5561248064041138	1.0952931642532349	0.27024325728416443	0.24045293033123016	0.49523767828941345	0.6944824457168579	0.5360751152038574	0.3031613528728485	0.2731451392173767	0.5157507658004761	0.6265223026275635	0.7306607961654663	0.5171026587486267	0.37870681285858154	0.6750229001045227	0.033462803810834885	0.2929508090019226	0.1749773919582367	0.930374264717102	0.021321121603250504	0.28151726722717285	0.7035537362098694	0.36540696024894714	0.321769118309021	0.290765643119812	0.43897953629493713	0.3473978638648987	0.6042624711990356	0.676544725894928	0.220265194773674	0.6586744785308838	0.23951172828674316	0.6781753897666931	0.6531237363815308	0.4390052556991577	0.5745627880096436	0.8483076095581055	0.21542717516422272	0.6464065909385681	0.7375448942184448	0.9284470081329346	0.46036088466644287	0.4126375615596771	0.11124197393655777	0.20231451094150543	0.21634656190872192	0.861504316329956	0.31295251846313477	0.7459768652915955	0.22245419025421143	0.5211430191993713	0.9375156760215759	0.7831851243972778	0.9816849231719971	0.4689585566520691	0.28320127725601196	1.0110814571380615	0.7154316306114197	0.22306442260742188	0.9997564554214478	0.6233724355697632	0.2948930859565735	1.7386057376861572	0.3141602873802185	0.5118029713630676	0.3395681083202362	0.6103357076644897	1.2851426601409912	0.655403733253479	0.22957567870616913	0.5598459243774414	0.5408830046653748	0.32135793566703796	0.46810102462768555	0.34299519658088684	0.6590410470962524	0.17390897870063782	0.43004852533340454	0.1177588701248169	0.4009731113910675	1.0107195377349854	0.9159594774246216	0.254660964012146	0.5360723733901978	0.39618968963623047	0.2321806401014328	1.4767712354660034	0.25357288122177124	0.38803622126579285	0.43200409412384033	0.4538947343826294	0.16446101665496826	1.0773305892944336	0.5849525928497314	0.21633794903755188	0.2326371967792511	1.0815201997756958	0.249993696808815	1.0742747783660889	0.32076817750930786	0.29881712794303894	0.6437750458717346	0.2829379737377167	0.6504502892494202	0.24530310928821564	0.4021557569503784	0.7563650608062744	0.7001854181289673	0.42071712017059326	1.1395900249481201	1.0420502424240112	0.19272902607917786	0.4768783450126648	0.4298544228076935	0.7385642528533936	0.7850762605667114	0.5663262605667114	1.0028645992279053	0.25008130073547363	0.4943278729915619	0.8288785815238953	0.2587857246398926	0.21377608180046082	1.1341701745986938	0.18498921394348145	0.3957602381706238	0.25941503047943115	0.6807737350463867	1.3484381437301636	1.0724095106124878	0.6644262075424194	0.40258580446243286	0.27128326892852783	0.26022273302078247	0.7600879669189453	0.6685915589332581	0.5058587789535522	0.26862668991088867	0.7692764401435852	0.45270755887031555	0.5107007026672363	0.7221181392669678	0.42738577723503113	0.3781452775001526	0.21210144460201263	0.4380320906639099	0.3694652020931244	0.6531363129615784	0.4892444610595703	0.8114911317825317	0.5418297052383423	0.48458075523376465	0.6283488273620605	0.4304426610469818	0.15354301035404205	0.6661128401756287	0.725679337978363	0.3429294526576996	0.5703862905502319	0.2743428647518158	0.3927248418331146	0.20701366662979126	0.5313411951065063	0.4315488934516907	0.5880690813064575	0.35147061944007874	0.433296263217926	0.28410884737968445	0.7507526278495789	0.5743825435638428	0.1785215586423874	0.31886792182922363	0.9078914523124695	0.4267806112766266	0.7178738117218018	0.43594127893447876	0.7770610451698303	0.758792519569397	0.7579218149185181	0.37370625138282776	0.07003553956747055	0.2480277121067047	0.34296301007270813	0.34756749868392944	0.6850705146789551	0.43497151136398315	1.2274820804595947	0.6744235754013062	1.059507131576538	0.5969887971878052	0.771957278251648	0.4988296329975128	0.682025134563446	0.447072833776474	0.5080157518386841	0.6592379808425903	0.26828479766845703	0.8662782907485962	0.3900563418865204	0.7991406917572021	0.6101914644241333	0.30659914016723633	0.3493157923221588	1.0821375846862793	0.3924928903579712	0.7312525510787964	0.6935520768165588	0.8323708176612854	0.21264906227588654	0.6228914260864258	0.67182457447052	0.39375725388526917	0.23477831482887268	0.4957077205181122	0.2802583873271942	0.06840836256742477	0.7049741744995117	0.3086836636066437	0.6961331367492676	0.40594229102134705	0.37267184257507324	0.41775059700012207	0.7015095353126526	0.5110601186752319	0.9199725985527039	0.6049148440361023	0.7788100242614746	0.8949908018112183	0.7543368935585022	0.6747820973396301	0.24169912934303284	0.8197171092033386	0.29120713472366333	0.7515649199485779	0.5100715160369873	0.40731164813041687	0.722244381904602	0.7047515511512756	1.142932653427124	0.7176616787910461	0.38249924778938293	0.34891024231910706	0.6879896521568298	0.5358734130859375	0.2948992848396301	0.5008798241615295	0.4646015465259552	0.6514594554901123	0.612225353717804	0.31257686018943787	0.14453163743019104	0.562800407409668	0.5341275334358215	0.4204608201980591	0.5820629596710205	0.5152503848075867	0.2619714140892029	0.313968688249588	0.12461389601230621	0.38124382495880127	0.44691047072410583	0.49964258074760437	0.35112935304641724	0.8918564915657043	0.47299623489379883	0.39915233850479126	0.4743918478488922	0.7053548097610474	0.9155913591384888	0.3308989405632019	0.639715850353241	0.36295604705810547	0.6612157225608826	0.3741198778152466	0.3335312306880951	0.8226946592330933	0.2129279375076294	0.24024827778339386	0.8144574761390686	0.1679665595293045	0.5795208215713501	0.778889536857605	0.332544207572937	0.9460940957069397	0.18379157781600952	0.3359483778476715	1.1699306964874268	0.5029255747795105	0.43157485127449036	0.3384301960468292	0.6503211259841919	0.48910248279571533	0.5722224116325378	0.37028515338897705	0.6430092453956604	1.0647907257080078	0.2559540867805481	0.04718577116727829	0.3146476149559021	0.5134670734405518	0.5822437405586243	0.5086528062820435	0.13716599345207214	0.3523404598236084	0.6213279366493225	1.2001789808273315	0.9652708768844604	0.8392059803009033	0.6647395491600037	0.4680975377559662	0.49117958545684814	1.709110975265503	0.6436234712600708	0.5216341614723206	0.9588961601257324	0.5288901329040527	0.19738957285881042	0.42679867148399353	0.5807926654815674	0.5937172174453735	0.7376649975776672	0.7941877245903015	0.3611659109592438	0.543502688407898	0.45028766989707947	0.36661869287490845	0.8691380620002747	1.2990713119506836	1.4411745071411133	0.07988950610160828	0.9174708724021912	0.15302346646785736	0.6523442268371582	0.6186427474021912	0.1890396922826767	0.6128430366516113	0.5563259124755859	0.2872386872768402	0.6466640830039978	0.9352591037750244	1.8655765056610107	0.37637028098106384	0.8456157445907593	1.0658440589904785	0.215727299451828	0.291588693857193	0.2741776406764984	0.4607727825641632	1.112173318862915	0.6584203243255615	0.465285062789917	0.2901468873023987	0.7881826162338257	0.3896176815032959	0.3423694968223572	1.1033523082733154	1.340470314025879	0.38837990164756775	1.2665472030639648	0.6359424591064453	0.5056365728378296	0.22109150886535645	0.5748390555381775	0.638701319694519	0.9717912077903748	0.4620359241962433	0.6256080865859985	1.2572497129440308	0.8293986916542053	0.5598325729370117	0.24330633878707886	0.41360896825790405	0.672153115272522	0.8240985870361328	1.1007468700408936	0.2453487515449524	0.8879153728485107	0.5141996145248413	0.3400115966796875	0.9555243849754333	0.5149945616722107	0.5623340606689453	0.7619860768318176	0.4549340307712555	0.5042339563369751	0.18290776014328003	0.27931177616119385	0.753581166267395	0.3854542374610901	0.7248714566230774	0.637061595916748	1.1104300022125244	0.4455617368221283	0.4401565492153168	0.6406700611114502	0.5766145586967468	0.4432295858860016	0.21473397314548492	0.6844307780265808	0.43083375692367554	0.5908616185188293	0.8229565620422363	0.32792752981185913	0.37090128660202026	0.35891884565353394	0.3407328128814697	0.40846601128578186	0.8901132941246033	0.7182385921478271	0.7498878240585327	0.4228256940841675	0.23025764524936676	0.27518510818481445	0.28360462188720703	0.5211184620857239	0.5759679079055786	0.3725455403327942	0.2478913962841034	0.7241223454475403	0.6719618439674377	0.40274685621261597	0.6729681491851807	0.5972694158554077	0.6345056295394897	0.45637190341949463	0.4773905873298645	0.7300400137901306	0.378337562084198	0.5427253246307373	0.6665711402893066	0.3775911331176758	0.29442140460014343	1.2691047191619873	0.5059791207313538	0.5744566321372986	0.5246382355690002	0.5130980610847473	0.6716259121894836	0.6513762474060059	1.0427610874176025	0.1809210479259491	0.5961061716079712	0.36577457189559937	0.31602686643600464	0.4014573395252228	0.47278374433517456	0.34500446915626526	0.596514105796814	0.5087158679962158	0.7291207909584045	0.8816541433334351	0.18751448392868042	0.33126458525657654	0.1979168802499771	0.8995121121406555	0.456592321395874	0.28497040271759033	0.6685032248497009	0.8451671600341797	0.44622018933296204	0.7486944794654846	0.779414713382721	0.35303035378456116	0.7889384031295776	1.2060654163360596	0.41965004801750183	1.2072317600250244	0.3157127797603607	0.43848058581352234	0.5665164589881897	0.3572545647621155	0.289270281791687	0.3670578598976135	0.5524753332138062	0.334237664937973	0.45965179800987244	0.7210531234741211	0.324590802192688	0.23859573900699615	0.5669766664505005	0.7976378202438354	0.45589330792427063	1.1295671463012695	0.27682480216026306	0.43191272020339966	0.31613531708717346	0.4858286380767822	0.6563171148300171	0.3455422520637512	0.4079975187778473	0.9083477854728699	0.3495921194553375	0.8285760283470154	1.1291090250015259	0.536868155002594	0.5739805698394775	0.3214055597782135	0.5909572243690491	0.45536988973617554	0.865166187286377	0.390212744474411	0.26318585872650146	0.502106249332428	0.5008488893508911	0.7727479338645935	0.2079232633113861	0.5950965881347656	0.9582894444465637	0.6197537183761597	0.5373125672340393	0.8258669376373291	0.37843888998031616	0.9355804920196533	0.31016942858695984	0.3333013355731964	0.9381059408187866	0.26251524686813354	0.9173355102539062	0.6946860551834106	0.7249733805656433	0.8102607727050781	0.3312837779521942	0.49226102232933044	0.19444116950035095	0.4188091456890106	0.7163660526275635	0.8270232677459717	0.537864625453949	0.16112491488456726	0.3001152276992798	0.32873377203941345	0.4100895822048187	0.6935706734657288	0.2388400137424469	1.2458820343017578	0.5026749968528748	0.8903759121894836	1.0208323001861572	0.556976318359375	0.4952279329299927	0.6562060117721558	0.5078836679458618	0.9006273746490479	0.2928205728530884	0.7097576260566711	0.23031899333000183	0.46150845289230347	0.5865859985351562	0.38156384229660034	1.0682796239852905	0.42480045557022095	0.5048195123672485	0.5749568343162537	0.09177140891551971	0.44323089718818665	0.19335058331489563	0.2239064872264862	0.7676635980606079	0.712916910648346	0.6744621992111206	0.6856691837310791	0.42422032356262207	0.42900922894477844	0.7731866240501404	0.8482623100280762	0.5014519691467285	0.8426818251609802	0.1763162761926651	0.27404990792274475	0.1412152647972107	0.7165588140487671	0.795853853225708	1.1935627460479736	0.7637673020362854	0.20541289448738098	0.5122772455215454	0.2761884927749634	0.6514793634414673	0.4847983419895172	0.201582133769989	0.38183921575546265	0.38955608010292053	0.6299002170562744	0.28615835309028625	0.3664536774158478	0.7195042371749878	0.3309626579284668	0.8102465271949768	0.6849337220191956	0.3878294825553894	0.22423169016838074	0.43780630826950073	0.6083203554153442	0.2623482048511505	0.8367414474487305	0.2605280578136444	0.20389831066131592	0.8430891036987305	0.30830612778663635	0.5292567014694214	0.354950487613678	0.5722099542617798	0.6496739983558655	0.15756715834140778	0.6012855768203735	0.3742609918117523	0.5345733761787415	0.740380048751831	0.7015026211738586	0.5793171525001526	0.5853524208068848	0.4410492479801178	0.3414318561553955	0.45887255668640137	0.41758477687835693	1.008845329284668	0.1166846752166748	0.3892818093299866	0.4456448554992676	0.5694187879562378	0.14160461723804474	0.7507858276367188	0.763407826423645	0.5618679523468018	0.6789140701293945	0.2995896339416504	0.4173072576522827	0.6014225482940674	0.3971826732158661	0.8594774603843689	0.813636064529419	0.43988513946533203	0.33530566096305847	0.6115427017211914	0.4436613619327545	0.17815306782722473	0.19310063123703003	0.6997107267379761	0.6996878385543823	0.8239728808403015	0.5024574398994446	0.6063714623451233	0.45861148834228516	0.8288701772689819	0.612473726272583	0.3805330693721771	0.6105868220329285	0.48936519026756287	0.4872725009918213	0.9142546057701111	0.22022560238838196	0.9100383520126343	0.2823517322540283	0.3571913242340088	0.3371415436267853	1.1864268779754639	0.8453609347343445	0.6538188457489014	0.4267418682575226	0.21944700181484222	0.2755412757396698	0.38538408279418945	0.5993660688400269	0.48729899525642395	1.0309208631515503	0.3300752639770508	0.5968688726425171	1.1431461572647095	0.434413343667984	0.6030429601669312	0.5845054984092712	0.20729154348373413	0.5804134607315063	0.1988707184791565	0.44210270047187805	0.512424647808075	0.1411498785018921	0.36316603422164917	0.40655991435050964	1.289804220199585	0.7316243648529053	0.5126429200172424	0.3646489977836609	0.18037988245487213	0.3742690086364746	0.37630507349967957	0.32306957244873047	0.17635402083396912	0.1823187619447708	0.2774752080440521	0.35248667001724243	1.056512713432312	0.26861730217933655	1.0832326412200928	0.3380821943283081	0.23403042554855347	0.6914971470832825	0.4504360556602478	0.6363111734390259	0.19810794293880463	1.4629695415496826	0.8011499643325806	0.5862492322921753	0.6599368453025818	0.61106276512146	0.8228169679641724	0.008214523084461689	0.5246891975402832	0.31537455320358276	0.335793673992157	0.8352009654045105	0.4215112328529358	0.6290667653083801	0.5063908100128174	0.5655708312988281	0.5315195918083191	0.43254464864730835	0.327215313911438	0.6853777766227722	0.311553031206131	0.4715396463871002	0.24093934893608093	0.45512890815734863	0.4875965714454651	0.8477159142494202	0.5006785988807678	0.24566830694675446	0.2808237671852112	0.25214052200317383	0.4042861759662628	0.44385677576065063	0.4993686378002167	0.588927149772644	0.25662386417388916	0.2103615552186966	0.7787026762962341	0.4322468340396881	0.4140631854534149	0.630390465259552	0.5938988924026489	0.5124255418777466	0.9054687023162842	0.5428435802459717	0.18877315521240234	0.36303621530532837	0.5020962357521057	0.7739083766937256	0.4742676615715027	0.8107866048812866	0.5123676061630249	0.8528156280517578	0.6855361461639404	0.5095747709274292	1.080330491065979	0.6136605739593506	0.7860057950019836	0.4615694582462311	0.9202939867973328	0.548815131187439	0.45942452549934387	0.22178085148334503	0.6328817009925842	0.9518646001815796	0.2599186897277832	0.26590386033058167	0.4427066743373871	0.44462090730667114	1.183133602142334	0.37141677737236023	1.0057162046432495	0.8339115977287292	0.7460260987281799	0.3048078119754791	0.34334221482276917	0.14803417026996613	0.18897084891796112	0.5602771043777466	0.6964078545570374	1.498945713043213	0.6330276727676392	0.8452378511428833	0.4745881259441376	0.49565887451171875	0.5705579519271851	0.6587693691253662	0.4501752257347107	0.33123254776000977	0.21377567946910858	0.7435526251792908	0.75706547498703	0.13271674513816833	0.6044599413871765	0.7589572072029114	0.5308856964111328	0.661979079246521	0.24762484431266785	0.625532865524292	0.45932671427726746	0.4682149589061737	0.6285393238067627	0.652278482913971	0.42361244559288025	0.5707929730415344	0.5918594002723694	1.3966089487075806	0.5271487832069397	0.7617270350456238	1.1662211418151855	0.7173159718513489	0.3409680724143982	0.30337879061698914	0.6640095710754395	0.8882424235343933	0.6102455258369446	1.0541468858718872	0.5220606923103333	0.17533473670482635	0.18824458122253418	0.6325642466545105	0.07731834053993225	0.38009700179100037	1.1328861713409424	0.2982231378555298	0.6123427152633667	0.16806675493717194	0.6400891542434692	0.5396541357040405	0.3770385682582855	0.6601293683052063	0.36520758271217346	0.36423221230506897	0.3132220506668091	0.469588041305542	0.5043504238128662	0.7479188442230225	0.3285391628742218	0.5184570550918579	0.5873525142669678	0.4076470136642456	0.5355983972549438	0.46610403060913086	0.479942262172699	0.350604385137558	0.6060436964035034	0.4847196042537689	0.3661179542541504	0.29475027322769165	0.417889803647995	0.8571362495422363	0.3032313287258148	0.7331599593162537	0.2545728087425232	0.3929831087589264	0.40419870615005493	1.0683095455169678	0.5672058463096619	0.6677704453468323	0.4333576261997223	0.6419708132743835	0.5540223717689514	0.8339213132858276	0.45534002780914307	0.4632268249988556	0.6420885920524597	0.32842135429382324	0.873273491859436	0.6451199054718018	0.5048809051513672	0.7446581721305847	0.4479965269565582	0.29609107971191406	0.2628537714481354	0.5068495869636536	0.7389551997184753	0.53889399766922	0.7719283699989319	0.326091468334198	0.44463956356048584	0.3064245879650116	0.6780047416687012	0.6891592741012573	0.83945631980896	0.1753905862569809	0.5293055176734924	0.5764797329902649	0.6155532598495483	0.38017457723617554	0.7056125402450562	0.6962157487869263	0.3826684355735779	0.2317359298467636	0.6555217504501343	0.5042425394058228	0.24603155255317688	0.7324634790420532	1.1668063402175903	0.14520664513111115	0.5428028106689453	0.21564507484436035	0.6552829742431641	0.46041882038116455	0.4199601709842682	0.6057900190353394	0.4293394982814789	0.6802242994308472	1.3661011457443237	0.10329218208789825	1.1744627952575684	0.24107956886291504	0.8063613176345825	0.7438507080078125	0.7411226630210876	0.11753323674201965	0.8865993022918701	0.7112573385238647	0.44607701897621155	0.13074825704097748	0.29029402136802673	0.5536646842956543	0.4945690631866455	0.5918793678283691	0.24131685495376587	1.4356980323791504	0.7168028354644775	0.14988836646080017	0.5756109356880188	0.20345386862754822	0.3779047131538391	0.7264100909233093	0.5585534572601318	0.5519888401031494	0.4364841878414154	0.17410045862197876	0.7488300204277039	0.47019773721694946	0.5564423203468323	0.6422653794288635	0.6006118059158325	0.10849165171384811	0.4403030574321747	0.3335229158401489	0.6914288401603699	0.4328572452068329	0.807550847530365	0.26913464069366455	0.3483193814754486	0.9605803489685059	0.5513457655906677	0.6945487260818481	0.3507458567619324	0.537930428981781	0.4298553168773651	0.6967256665229797	0.3548092842102051	0.30451294779777527	0.8747233748435974	0.6853458881378174	0.5990073084831238	0.7004187703132629	0.879706621170044	0.13189664483070374	0.6060280799865723	0.38100719451904297	0.4866500198841095	0.274492084980011	0.52808678150177	1.153361439704895	0.5415992736816406	0.8036501407623291	0.20618632435798645	0.07110296934843063	0.37428420782089233	0.2162548154592514	0.9142719507217407	0.20231488347053528	0.5524525046348572	0.4987744987010956	0.5058797001838684	1.112123966217041	0.49058952927589417	0.9531090259552002	0.2315666377544403	0.6726561784744263	0.5414413809776306	0.5093266367912292	0.43687036633491516	0.4659308195114136	0.549828052520752	0.5988617539405823	0.8491075038909912	0.5229732394218445	0.4609329402446747	0.8175057172775269	1.139523983001709	0.2066785842180252	0.3795887231826782	0.25785163044929504
0.0	0.5827817916870117	0.32836270332336426	0.8870754837989807	0.08146220445632935	0.22010867297649384	0.22424352169036865	0.7317297458648682	0.0	0.37033799290657043	0.015749163925647736	0.7582247257232666	0.8266201615333557	0.3645258843898773	0.45290839672088623	0.3344055414199829	0.6208105683326721	0.005365230143070221	0.27990245819091797	0.4066390097141266	0.9923340082168579	0.43607044219970703	0.9462109804153442	0.7264063358306885	0.3089713752269745	0.27333158254623413	1.1270289421081543	0.7206754684448242	1.0132310390472412	0.43067899346351624	0.3393266797065735	0.3194497525691986	0.7744818925857544	0.7122244238853455	0.2574966251850128	0.15814216434955597	0.7507301568984985	0.7001821994781494	0.5905103087425232	0.769082248210907	0.6565715074539185	0.6967760920524597	0.19004639983177185	0.6886282563209534	0.30499204993247986	0.4317600429058075	0.17283357679843903	0.7435952425003052	0.6127707958221436	0.8420915603637695	0.0376371406018734	0.3357771635055542	0.6033403873443604	0.7464485168457031	0.4239481985569	0.4222605228424072	0.5389624834060669	1.0865037441253662	0.7274553179740906	0.8849347829818726	0.2970801889896393	0.07548513263463974	0.915730357170105	0.7555018067359924	0.26339399814605713	0.4279181957244873	0.10807518661022186	0.7587589025497437	0.41320908069610596	0.6888623237609863	0.264892578125	0.49680423736572266	0.5387548804283142	0.8580183386802673	0.40931564569473267	0.5930280685424805	0.19949623942375183	0.38587453961372375	0.3991788625717163	0.6663590669631958	0.43166032433509827	0.5287454724311829	0.2749975621700287	0.16947224736213684	0.568636953830719	0.38926684856414795	0.3126285970211029	0.1114683598279953	1.1985487937927246	0.07684821635484695	0.676425576210022	0.14735224843025208	0.4873881936073303	0.43274131417274475	0.4773857891559601	1.1005281209945679	0.9657111167907715	0.5894264578819275	0.2933465838432312	0.5015233755111694	0.8224020600318909	1.0484185218811035	0.3502214550971985	1.2276288270950317	0.9596213698387146	0.656069815158844	0.5157375931739807	1.3758150339126587	0.9661651849746704	0.7020156383514404	0.25599101185798645	1.0200825929641724	0.25238656997680664	0.965894877910614	0.7580004334449768	0.35432320833206177	0.42641860246658325	0.010042950510978699	0.8390033841133118	0.3444371521472931	0.5593754053115845	0.490645170211792	0.5196889042854309	0.8314224481582642	0.9617437124252319	0.8209944367408752	0.237839937210083	0.462207555770874	0.39564400911331177	1.1304937601089478	0.3845985233783722	0.4771427810192108	0.4506596624851227	0.2414778172969818	0.22976765036582947	0.686060905456543	0.16113679111003876	0.8193266987800598	0.2141316831111908	0.27766865491867065	0.434743732213974	0.2979031801223755	0.489256352186203	0.249856099486351	0.6002919673919678	0.8382489085197449	0.04303734749555588	0.1380685269832611	0.018113430589437485	0.3316122591495514	0.3884122371673584	0.29567745327949524	0.4420264959335327	0.4560996890068054	0.16532637178897858	0.7837892770767212	0.8434551954269409	0.5450863242149353	0.6039419174194336	0.40644487738609314	0.07722893357276917	0.7003915905952454	0.3393552303314209	0.4702571928501129	0.1254027634859085	0.6439390778541565	0.5564028024673462	0.4673689603805542	0.9481572508811951	0.6775685548782349	0.07534490525722504	0.3941326439380646	0.8737650513648987	0.07594174891710281	0.38595303893089294	0.4501146674156189	0.25003302097320557	0.8305902481079102	0.6514566540718079	0.12863929569721222	0.6396880149841309	0.14495743811130524	0.22485783696174622	0.5663731694221497	0.5206593871116638	0.6928962469100952	0.6131181716918945	0.26193296909332275	0.0	1.2248231172561646	0.0779184103012085	0.17832262814044952	0.9176151752471924	0.6224037408828735	0.1624137908220291	0.0	0.857632040977478	0.2862870693206787	1.065381646156311	0.5211938619613647	0.5060243606567383	0.6812647581100464	0.14930307865142822	0.48546651005744934	0.2687011659145355	1.2290306091308594	0.5843239426612854	0.3275962173938751	0.6984613537788391	0.5590208768844604	0.5620440244674683	0.05827152729034424	0.3224993348121643	0.6129696369171143	0.029469884932041168	0.6394855380058289	0.6880133152008057	0.8860325217247009	0.412929505109787	0.7762320041656494	0.22092221677303314	0.3466503322124481	0.5596596002578735	0.46411800384521484	0.6022866368293762	1.0377609729766846	0.20669429004192352	0.8979964852333069	0.4226500988006592	0.10173557698726654	0.4030253291130066	0.5930511951446533	0.7094188928604126	1.0215479135513306	1.0191640853881836	0.22867435216903687	0.26805248856544495	0.525067925453186	0.23383980989456177	0.30853837728500366	0.42983564734458923	0.4526287913322449	1.2922041416168213	0.2724655866622925	0.2733059227466583	0.6982901692390442	0.02609150856733322	1.216174840927124	0.22043099999427795	0.597541332244873	0.9099627733230591	1.1073837280273438	0.932780921459198	0.580668568611145	0.3005827069282532	0.7773263454437256	1.0871001482009888	0.03078983724117279	0.3723165988922119	0.5553736090660095	0.6002704501152039	1.281277060508728	0.08055959641933441	0.3820115923881531	0.6700990796089172	0.4841250479221344	0.8368242979049683	0.2852317988872528	0.7726660370826721	0.20526178181171417	0.5169498324394226	1.007792353630066	0.04917563125491142	0.3917730152606964	0.5802551507949829	0.20585423707962036	0.429388165473938	0.6351728439331055	1.0200741291046143	1.11943519115448	0.5381815433502197	0.5087831616401672	0.6863697171211243	0.21756300330162048	0.5356215834617615	0.829815685749054	0.5998793840408325	0.5126542448997498	0.7862098813056946	0.31794995069503784	0.3780439496040344	0.7013074159622192	0.6196356415748596	0.5980402231216431	0.29637664556503296	0.10831306129693985	1.318394422531128	0.447052925825119	0.4497135281562805	0.023921441286802292	0.3554845154285431	0.41573426127433777	1.1442749500274658	0.7474481463432312	1.049115777015686	0.27097025513648987	0.7648822665214539	0.8896447420120239	0.3456292152404785	0.6518292427062988	1.0081952810287476	0.9345381259918213	0.08552470803260803	0.3263237774372101	0.017270047217607498	0.4712560474872589	0.35184216499328613	0.35869288444519043	0.34389838576316833	0.05660167336463928	0.9116944074630737	0.36196383833885193	0.6195106506347656	0.5653717517852783	0.585112988948822	0.2826332449913025	0.7620823383331299	1.3368229866027832	0.23406951129436493	0.5803477764129639	0.7825024724006653	0.5822881460189819	0.09258390218019485	0.4089496433734894	0.8715682029724121	0.12287575006484985	1.0386883020401	0.5970971584320068	0.5286462306976318	0.48268675804138184	0.13967560231685638	0.3358090817928314	0.4634017050266266	0.35839754343032837	0.3848886489868164	0.7295777797698975	0.521093487739563	0.37441787123680115	0.9101881980895996	0.3206849694252014	0.15141355991363525	0.7512935996055603	0.33624622225761414	0.514017641544342	0.06369270384311676	0.3578375577926636	0.5656973123550415	0.05868135765194893	0.44939443469047546	0.3486756384372711	0.5688464641571045	0.8295661211013794	0.38986438512802124	0.28359702229499817	0.25529420375823975	1.06455397605896	0.20899170637130737	0.020391112193465233	0.4945233166217804	0.4808468520641327	0.23713520169258118	0.8365561962127686	0.3309208154678345	1.1673312187194824	0.6751210689544678	0.4659000039100647	0.13332468271255493	0.913733720779419	0.054982058703899384	0.39098605513572693	0.32212647795677185	0.5247529745101929	0.45071688294410706	0.7267342805862427	0.426726758480072	0.38493624329566956	0.6616266965866089	0.39190205931663513	0.5168351531028748	0.2794836759567261	0.2880590558052063	0.10196182876825333	0.821124255657196	0.0758398100733757	1.0259376764297485	0.9846071004867554	1.0160714387893677	0.578489363193512	0.4456332325935364	0.05092206597328186	0.6190296411514282	0.26908957958221436	0.38052648305892944	0.8560174107551575	0.60810786485672	0.5094611048698425	0.26957154273986816	0.46259957551956177	0.30917561054229736	0.32330557703971863	0.5240489840507507	0.15637566149234772	0.8153395056724548	0.6945748925209045	0.623371422290802	0.8577534556388855	0.4144318997859955	0.7392990589141846	0.5944926142692566	0.9618364572525024	0.23226583003997803	0.6065833568572998	1.1151180267333984	0.3350493907928467	0.9359991550445557	0.7204368114471436	0.9213845729827881	0.779129147529602	0.2762635350227356	0.8525952696800232	0.8389050960540771	0.9891183972358704	0.6582947969436646	0.8722096681594849	0.5383714437484741	0.48730480670928955	0.5266675353050232	0.21047422289848328	0.46462616324424744	0.27486246824264526	0.6065518856048584	0.6514115929603577	1.526565432548523	1.3743138313293457	0.1593204289674759	0.5248205661773682	0.8007033467292786	0.98305743932724	0.5250141620635986	0.7353061437606812	0.6655079126358032	0.12088005989789963	0.1098170280456543	0.12498065829277039	0.44459420442581177	0.2885327935218811	0.10654735565185547	0.27971240878105164	0.6891672611236572	0.9005781412124634	0.8575372099876404	0.4051406681537628	0.16775931417942047	0.20188340544700623	0.3338829576969147	0.8557604551315308	1.025350570678711	0.3642759621143341	0.26513785123825073	0.7323608994483948	0.45614075660705566	1.0520720481872559	0.09027400612831116	0.12611226737499237	0.42003098130226135	0.19409838318824768	0.8369888067245483	0.8696664571762085	0.8757069706916809	0.3917745053768158	1.132921814918518	0.20298562943935394	0.9718132615089417	1.2223782539367676	0.2675710618495941	0.8393979072570801	0.22410303354263306	0.8907350897789001	0.28203079104423523	0.24988992512226105	0.6736289262771606	0.5675501823425293	0.9443322420120239	0.29014092683792114	0.4626883566379547	0.5452734231948853	0.20616279542446136	0.4400489926338196	0.24844147264957428	0.5847283601760864	0.1490502804517746	0.3005528450012207	0.6930187940597534	0.4659605026245117	0.0	0.6097387075424194	0.11362286657094955	0.17490407824516296	0.2709519565105438	0.4348829686641693	0.384860098361969	0.8036297559738159	0.2922138571739197	1.0524905920028687	0.46579521894454956	0.5296472907066345	0.5186014175415039	0.39363229274749756	0.758198618888855	0.6562957763671875	0.6832605600357056	0.02438218519091606	0.875329852104187	0.9567566514015198	0.5503504872322083	0.4867059290409088	1.161434531211853	0.2353193610906601	1.1256507635116577	0.6744673252105713	1.0775469541549683	0.3518970012664795	0.46540823578834534	1.5665782690048218	0.7559852004051208	0.3922015428543091	0.25661641359329224	0.8671846389770508	0.27603310346603394	0.42830926179885864	0.5339463949203491	0.9093189239501953	0.6738636493682861	0.9541537761688232	0.3748083710670471	0.2309139519929886	0.22311392426490784	0.3209986686706543	0.8125939965248108	0.03105560690164566	1.0729210376739502	0.8199326395988464	0.47791212797164917	0.1866476833820343	0.11067300289869308	0.3384805917739868	0.47678545117378235	0.808276891708374	0.15982244908809662	0.4780482053756714	0.2341211438179016	0.015548624098300934	0.1852840930223465	0.5087926387786865	0.8871256113052368	0.32510823011398315	0.013453146442770958	0.24976089596748352	0.737445592880249	1.290824294090271	0.30258098244667053	0.5775988101959229	0.09071071445941925	0.2922608554363251	0.734724223613739	0.20649851858615875	0.21699215471744537	0.2752096652984619	0.20510998368263245	0.20236428081989288	0.320595920085907	0.16569064557552338	0.4058231711387634	0.6956085562705994	0.6144153475761414	0.7433543801307678	0.43123799562454224	0.5780463218688965	0.4936717748641968	0.6789578199386597	0.8315105438232422	0.8132451772689819	0.3768691122531891	0.6931325197219849	0.537619411945343	0.055624332278966904	0.14165452122688293	0.22777511179447174	0.3439501225948334	0.6229459047317505	0.5701419711112976	0.2999001145362854	0.5926297307014465	0.5484167337417603	0.19654352962970734	0.2755349576473236	0.2792418301105499	0.18421411514282227	0.6185333132743835	0.0746179148554802	0.27151355147361755	0.44628024101257324	0.909186065196991	0.9534715414047241	0.8121746778488159	0.4070741534233093	0.05765485391020775	0.4164019227027893	0.28062552213668823	0.6887708902359009	0.16720926761627197	0.911952793598175	0.6005567908287048	0.9331399202346802	0.709330141544342	0.5771027207374573	0.9804332256317139	1.0193936824798584	0.08447913080453873	0.6811695694923401	0.7460955381393433	0.21750906109809875	0.011426851153373718	0.0	0.3217250108718872	0.1525285840034485	0.8476009368896484	1.1520111560821533	0.3199164867401123	0.7245222330093384	0.13965535163879395	0.43819236755371094	0.09503374993801117	0.5672447681427002	0.13364277780056	0.5611598491668701	0.4329032897949219	0.18514549732208252	0.642815351486206	0.527482807636261	0.7685337662696838	0.03635271266102791	0.2783428132534027	0.3828449845314026	0.3610619306564331	0.5229936838150024	0.2752910554409027	0.30674245953559875	1.076718807220459	0.0	0.4673638939857483	0.37541285157203674	0.4061243236064911	0.2559942901134491	0.5944145917892456	0.8037099838256836	0.5189849138259888	0.2029772251844406	0.3581620156764984	0.34386470913887024	0.4850675165653229	0.45464345812797546	0.21631518006324768	1.08003830909729	0.04814017564058304	0.6503171920776367	1.0228805541992188	0.2595859467983246	0.9854165315628052	0.0337941013276577	0.44603511691093445	0.26202768087387085	0.30066049098968506	0.7507191300392151	0.6015403270721436	0.6674541234970093	0.7155917286872864	0.3982384204864502	0.8897756934165955	0.27894657850265503	0.8944240808486938	0.815791130065918	0.03956649452447891	0.676511287689209	0.11289072781801224	0.44067472219467163	0.3576973080635071	0.08591938763856888	0.3437350392341614	0.7349241375923157	1.1141072511672974	0.6575273275375366	0.4183287024497986	0.18833336234092712	0.37796810269355774	0.2762269377708435	1.1686797142028809	0.6906040906906128	0.6666731834411621	0.8561052083969116	0.8385728597640991	0.6332837343215942	0.06390414386987686	1.0132602453231812	0.29147282242774963	0.6777849197387695	0.7667129635810852	0.37653735280036926	0.7227242588996887	0.7715778350830078	0.5990087389945984	0.9178343415260315	0.612231433391571	0.7053223848342896	0.6701599955558777	0.795520544052124	0.09183607250452042	0.985105037689209	1.2343491315841675	0.35269278287887573	0.26786670088768005	0.11699987947940826	0.5500709414482117	0.39145806431770325	0.04680062457919121	0.4339441955089569	0.17889738082885742	0.7296127080917358	0.5843727588653564	0.15144145488739014	0.6973711252212524	0.12500958144664764	0.7962941527366638	0.3963836431503296	0.824527382850647	0.7329996228218079	0.47327953577041626	0.877906322479248	0.33576640486717224	0.8372703790664673	0.7165923714637756	0.46413344144821167	0.42507609724998474	0.10833990573883057	0.22855991125106812	0.2846046984195709	0.5986084938049316	0.876922070980072	0.6460077166557312	0.4846048057079315	0.5745753645896912	1.1109062433242798	0.19271887838840485	0.4762425422668457	0.333509236574173	0.212912455201149	0.34545180201530457	0.28701141476631165	0.5849232077598572	0.3313632011413574	0.6212458610534668	0.20793597400188446	0.5870385766029358	0.5585524439811707	0.21023356914520264	0.3343517780303955	0.802454948425293	0.4894033670425415	0.2513563334941864	0.46357855200767517	0.41624143719673157	1.0456173419952393	0.22613827884197235	0.43465766310691833	0.3361145555973053	0.5921528339385986	0.3553144931793213	0.3523648977279663	0.3302561938762665	0.6043159365653992	0.6332987546920776	0.3032201826572418	0.580122172832489	0.65191650390625	1.250390648841858	0.2353373020887375	0.21710237860679626	0.6626147031784058	0.28039732575416565	1.164020299911499	1.5245270729064941	0.41817471385002136	0.9168925881385803	0.47882020473480225	0.5854874849319458	0.4961008131504059	0.354084849357605	0.5850713849067688	0.9174849390983582	0.31629157066345215	1.0231750011444092	0.13917148113250732	0.7474344372749329	0.697218120098114	0.14580512046813965	0.5292300581932068	0.2497473508119583	0.6803008317947388	0.2576121389865875	0.2105526179075241	0.7607730627059937	0.5741387605667114	0.699631929397583	0.946537971496582	0.25444433093070984	0.7879993319511414	0.037786178290843964	0.31268176436424255	0.8175773620605469	0.41921788454055786	0.1418638825416565	0.7601947784423828	0.08756766468286514	0.7613124251365662	0.5522096157073975	0.23470012843608856	0.4162660241127014	0.5213199257850647	0.8637126088142395	0.02449500933289528	0.31427401304244995	0.48155146837234497	0.6150440573692322	0.580607533454895	0.8130722045898438	0.36240047216415405	0.3422962427139282	0.24641041457653046	0.3229634165763855	0.8650554418563843	0.664707362651825	0.25300371646881104	0.03126884996891022	0.4601030945777893	1.0045287609100342	0.22493362426757812	0.46686476469039917	0.6664977073669434	0.07712884992361069	0.1872842013835907	0.5055861473083496	0.3175579309463501	0.2817685604095459	0.260709285736084	0.3266712427139282	0.2844277322292328	0.4163714647293091	0.4222216010093689	1.0701724290847778	0.6235301494598389	0.3301035463809967	0.15826597809791565	0.2529495358467102	1.1801494359970093	0.37369251251220703	0.2918386161327362	0.3933483362197876	0.34742045402526855	0.24287596344947815	0.3443177044391632	0.5144138336181641	0.41255098581314087	0.2541202902793884	0.24608147144317627	0.1557263433933258	0.0701158195734024	0.18990638852119446	0.9463369250297546	0.8537647724151611	0.6210829615592957	0.0426611453294754	0.23595942556858063	0.32558485865592957	0.6253964304924011	1.2172119617462158	0.5963020324707031	0.23924686014652252	0.7106016874313354	0.37208330631256104	0.08207908272743225	0.3566979765892029	0.30268624424934387	0.9145617485046387	0.4636650085449219	0.28322434425354004	1.2744756937026978	0.37378910183906555	0.42003464698791504	0.12459181249141693	0.12469279766082764	0.8025067448616028	0.34114548563957214	0.7821443676948547	0.42908117175102234	0.9978590607643127	0.23353493213653564	0.8693199157714844	0.15182194113731384	0.2570383548736572	0.7101860642433167	0.48155713081359863	0.86427241563797	0.7281309962272644	0.7640690803527832	0.519273042678833	0.2623557448387146	0.49681228399276733	1.174035668373108	0.6659810543060303	0.5227224826812744	0.28556907176971436	0.8265882730484009	0.498386412858963	0.6405468583106995	0.17072445154190063	0.37565645575523376	0.34851017594337463	0.3838058114051819	0.5655903220176697	0.30185216665267944	0.22819720208644867	0.18019245564937592	0.24289512634277344	0.09455402940511703	0.32661470770835876	0.5048214793205261	0.10709822922945023	0.6691499948501587	0.6551658511161804	0.47720521688461304	0.03225916624069214	0.8024134039878845	0.04850508272647858	1.1303167343139648	0.4364212155342102	0.3810611665248871	0.4539946913719177	0.273844450712204	0.7817485332489014	0.7262560129165649	0.23166269063949585	0.5084596872329712	0.8288228511810303	0.6099022030830383	0.31016024947166443	0.2772308588027954	0.5417194366455078	0.6066477298736572	0.01586545817553997	0.3417838215827942	0.1473783403635025	0.3186246156692505	0.489046186208725	0.23678703606128693	1.1394567489624023	0.8984151482582092	0.3986212909221649	1.1091729402542114	0.9116080403327942	0.26920008659362793	0.9294863343238831	0.6839536428451538	0.3710293769836426	0.5359848737716675	0.2267940640449524	0.48526912927627563	0.21415486931800842	0.24297788739204407	1.1318694353103638	0.0	0.3739587664604187	0.7392167448997498	0.5025345683097839	0.645351767539978	0.9681692123413086	0.6496100425720215	0.545060396194458	0.15681108832359314	0.41595447063446045	0.5039851069450378	0.5586620569229126	0.3409822881221771	0.39169037342071533	0.26929590106010437	0.8461222052574158	0.48696452379226685	0.740138590335846	0.5916810631752014	1.228799819946289	0.3604474365711212	0.6076990962028503	0.4315390884876251	0.8012254238128662	0.39792487025260925	0.4713427722454071	1.3964054584503174	0.10823094844818115	0.8424757719039917	0.34647125005722046	0.5556634664535522	0.3255138397216797	1.0166141986846924	0.5937247276306152	0.3780168294906616	0.3052213788032532	0.014850839972496033	0.8097886443138123	0.33052629232406616	0.5911889672279358	0.47664889693260193	1.0446847677230835	0.8735102415084839	0.6010016798973083	0.20869067311286926	0.3205918073654175	0.44145914912223816	0.4308086335659027	0.511197566986084	0.09480384737253189	0.45217007398605347	0.45921072363853455	0.33525022864341736	0.9148198962211609	0.0008364591631107032	0.8816245794296265	0.5396426916122437	0.03177310898900032	1.1969856023788452	0.20810967683792114	0.8273636102676392	0.10620921105146408	0.022731252014636993	0.3064912259578705	0.5136412382125854	0.4870373606681824	0.9321869611740112	0.31482794880867004	0.8276705145835876	1.4553087949752808	0.3310941457748413	0.35412102937698364	0.5836114883422852	0.3940684199333191	0.5072242617607117	0.6055896282196045	0.42333507537841797	0.22349131107330322	0.7507106065750122	0.3448198735713959	0.44987866282463074	0.4343874454498291	0.1546063870191574	0.5972392559051514	0.6616840958595276	0.3643358647823334	0.1527620106935501	0.4751948118209839	0.4189474582672119	0.5277485847473145	0.648226797580719	0.2402653992176056	0.10587532818317413	1.1825944185256958	0.3665316104888916	0.03890404850244522	0.5521021485328674	0.16131456196308136	0.0	0.42329245805740356	0.17894583940505981	0.888460636138916	0.7264035940170288	0.24134492874145508	0.2868196666240692	0.7481392025947571	0.5337066054344177	0.15659736096858978	0.18064986169338226	0.5287189483642578	0.47726282477378845	0.755260705947876	0.346215158700943	0.016916444525122643	0.14350813627243042	1.0479296445846558	0.14796489477157593	0.7095445990562439	0.10175126045942307	0.6312788128852844	0.6532354354858398	0.17018359899520874	0.49623221158981323	0.6522759795188904	1.03281831741333	0.6484640836715698	0.884107232093811	0.32811635732650757	0.7983698844909668	0.035454608500003815	0.5807569026947021	0.7261226773262024	0.8544570207595825	0.3975925147533417	0.525097668170929	0.5610935688018799	0.38337498903274536	0.7067915201187134	1.0293031930923462	0.5499261021614075	0.08644247055053711	1.026771903038025	0.5906618237495422	0.8571465015411377	0.6057798862457275	0.5626606345176697	0.36864137649536133	0.3750597834587097	0.10354549437761307	0.2239721417427063	0.7402283549308777	0.25380846858024597	0.41391056776046753	0.22498783469200134	0.0066541461274027824	0.17530430853366852	0.5547343492507935	0.4085807800292969	0.5677555203437805	0.6310131549835205	0.6782417893409729	0.5849803686141968	0.663672924041748	0.6157400012016296	0.5843597054481506	0.17322704195976257	0.25190651416778564	0.9193627834320068	0.14630126953125	0.23765698075294495	0.891741156578064	0.017611799761652946	0.7197399735450745	0.3668740689754486	0.3329128921031952	0.941493570804596	0.20154424011707306	0.04294309765100479	1.24318265914917	0.56755530834198	0.6914700269699097	0.4880450367927551	0.011019093915820122	1.0029343366622925	0.2661428451538086	0.16030722856521606	0.7859820127487183	0.34884217381477356	0.19801652431488037	0.6656335592269897	0.44011712074279785	0.17887715995311737	0.4660395085811615	0.4395873546600342	0.5620438456535339	0.5184376835823059	0.18545952439308167	0.8230440616607666	0.5220062732696533	0.40622958540916443	0.5827970504760742	0.6215032935142517	0.7181761860847473	0.4181388020515442	0.21777749061584473	0.30688613653182983	0.24303176999092102	0.4156077802181244	0.5692231059074402	0.6369634866714478	0.4544523358345032	0.8438742160797119	0.5504061579704285	0.5631674528121948	0.4305877685546875	0.3671768307685852	0.031108031049370766	0.3431980311870575	0.42870011925697327	0.6487902998924255	0.6502159237861633	0.3484728932380676	0.15410102903842926	0.2941909432411194	0.7255427241325378	1.062191128730774	0.4275146722793579	0.661591649055481	0.05713030695915222	0.4761013090610504	0.023463357239961624	0.40440744161605835	0.7984398603439331	0.1647832989692688	0.058029454201459885	1.443787932395935	0.7155091762542725	0.5895448923110962	0.9439224004745483	0.7144723534584045	1.0000296831130981	0.11098869144916534	0.47259408235549927	0.6803902983665466	0.8179464340209961	0.7171838879585266	0.7456097602844238	0.35361823439598083	0.14738327264785767	1.1359416246414185	0.07820776104927063	0.5295092463493347	0.22763404250144958	0.24984069168567657	0.4907653033733368	0.892029345035553	0.4640374779701233	1.2073702812194824	0.19438323378562927	0.6075421571731567	0.6732295155525208	0.7112282514572144	0.8992816805839539	0.0	0.36304372549057007	0.3656246066093445	0.20834830403327942	0.5325706601142883	0.3958708345890045	0.6089014410972595	0.9566192626953125	0.22925296425819397	0.21521267294883728	0.823042631149292	0.21354898810386658	0.19333350658416748	0.1521986722946167	0.6186838746070862	0.35066428780555725	0.35176143050193787	0.8740448951721191	0.9501155614852905	0.9374712705612183	0.7256108522415161	1.1929785013198853	0.04908404126763344	0.4390745460987091	0.3780582845211029	1.4625715017318726	0.8423840403556824	0.47964274883270264	0.412497878074646	0.30756598711013794	0.7117952704429626	0.35483184456825256	0.04335020110011101	1.1850740909576416	0.2948227524757385	0.9429711103439331	0.4674863815307617	0.6119016408920288	0.1584033966064453	0.4009665846824646	0.5061540603637695	0.291340708732605	0.09624345600605011	0.7609930634498596	1.0844427347183228	0.2915719449520111	0.4517504870891571	0.4010179936885834	0.24190093576908112	0.4406278729438782	0.5188963413238525	0.2970486879348755	0.7413650155067444	0.7518457174301147	0.6750572323799133	0.6012124419212341	0.3052680194377899	0.5403701663017273	0.8980264067649841	0.14866241812705994	0.5857110023498535	0.9918757081031799	0.6241568326950073	0.6416448950767517	0.2589758634567261	0.78290855884552	0.6671590805053711	0.0	0.5782681703567505	0.8158764839172363	0.16278058290481567	0.6707064509391785	0.7671043276786804	1.0048811435699463	0.921188235282898	0.6250883340835571	0.6291046738624573	0.697506308555603	0.15411123633384705	0.8063944578170776	0.01773163117468357	0.3139178454875946	0.03397079184651375	0.27238720655441284	0.49797189235687256	0.030520305037498474	0.7416195869445801	0.5246811509132385	0.25122398138046265	0.294040709733963	0.9302870035171509	0.583092987537384	1.0737085342407227	0.5310943722724915	0.38147905468940735	0.8247963190078735	0.5728551149368286	0.31924042105674744	0.8019075989723206	1.2020140886306763	0.5705089569091797	0.3435826897621155	0.18306824564933777	0.4002552032470703	0.2594718039035797	1.0500587224960327	1.1548336744308472	0.4350290298461914	0.22737272083759308	0.7455192804336548	0.2033199816942215	0.6802988052368164	0.18542759120464325	0.4024865925312042	0.2798364460468292	0.19534248113632202	0.29546409845352173	0.241618812084198	0.6253100633621216	0.5359857678413391	0.4111802279949188	1.0602978467941284	0.03203042596578598	0.4345717430114746	0.25444453954696655	0.8176894783973694	1.0958276987075806	0.12201914936304092	0.11881076544523239	0.9545400142669678	1.384680151939392	0.19545304775238037	0.2545383870601654	0.39706340432167053	0.576657772064209	0.9502815008163452	0.3582514226436615	0.7057878971099854	0.4191417694091797	0.03658979386091232	0.5131197571754456	0.30258414149284363	0.19083233177661896	0.4710856080055237	0.46366482973098755	0.8430572748184204	0.5269446969032288	0.007292882073670626	0.005407471209764481	0.6260622143745422	0.08390538394451141	1.0872584581375122	0.15380816161632538	0.5281643271446228	0.9084129333496094	0.7784003019332886	0.4098474383354187	0.15268336236476898	0.02075568400323391	0.6827417016029358	0.6482998132705688	0.4483754634857178	0.11231104284524918	0.37066102027893066	0.10161568224430084	0.02320169284939766	0.840878963470459	1.0394304990768433	0.18769408762454987	0.2720983624458313	0.24546745419502258	0.7487411499023438	0.18780922889709473	0.8929384350776672	0.1567079871892929	0.01611064001917839	0.42796579003334045	0.7863661050796509	0.035678766667842865	0.28944697976112366	0.6256175637245178	0.39956414699554443	0.5678536891937256	0.12660959362983704	0.8095878958702087	0.7888323068618774	0.19815987348556519	0.5012208223342896	0.1584332287311554	0.934249758720398	0.8503297567367554	0.4275248646736145	0.8671368956565857	0.07810229063034058	0.6863924860954285	0.17049174010753632	0.11808332800865173	0.6379916667938232	0.4996737837791443	0.634497344493866	0.5963771343231201	0.7937836647033691	0.7181026339530945	0.07583349943161011	0.612192690372467	0.3936290740966797	0.08706042170524597	0.26160410046577454	1.482722520828247	0.2621614634990692	0.12484517693519592	0.5557900667190552	0.7516021728515625	0.7782213091850281	0.48274827003479004	0.18803127110004425	0.1747378706932068	0.7272448539733887	0.8142048716545105	0.4226531982421875	0.23406291007995605	0.12821410596370697	0.5412889719009399	0.592691957950592	0.18464988470077515	0.4623836278915405	0.44749870896339417	0.08786439895629883	0.33834338188171387	0.2571319341659546	0.7182285785675049	1.7275574207305908	0.9316601753234863	0.4347136914730072	0.2330446094274521	1.124149203300476	0.746422529220581	1.0319266319274902	0.832652747631073	0.23737020790576935	0.6760338544845581	0.6570150852203369	0.7629437446594238	0.3525591194629669	0.15727898478507996	0.7056342959403992	0.5228070616722107	0.6134582757949829	0.5161977410316467	1.9795926809310913	0.7820405960083008	0.41503438353538513	0.20433712005615234	1.2419064044952393	0.14048269391059875	0.5160567760467529	1.0350724458694458	0.0	0.2900061011314392	0.5401124358177185	0.1716272234916687	0.24014635384082794	0.9707472920417786	0.2750052511692047	0.4376837909221649	0.5727063417434692	0.3306748867034912	0.5461580753326416	0.13240455090999603	0.4158136248588562	0.5459553599357605	0.3911096751689911	0.9498170614242554	0.1986028552055359	0.3011753559112549	0.2915083169937134	0.7911936044692993	0.8657786250114441	0.9882923364639282	0.03513979911804199	0.43497371673583984	0.107234887778759	0.3093370795249939	0.55338454246521	0.2617136836051941	0.518619954586029	0.6304407715797424	0.49781322479248047	0.22591151297092438	0.45675554871559143	0.871678352355957	0.6190805435180664	0.9776588678359985	0.6881999969482422	0.729615330696106	0.9085068702697754	0.4386676847934723	0.6478541493415833	0.471778929233551	0.4770323932170868	0.3534359037876129	1.4938654899597168	0.6783872842788696	0.4013788104057312	0.7774460315704346	0.48710039258003235	0.5951094627380371	0.07350367307662964	0.03760428726673126	0.5865720510482788	0.25431644916534424	1.043768048286438	0.2982630729675293	0.15660780668258667	0.5015788674354553	0.824957013130188	0.09532538801431656	0.6889987587928772	0.35835859179496765	0.7608948349952698	0.3169536888599396	0.7987396717071533	0.44481316208839417	0.33483991026878357	1.7831547260284424	0.2632671296596527	0.420763224363327	0.7253671884536743	0.2584535479545593	0.0206284336745739	0.3294980227947235	0.4305317997932434	0.5752979516983032	0.049825891852378845	0.4178888201713562	0.3343205749988556	0.5525630712509155	1.0202709436416626	0.573157787322998	0.23502933979034424	0.5214298367500305	0.7080647945404053	0.5134442448616028	0.34706249833106995	0.18543407320976257	0.8866482377052307	0.3360251188278198	0.7190420627593994	0.07980098575353622	0.3753264248371124	0.0855412632226944	0.23865719139575958	0.7625570297241211	0.8590258359909058	0.41739267110824585	0.3232976496219635	0.8457823991775513	0.07419873774051666	0.5106312036514282	0.1929907500743866	0.5644341111183167	0.6202545762062073	0.7287029027938843	1.374467372894287	0.978765070438385	1.2187868356704712	0.9073195457458496	0.20357438921928406	1.0513781309127808	0.14124314486980438	0.9292293190956116	0.13337785005569458	0.8842835426330566	0.09633476287126541	0.22775238752365112	0.3656420111656189	0.28112471103668213	0.1455944925546646	0.28879237174987793	0.21566557884216309	0.6626262068748474	0.9572145342826843	0.3595636785030365	0.49498552083969116	0.6670198440551758	0.383967787027359	0.27245330810546875	0.4185072183609009	0.26789912581443787	0.24673646688461304	0.5643496513366699	0.3430832028388977	0.16434457898139954	0.9666516184806824	0.0023925304412841797	0.18696057796478271	0.7249895334243774	0.6125395894050598	0.6923692226409912	0.047458019107580185	0.5036417841911316	0.618842601776123	0.3094777762889862	0.38352420926094055	0.287394255399704	0.27151215076446533	1.235495686531067	0.0693981721997261	0.42181938886642456	0.4776637852191925	1.1760019063949585	0.32455357909202576	0.5978477597236633	1.0834921598434448	0.9778462052345276	1.0554635524749756	0.5254229307174683	0.10810144245624542	0.16479241847991943	0.2537587285041809	1.157563328742981	0.420718252658844	0.5751471519470215	0.5382592678070068	0.6350746750831604	0.17979775369167328	0.5830711126327515	0.3076552748680115	1.0897475481033325	0.1334322690963745	0.24586454033851624	0.5063994526863098	0.9560220241546631	0.3296867907047272	0.11464816331863403	0.3790689706802368	0.733467698097229	0.5700244903564453	0.2996852695941925	0.449579656124115	0.6469193696975708	0.21382784843444824	1.2209874391555786	0.04885376989841461	0.2947477698326111	0.6218729615211487	0.327564001083374	0.9670709371566772	0.39375561475753784	0.712142288684845	0.814451277256012	0.11236271262168884	0.5028190016746521	0.31969189643859863	0.28478091955184937	0.5906184315681458	0.35219594836235046	0.5139548778533936	0.4208531379699707	0.22997649013996124	0.5530812740325928	0.42814093828201294	0.35164234042167664	0.024947192519903183	0.30191442370414734	1.114909291267395	0.4861941635608673	0.7090840339660645	0.7173761129379272	0.5235655307769775	0.002351626753807068	0.10128925740718842	0.18849703669548035	0.5778692364692688	0.49233707785606384	0.3555324375629425	0.29872313141822815	0.25132957100868225	0.08512170612812042	1.6961488723754883	0.31766343116760254	0.7643333077430725	0.6636391282081604	0.7738509178161621	0.1902051419019699	0.3005332946777344	0.2266158014535904	0.233216792345047	0.7795978784561157	0.5939089059829712	0.8057630062103271	0.09403518587350845	0.5924330353736877	0.5450714230537415	0.2394959032535553	1.1671937704086304	0.6530702114105225	1.3152903318405151	0.4194580912590027	0.22123275697231293	0.38671448826789856	0.39737337827682495	0.9603662490844727	0.7500653862953186	0.1470508724451065	0.3784542679786682	0.6339924931526184	0.312796413898468	0.46408596634864807	0.6737370491027832	0.29418694972991943	0.49428775906562805	0.8896677494049072	0.379314124584198	1.0244005918502808	0.38831281661987305	0.5170057415962219	0.4504646360874176	0.9929128885269165	0.4672674834728241	0.1017828956246376	1.1366312503814697	0.7002032995223999	0.8979520797729492	0.19281575083732605	0.4879196286201477	0.2398279905319214	0.4596979022026062	0.6062912940979004	0.9950871467590332	0.44156619906425476	0.4900125563144684	0.5233365893363953	0.7598350048065186	0.646106481552124	0.2834581732749939	0.3269144892692566	0.8734946250915527	0.9888203144073486	0.4327404499053955	0.15904177725315094	0.8031938672065735	0.3362140953540802	0.2921869158744812	1.0629093647003174	0.6499999165534973	0.10083998739719391	1.3048468828201294	0.6194894909858704	0.05119803175330162	0.32695654034614563	0.53003990650177	0.2068553864955902	0.34896478056907654	0.5054394006729126	0.4616256654262543	0.4370580315589905	0.4459311366081238	0.39564013481140137	0.18704205751419067	0.6284518241882324	0.686612606048584	0.47606608271598816	0.12994232773780823	0.4627459645271301	0.39720672369003296	0.39115142822265625	0.17972034215927124	1.0263540744781494	0.14137481153011322	0.786155104637146	0.36862245202064514	0.30853956937789917	0.7990400195121765	0.9206790328025818	0.6594520807266235	0.5016613602638245	0.14030927419662476	1.0983856916427612	0.5256674289703369	0.4199417233467102	0.3341689705848694	1.3502702713012695	0.824283242225647	0.8486865758895874	0.2105494737625122	0.7098097801208496	0.2969704568386078	0.06625686585903168	0.2850807011127472	0.0	1.0700961351394653	0.1400650590658188	0.05821193754673004	0.42041534185409546	0.3857196569442749	0.2923182249069214	0.4688150882720947	0.17276467382907867	0.022926468402147293	0.7718591094017029	0.7875762581825256	0.9602469801902771	0.6139132976531982	0.05391963943839073	0.7855863571166992	0.09354247897863388	0.9957903623580933	0.4739007353782654	0.19917947053909302	0.33252567052841187	1.4032350778579712	0.9235460758209229	0.051579125225543976	0.6801517605781555	0.6413242220878601	0.15120857954025269	0.45375558733940125	0.1182948499917984	0.3556849956512451	0.2432316690683365	0.1487952470779419	0.455370157957077	0.30143046379089355	0.39421284198760986	0.5751966834068298	0.4724160134792328	0.27217864990234375	0.5888122320175171	0.7544676065444946	0.4421324133872986	0.9112681150436401	0.29005956649780273	0.0033357348293066025	0.03981885313987732	0.06325021386146545	0.324445903301239	0.3313966989517212	0.02301650680601597	0.554650068283081	1.1421068906784058	0.7000507116317749	0.24841639399528503	0.28463950753211975	0.730899453163147	0.3128418028354645	1.033734917640686	0.9266852140426636	0.45169514417648315	0.44679707288742065	0.6246373057365417	1.214614748954773	0.5149707198143005	0.5188127756118774	0.6786500811576843	0.011059962213039398	0.39161354303359985	0.33499783277511597	0.3097013831138611	0.4216805696487427	0.08280453085899353	0.30852168798446655	0.1921694129705429	0.4887065291404724	1.7698806524276733	0.8627016544342041	0.5354891419410706	0.11560580879449844	0.3704046308994293	0.6631964445114136	0.44357192516326904	1.2712829113006592	0.6510915756225586	0.593055009841919	0.19498157501220703	0.3998314440250397	0.7131584286689758	0.74001145362854	0.9009893536567688	0.15577144920825958	0.3252621591091156	0.41145482659339905	0.7233812808990479	0.3900386393070221	0.9131718277931213	0.3995053768157959	0.7414121627807617	0.14986740052700043	0.3890843093395233	0.8918790817260742	0.41504546999931335	0.41443198919296265	0.24115820229053497	0.8965657949447632	0.020290181040763855	0.08878187835216522	0.026489824056625366	0.30768218636512756	0.5926942825317383	0.47872453927993774	0.578494668006897	0.38046950101852417	0.5360275506973267	0.6538861393928528	0.20892839133739471	0.7795527577400208	0.7681877613067627	1.360825538635254	0.23009143769741058	0.952690064907074	0.3340396583080292	0.14807316660881042	0.04097473993897438	0.41419869661331177	0.5564704537391663	0.6836280822753906	0.7181602120399475	0.4911503195762634	0.29497116804122925	0.554875373840332	0.36998265981674194	0.809891939163208	1.2050096988677979	0.0695754811167717	0.08087377995252609	0.13106510043144226	0.609766960144043	0.7943459749221802	0.3572806715965271	0.5619077086448669	0.39573368430137634	0.3630671501159668	0.869367778301239	0.6655735969543457	0.34575891494750977	1.0601482391357422	0.19280631840229034	0.20523376762866974	0.4736931324005127	0.18153293430805206	0.5100435614585876	0.7353014945983887	0.23634670674800873	0.48222947120666504	0.7464361190795898	0.08106642961502075	0.07444596290588379	0.3664897084236145	0.8804843425750732	0.0	0.19859375059604645	0.28339606523513794	0.2486000508069992	0.31046414375305176	0.3419671952724457	0.0728609710931778	0.9039878845214844	0.15199124813079834	0.4913809895515442	0.6126470565795898	0.3795693516731262	0.3114173412322998	0.8949451446533203	0.6380588412284851	0.5849217772483826	0.6080595850944519	0.2132551223039627	0.6927895545959473	0.8404985070228577	0.04057365655899048	1.173159122467041	0.16912199556827545	0.7897148132324219	0.23417772352695465	0.07846803963184357	0.7046695947647095	0.8007277846336365	0.2651605010032654	0.46769240498542786	0.9068711996078491	0.01751997321844101	0.3593519628047943	0.4849291145801544	0.864623486995697	0.4376099109649658	0.3510178327560425	0.41237515211105347	0.5855573415756226	0.6540786623954773	1.2907476425170898	0.4434356093406677	0.5775049924850464	0.8014629483222961	0.20315101742744446	0.5501788258552551	0.5799441933631897
0.2887067198753357	0.3017752766609192	0.46876072883605957	0.5227932333946228	0.5190039873123169	0.2359876036643982	0.12406008690595627	0.8979192972183228	0.39229607582092285	0.3101274073123932	0.20481181144714355	0.5333962440490723	1.1227576732635498	0.4828300476074219	0.21962973475456238	0.6784376502037048	0.4585685729980469	0.15580153465270996	0.49957165122032166	0.5306358337402344	0.8382704854011536	0.5205583572387695	0.3190886080265045	0.44877344369888306	0.3262205421924591	0.2741445302963257	0.44853872060775757	0.7948117256164551	0.7859240174293518	0.5229314565658569	0.4577651619911194	0.7284150719642639	0.39305418729782104	0.5929756164550781	0.22171899676322937	0.4432397484779358	0.5505179762840271	0.42900344729423523	0.3420264720916748	0.4398539364337921	0.8051419258117676	0.3507355749607086	0.26871514320373535	0.6714347004890442	0.20509248971939087	0.9278500080108643	0.2502613961696625	0.4724279046058655	0.6886115670204163	0.8779717087745667	0.5602522492408752	0.4367162585258484	0.5348460674285889	0.7694538235664368	0.4152989387512207	0.4519815444946289	0.5364554524421692	1.238953709602356	0.4718998372554779	0.5443525910377502	0.3003450632095337	0.5376948714256287	0.6920328140258789	0.731094241142273	0.47615307569503784	0.4406246840953827	0.46109163761138916	0.6379082798957825	0.12753066420555115	0.6288540959358215	0.22156919538974762	0.3700329661369324	0.5394530892372131	1.0436816215515137	0.4057213366031647	0.44761496782302856	0.585533857345581	0.2581616938114166	0.20395304262638092	0.6722424626350403	0.9179002046585083	0.5418174862861633	0.19961929321289062	0.163445383310318	0.8193183541297913	0.4693031907081604	0.6361373066902161	0.7051606178283691	0.5592396855354309	0.39207497239112854	0.615700364112854	0.5226605534553528	0.6550750732421875	0.2927417755126953	0.4638761878013611	1.2635928392410278	0.6959605813026428	0.39817672967910767	0.6667946577072144	0.3239678144454956	0.5173291563987732	0.6624280214309692	0.20725785195827484	1.2540788650512695	1.1004326343536377	0.559798002243042	0.43258464336395264	1.1241118907928467	0.6439335346221924	0.6810656785964966	0.42175057530403137	1.5477778911590576	0.4605138897895813	0.5718011260032654	1.029557466506958	0.4549964666366577	0.30081161856651306	0.49417856335639954	0.8007299900054932	0.18393661081790924	0.9618759155273438	0.5307711362838745	0.6511564254760742	0.9043387174606323	1.1478796005249023	0.7149630784988403	0.28489160537719727	0.43473896384239197	0.8730467557907104	1.1562124490737915	0.6013914346694946	0.8613603115081787	0.5071485638618469	0.6191952228546143	0.32281509041786194	0.6185749769210815	0.49333345890045166	0.9375395774841309	0.29262611269950867	0.3990006446838379	0.48788774013519287	0.19279129803180695	0.594207227230072	0.4892057180404663	0.6283779144287109	1.110260248184204	0.616794764995575	0.09561531990766525	0.39597371220588684	0.7051738500595093	0.3483697772026062	0.3374510407447815	0.8026566505432129	0.31300291419029236	0.5093000531196594	0.9464478492736816	0.7000629901885986	0.5196434855461121	0.2714233100414276	0.4910070598125458	0.35625606775283813	0.9676145315170288	0.3399488031864166	0.3179187774658203	0.6749606132507324	0.7195881605148315	0.7105633616447449	0.41317740082740784	0.9545374512672424	0.7954906225204468	0.19210317730903625	0.3541378676891327	0.4376988112926483	0.30306458473205566	0.3511377274990082	0.4304826557636261	0.5579473376274109	0.9648807048797607	0.4278048574924469	0.21447980403900146	0.469143807888031	0.20656706392765045	0.2723243534564972	0.5535738468170166	0.6984139084815979	0.4542442560195923	0.4882439374923706	0.35493263602256775	0.3616239130496979	0.7512051463127136	0.29169732332229614	0.35759565234184265	0.9894505143165588	0.5120658874511719	0.21325638890266418	0.3496166169643402	0.47206249833106995	0.22259238362312317	0.603235125541687	0.6614596843719482	0.5507857203483582	0.24721243977546692	0.26258158683776855	0.43784788250923157	0.978912889957428	0.6963933110237122	0.4967832863330841	0.30526769161224365	0.28884953260421753	0.5718275904655457	0.6394242644309998	0.4574195146560669	0.1810295134782791	0.41261959075927734	0.3989853262901306	0.37067878246307373	0.5465080738067627	0.9413174390792847	0.5276542901992798	0.5294195413589478	0.3323337137699127	0.20477372407913208	0.47270849347114563	0.6908684968948364	0.29893219470977783	0.5699246525764465	0.341773122549057	0.4074796438217163	0.2731647491455078	0.5565652847290039	0.6427163481712341	0.7914031147956848	0.3838193118572235	1.118582010269165	1.1938049793243408	0.44404149055480957	0.23003436625003815	0.37065422534942627	0.22592660784721375	0.2812402546405792	0.4003889262676239	0.7110047936439514	1.3690510988235474	0.3658716678619385	0.5471274852752686	0.6436251401901245	0.4787561297416687	0.4985864460468292	0.26290827989578247	0.8718274235725403	0.657209038734436	1.0183594226837158	1.307906985282898	0.23063798248767853	0.29900655150413513	1.0808320045471191	1.7851907014846802	0.5432212352752686	0.553209662437439	0.6326997876167297	0.7957581877708435	0.6310963034629822	0.3670978546142578	0.33025550842285156	0.7278389930725098	0.3681832551956177	0.8661417961120605	0.26628056168556213	0.33156198263168335	0.3237506151199341	0.45644909143447876	0.6228716373443604	0.12664136290550232	0.6823555827140808	0.9141435623168945	0.45406320691108704	0.24537083506584167	0.8031284809112549	0.4561152160167694	0.47548800706863403	0.49637913703918457	0.8649494647979736	0.5294086933135986	0.14097127318382263	0.6128844618797302	1.1820008754730225	0.26302292943000793	0.3281371593475342	0.8155716061592102	0.44982805848121643	0.5721831917762756	0.6152364015579224	0.337919682264328	0.4405001997947693	0.18979206681251526	0.4895831346511841	1.2665636539459229	0.3273431360721588	0.4440907835960388	0.0630517452955246	0.16427260637283325	0.2882488965988159	1.033016562461853	0.4625265598297119	1.098833441734314	0.2522028684616089	0.7343366742134094	0.6393020153045654	0.6611506342887878	0.8179043531417847	0.5107738971710205	0.5746803879737854	0.4239540994167328	0.788176417350769	0.3973933756351471	0.8176241517066956	0.21710975468158722	0.5181736946105957	0.09200742095708847	0.4056396186351776	0.40507203340530396	0.32719334959983826	0.4727552533149719	0.3909120261669159	0.9986563324928284	0.3350025415420532	0.670211911201477	0.9520928859710693	0.5537264943122864	0.6626691222190857	1.4477778673171997	0.24353623390197754	0.143528550863266	0.178341805934906	0.8660615086555481	0.59636390209198	1.3927319049835205	0.25354164838790894	0.8943613171577454	0.3830330967903137	0.14045450091362	0.35757702589035034	0.29260528087615967	0.6021450161933899	0.2581346035003662	0.41034823656082153	0.5769767761230469	0.6600021123886108	0.9978477954864502	0.08668328076601028	0.6802467703819275	0.7358112931251526	0.3856322467327118	0.9266623258590698	0.248920738697052	0.15391553938388824	0.34730905294418335	0.435525119304657	0.22015459835529327	0.9567245244979858	0.6994242668151855	0.9930874705314636	0.44735610485076904	0.26746562123298645	0.46675190329551697	0.6636526584625244	0.458927184343338	0.6772518754005432	0.39666321873664856	0.3783521056175232	0.554100751876831	0.5733543634414673	0.3241056501865387	1.0520515441894531	0.7298763394355774	0.569157063961029	0.4978104829788208	0.42678573727607727	0.2832008898258209	0.8428537845611572	0.2866663336753845	0.7305554151535034	0.8193371295928955	0.5983434319496155	0.3380059599876404	0.268324077129364	0.6098318099975586	0.31523388624191284	0.3181060552597046	0.25872641801834106	0.5508604645729065	0.5281159281730652	0.4084286093711853	0.3778911828994751	0.7000948190689087	0.8427160382270813	0.9181879162788391	0.39875781536102295	1.2701395750045776	0.4988442361354828	0.49238845705986023	0.6560878157615662	0.34022265672683716	0.5711374282836914	0.4198460876941681	0.8518657088279724	0.492642343044281	0.14303556084632874	0.2760317921638489	0.4366929829120636	0.6215620636940002	0.17160840332508087	0.9612752795219421	0.2884405255317688	0.8842551112174988	1.3602126836776733	0.5282860398292542	1.019640326499939	0.5152634382247925	0.5990205407142639	0.35953134298324585	0.5350630283355713	0.9645174145698547	0.29801052808761597	0.6781479120254517	0.36680763959884644	0.7390562295913696	1.0359597206115723	0.4085575342178345	0.6424645781517029	0.5292245149612427	0.8901443481445312	0.3216681182384491	0.5279923677444458	0.29913413524627686	0.2922429144382477	0.3355364203453064	0.28419268131256104	0.4977584481239319	0.278399795293808	1.289082407951355	0.6405466794967651	1.314205288887024	1.4126806259155273	0.636277437210083	0.6104496121406555	1.043121099472046	0.9724615812301636	0.6401460766792297	0.5045657157897949	0.6880210041999817	0.33873268961906433	0.17050763964653015	0.5834966897964478	0.15832169353961945	0.18431368470191956	0.18654516339302063	0.5527624487876892	0.561789333820343	0.5241143703460693	0.6549860835075378	0.5008360743522644	0.25641801953315735	0.23401543498039246	0.47391295433044434	0.5281447172164917	0.7665610313415527	0.5767159461975098	0.14396485686302185	0.40205028653144836	0.45266833901405334	0.6796903610229492	0.3851310908794403	0.31349629163742065	0.5815478563308716	0.14678290486335754	1.0361723899841309	0.6995006799697876	0.49751609563827515	0.5725250244140625	0.5236419439315796	0.28831198811531067	1.0621802806854248	0.787469208240509	0.17051202058792114	0.9366724491119385	0.518923819065094	1.5103169679641724	0.4705277383327484	0.3372359871864319	0.3754957914352417	0.4707064926624298	1.4266488552093506	0.531039834022522	0.48566704988479614	0.6031932830810547	0.4107423424720764	0.3510096073150635	0.250516802072525	0.5177931189537048	0.36136189103126526	0.6279988288879395	0.34051764011383057	0.2740529775619507	0.1374090164899826	0.6994988322257996	0.24695682525634766	0.26758742332458496	0.6855174899101257	0.3708265423774719	0.37276768684387207	0.7463253140449524	0.4855116009712219	0.8288142085075378	0.30298975110054016	0.49936890602111816	0.35752683877944946	0.2676084637641907	0.45997676253318787	0.6722830533981323	0.492115318775177	0.36768144369125366	0.46202367544174194	0.8286327719688416	0.4321123957633972	0.5698651075363159	0.9379240870475769	0.3706778883934021	0.6348991990089417	0.552486777305603	0.9973342418670654	0.35893622040748596	0.4413272738456726	1.3913425207138062	0.5818654894828796	0.3625090420246124	0.3060852885246277	0.5933746695518494	0.3563595414161682	0.31714940071105957	0.5962315201759338	0.9895374774932861	0.4896838963031769	0.22294959425926208	0.16015475988388062	0.2905939221382141	0.50736004114151	0.22319290041923523	0.5595980286598206	0.053958721458911896	0.7249548435211182	0.8788129091262817	0.4659389853477478	0.4448242783546448	0.11894772946834564	0.3202134668827057	0.6408141851425171	0.6910830140113831	0.38779187202453613	0.5857730507850647	0.22229188680648804	0.33390629291534424	0.32526159286499023	0.25620144605636597	1.2368699312210083	0.23005977272987366	0.31890684366226196	0.15204021334648132	0.44352275133132935	0.814508855342865	0.6534757614135742	0.9154061079025269	0.524250864982605	0.5173755288124084	0.4835662245750427	0.5306321382522583	0.24075688421726227	0.35561931133270264	0.13985273241996765	0.1789003610610962	0.3393538296222687	0.3824171721935272	0.47783511877059937	0.7303900122642517	0.3578069806098938	0.35039520263671875	0.3994347155094147	0.6042627692222595	0.4660072326660156	0.21273685991764069	0.6384495496749878	1.1049294471740723	0.32190197706222534	0.4985795319080353	0.5483348965644836	0.3340834975242615	0.21967646479606628	0.6493613123893738	0.46981167793273926	0.4246619939804077	0.36509382724761963	0.7644651532173157	0.2172534465789795	0.5181611180305481	0.6547273397445679	0.47295936942100525	0.31801605224609375	0.31796562671661377	0.6122817993164062	0.2058461457490921	0.21418939530849457	0.6585532426834106	0.6561033725738525	0.27311521768569946	0.5561412572860718	0.5538249611854553	0.09973224252462387	0.41266191005706787	0.3208768665790558	0.5734220147132874	0.20474252104759216	0.548538088798523	0.8605290055274963	0.7106723785400391	0.1734044998884201	0.33947327733039856	0.6101490259170532	1.0199004411697388	0.23009522259235382	0.38511306047439575	0.6977121829986572	0.2733519673347473	0.08156995475292206	0.6442483067512512	0.20486560463905334	0.060586024075746536	0.5822746753692627	0.6780471801757812	0.20071861147880554	0.4648629426956177	0.2517741322517395	0.5725586414337158	0.23136189579963684	0.6322980523109436	0.3848426938056946	0.49393561482429504	0.3960379362106323	0.33267658948898315	0.4669078588485718	0.6497278809547424	0.7821267247200012	0.19926294684410095	0.2381013035774231	0.5152326226234436	0.4086194336414337	0.5229299068450928	0.5657495260238647	0.5370352268218994	0.6271116733551025	0.12183140218257904	0.6580345034599304	0.408200204372406	0.3476264774799347	0.4451597332954407	0.8825247883796692	0.9920622110366821	0.6827923059463501	0.4446331262588501	0.6880077719688416	0.4573480188846588	0.41431477665901184	0.742641806602478	0.10196232795715332	1.075727939605713	0.29294776916503906	0.7666012048721313	1.1703685522079468	0.6749569177627563	0.9181597828865051	0.1862337738275528	0.7056713700294495	0.4029027819633484	0.4105936586856842	0.6529269814491272	0.4091520607471466	0.5389496088027954	0.5822024941444397	0.6651754975318909	0.5145740509033203	0.44254767894744873	0.4881655275821686	0.3570120632648468	0.1477920562028885	0.45502346754074097	0.20707745850086212	0.3051849603652954	0.38771089911460876	0.353202760219574	0.6271459460258484	0.916206955909729	0.7687443494796753	0.6279374361038208	0.43770676851272583	0.37638795375823975	0.4319677948951721	0.40174344182014465	0.5493890047073364	0.7924569845199585	0.18964248895645142	0.8669388890266418	0.8073487877845764	0.751998782157898	0.6361218690872192	0.7963186502456665	0.20194728672504425	0.5838344693183899	1.0593788623809814	0.42846646904945374	0.6788625121116638	0.7892287373542786	0.6320914626121521	0.9730715751647949	0.8494561910629272	0.6357942223548889	0.7046133279800415	0.43382543325424194	0.44658708572387695	1.056464672088623	1.083672285079956	0.5429637432098389	0.2892144024372101	0.15818363428115845	0.42419296503067017	0.560821533203125	0.46995940804481506	0.4866105318069458	0.17418912053108215	0.41690289974212646	0.21700507402420044	0.22284191846847534	0.5242712497711182	0.9109388589859009	0.9405084252357483	0.49166998267173767	0.5070498585700989	0.6193678379058838	0.6019980907440186	0.5315600037574768	0.5756195187568665	0.5481705665588379	0.5125325322151184	0.340766966342926	0.39665311574935913	0.10709540545940399	0.2001708298921585	0.5004900693893433	1.1180604696273804	0.5408228635787964	0.7796468734741211	1.0687146186828613	0.7188984155654907	0.704289436340332	0.10992243885993958	0.7666762471199036	0.23895789682865143	0.21404008567333221	0.5223460793495178	0.11582110077142715	0.4965865910053253	0.5952131152153015	0.20261679589748383	0.22581243515014648	0.540347695350647	0.4663257598876953	0.43625664710998535	0.6191516518592834	0.7686598300933838	0.23196738958358765	0.1433616578578949	0.5407838225364685	0.3657588064670563	0.9932510852813721	0.42321857810020447	0.5191353559494019	0.4031603932380676	0.36613357067108154	0.22753113508224487	0.4567016065120697	0.5578034520149231	0.45888808369636536	0.790004551410675	0.34572136402130127	0.7109927535057068	0.5882188081741333	0.4726547598838806	0.389250248670578	1.1839150190353394	0.5979688167572021	0.27933311462402344	1.0417191982269287	0.7608850598335266	0.6436942219734192	1.2191853523254395	0.7245384454727173	0.5502230525016785	0.4100117087364197	0.8539739847183228	0.5987759232521057	0.5741492509841919	0.33632585406303406	0.8464728593826294	0.25780272483825684	0.6458279490470886	0.7511649131774902	0.12265641987323761	0.602761447429657	0.5296568274497986	0.6557661294937134	0.12287679314613342	0.21151426434516907	0.7575058341026306	0.40890660881996155	0.34175848960876465	1.0393579006195068	0.2839207649230957	0.9860503673553467	0.3059172034263611	0.24196062982082367	0.5945423245429993	0.1961384266614914	0.5018083453178406	0.7385478019714355	0.4730805456638336	0.9428054094314575	0.5968993306159973	0.38008737564086914	0.8261813521385193	0.46078184247016907	0.6954290866851807	0.3661844730377197	0.5095248818397522	0.3849085569381714	0.3962196111679077	0.4076695740222931	0.8436101675033569	0.5312848091125488	0.29485243558883667	0.33563295006752014	0.40056443214416504	0.9871976375579834	0.6489846706390381	0.2950977683067322	0.5315415859222412	0.6898700594902039	0.8570595979690552	0.5252059698104858	0.44161346554756165	0.49532344937324524	0.3275010287761688	0.29094362258911133	0.2223282903432846	0.3035992980003357	0.21141698956489563	0.5838278532028198	0.837894082069397	0.5064676403999329	0.15231642127037048	0.4414640963077545	0.9270386695861816	0.6072655916213989	0.3325371742248535	0.3430963456630707	0.41723859310150146	1.0250718593597412	0.4955829083919525	0.3863068222999573	0.5358947515487671	0.44077032804489136	0.3802970051765442	0.3317290246486664	0.7794804573059082	0.7381923794746399	0.35893020033836365	0.5362764000892639	0.15991441905498505	0.547720730304718	0.4496203064918518	0.5820811986923218	0.8195411562919617	0.42063748836517334	0.407723069190979	0.44549351930618286	0.4178902208805084	0.42037004232406616	1.2173144817352295	0.565808892250061	0.18179170787334442	0.7819616198539734	0.257303386926651	0.48083803057670593	0.4270290434360504	0.43659305572509766	1.1534663438796997	0.43033701181411743	0.3896747827529907	0.717281699180603	0.5873134732246399	0.35593587160110474	0.5233532190322876	0.20294997096061707	0.5130344033241272	0.45585867762565613	0.7239600419998169	0.5786172747612	0.7361159324645996	0.4093032479286194	0.6612656712532043	0.10295645892620087	0.20881414413452148	0.6459915637969971	0.6304568648338318	0.4726746082305908	0.5776903629302979	0.7743630409240723	0.4484379291534424	0.3863656222820282	0.4718950092792511	1.1433289051055908	0.2106989473104477	0.5962812900543213	0.6241576075553894	0.5457894802093506	0.4494142532348633	0.9082217812538147	0.15565021336078644	0.5028561353683472	0.39173755049705505	0.2418433427810669	0.3642682731151581	0.2342478632926941	0.21246933937072754	0.24881115555763245	0.39838138222694397	0.24730099737644196	0.49980059266090393	0.6154001355171204	0.43284836411476135	0.7817535996437073	0.7397052645683289	0.5184940099716187	0.5346513986587524	0.7478895783424377	0.32313334941864014	0.5443537831306458	0.40300002694129944	0.7240963578224182	1.132817029953003	0.2224550098180771	0.4830460548400879	0.43024879693984985	0.2700273096561432	0.3612735867500305	0.6583479046821594	0.6586405634880066	0.45735859870910645	0.691052258014679	0.5134288668632507	0.2913660407066345	0.30780911445617676	0.6254472136497498	0.19050654768943787	0.5631179809570312	0.6295477747917175	0.1626211553812027	0.8221784234046936	0.8817734718322754	0.7541451454162598	1.076975703239441	0.9589177370071411	0.25638988614082336	0.9573577642440796	0.7619143724441528	0.49249082803726196	0.4547616243362427	0.27762603759765625	0.3619932532310486	0.27965301275253296	0.42328670620918274	0.9765126705169678	0.18535462021827698	0.47692927718162537	0.7572200894355774	0.3859623372554779	0.31252598762512207	1.0205490589141846	0.4363337457180023	0.869265079498291	0.26833516359329224	0.74824059009552	0.4961605668067932	0.23851801455020905	0.5687341690063477	0.6995617151260376	0.7508500814437866	0.652665376663208	0.4400145709514618	0.7908607125282288	0.626821756362915	1.3245608806610107	0.5887523293495178	0.9383406639099121	0.47204190492630005	0.5433472394943237	0.6451383233070374	0.3171246647834778	0.8574755787849426	0.4323299825191498	0.5922132134437561	0.6862883567810059	0.9228862524032593	0.4050409197807312	1.222304344177246	0.45829087495803833	0.39570653438568115	0.5828011631965637	0.023184102028608322	0.4842505156993866	0.40101176500320435	0.6934612989425659	0.6482195258140564	0.6613155007362366	1.313114881515503	0.6801914572715759	0.08535850048065186	0.6170677542686462	0.6310641765594482	0.2686879634857178	0.7882133722305298	0.3176552355289459	0.5206817388534546	0.3200414180755615	0.30022507905960083	0.7984597682952881	0.8443567156791687	0.7710604071617126	0.5149281620979309	0.36069154739379883	0.7253926992416382	0.1976640522480011	0.7048563957214355	0.12597736716270447	0.08389893174171448	0.572166919708252	0.3004961907863617	0.5255346298217773	0.5812893509864807	0.28008678555488586	0.7943617105484009	0.9434537887573242	0.2116599828004837	0.5003528594970703	0.6921735405921936	0.665134072303772	0.6723368167877197	0.45853012800216675	0.63963782787323	0.11780282855033875	0.41237008571624756	0.29612141847610474	0.6030001044273376	0.16713204979896545	0.27497828006744385	0.7238750457763672	0.4470261037349701	0.5238290429115295	0.03863063454627991	0.41617685556411743	0.664769172668457	0.40531736612319946	0.5052465796470642	0.24123330414295197	0.24212172627449036	0.7488545179367065	0.534476101398468	0.5962482690811157	0.575660228729248	0.6004682183265686	0.5348025560379028	0.41867056488990784	0.5338138341903687	0.841009259223938	1.1926217079162598	0.12823589146137238	0.4615747630596161	0.4132460951805115	0.17416828870773315	0.3337104916572571	0.6783357858657837	0.41491609811782837	0.24048659205436707	0.696079432964325	0.5841621160507202	0.689440131187439	0.5529205203056335	1.0788270235061646	0.30199816823005676	0.7200493216514587	0.44064831733703613	0.662430465221405	0.5151081085205078	0.8096597790718079	0.6235052943229675	0.45805594325065613	1.3706655502319336	0.7007337808609009	0.6777424216270447	0.1346844732761383	0.7162607908248901	0.8565176725387573	0.8325685262680054	0.7242709398269653	0.6810316443443298	0.4445725083351135	0.3411872088909149	0.4672263562679291	0.41000285744667053	0.6106532216072083	0.8147379159927368	0.23157015442848206	0.19463716447353363	0.7746491432189941	0.8743424415588379	0.875425398349762	0.4442403316497803	0.3114956319332123	0.6329495906829834	0.7166076898574829	0.4295491874217987	0.2776311933994293	0.6647716760635376	0.32203155755996704	0.5152738094329834	0.1455613225698471	0.48982861638069153	0.6021150946617126	0.17980538308620453	0.3540147840976715	0.45746541023254395	0.5693856477737427	0.9873459339141846	0.634674608707428	0.6764061450958252	0.6305894255638123	0.6262387037277222	0.13535074889659882	0.8126301169395447	0.6745067238807678	0.4080604016780853	0.5500441193580627	0.6465681791305542	0.47181931138038635	0.7702268362045288	0.3311738967895508	0.4921713173389435	0.7892205715179443	0.4419558644294739	0.7524678707122803	0.5252671837806702	0.6749176979064941	0.27412161231040955	0.5390876531600952	0.36615580320358276	0.8048121333122253	0.3415588140487671	0.16630703210830688	0.5027593970298767	0.2253360003232956	0.22840936481952667	0.961216926574707	0.867256224155426	0.6810868382453918	0.4180770516395569	0.5782229900360107	0.26637065410614014	0.3445676863193512	0.385238379240036	1.0256335735321045	0.5563979744911194	0.25883427262306213	1.312471866607666	0.94530189037323	0.47063472867012024	0.5253479480743408	0.5699978470802307	0.33581286668777466	0.16607262194156647	0.4001704454421997	0.2962750494480133	0.37429970502853394	0.4343518912792206	0.6862086057662964	0.21776843070983887	0.4988371729850769	0.5889919400215149	0.3271864056587219	0.610945463180542	0.5202559232711792	1.0387901067733765	0.4568162262439728	0.7186813950538635	0.4979173541069031	0.37560150027275085	0.22141878306865692	0.8070303201675415	0.7889347076416016	0.674174427986145	0.6058264374732971	0.4534674882888794	0.44034668803215027	0.2962113916873932	0.31407272815704346	0.698095977306366	0.381672739982605	0.36862263083457947	0.9171759486198425	0.33516594767570496	0.6072562336921692	0.9202836155891418	0.767526388168335	0.6427205801010132	0.44177842140197754	0.18581914901733398	0.7147583961486816	0.7852110862731934	0.7578771114349365	0.6439146995544434	0.29061123728752136	0.4310743510723114	1.3660967350006104	0.486149400472641	0.7695041298866272	0.17875157296657562	0.245700404047966	0.37541449069976807	0.8894606232643127	0.5600193738937378	0.5482915639877319	0.23940300941467285	0.6071722507476807	0.8997633457183838	0.7269930243492126	0.6360200643539429	0.2646247446537018	0.2982238531112671	0.7413686513900757	0.28433796763420105	0.4792669415473938	0.6204308271408081	0.5590950846672058	0.8899593949317932	0.41939204931259155	0.5563058257102966	0.692199170589447	0.150973379611969	0.34772711992263794	0.32963621616363525	0.3598214387893677	0.6174571514129639	0.18276207149028778	0.8467192649841309	0.8605173230171204	0.9161034226417542	0.4729452431201935	0.5146827697753906	0.12657923996448517	0.40479210019111633	0.48006463050842285	0.7250139713287354	0.43964070081710815	0.5911641120910645	0.5279650092124939	0.22395823895931244	1.2966378927230835	0.49386197328567505	0.3632515072822571	0.5932062864303589	0.2153477966785431	1.067771315574646	0.9371669292449951	0.6348179578781128	0.35371482372283936	0.39429256319999695	0.7215412855148315	0.7101740837097168	0.3168551027774811	0.41734200716018677	0.29189079999923706	0.25743716955184937	0.46619462966918945	0.7863022685050964	0.4369146525859833	0.1553625464439392	0.3852280080318451	0.2996246814727783	0.42039018869400024	0.7721729278564453	0.37297019362449646	0.39627960324287415	0.4035179316997528	0.30512773990631104	0.7415280938148499	0.2291703224182129	0.2872414290904999	1.1197237968444824	0.8306956887245178	0.49771785736083984	0.24338044226169586	0.4408254623413086	0.30707913637161255	0.15626980364322662	0.28310272097587585	0.9007105827331543	0.271636426448822	0.6735868453979492	0.5610544085502625	0.7003679871559143	0.8416239023208618	0.31394633650779724	0.5984603762626648	0.7939786314964294	0.16245213150978088	0.5564547181129456	0.10051871836185455	0.6666325330734253	0.3925190567970276	0.22273187339305878	0.3114103376865387	0.4291898012161255	0.17676539719104767	0.33166804909706116	0.3314836621284485	0.6530847549438477	0.7155835032463074	0.7027348279953003	1.0421470403671265	0.9414663910865784	0.6118863224983215	0.5859492421150208	0.3955760598182678	0.28000372648239136	0.2163180708885193	0.7429143786430359	0.4755541980266571	0.48315542936325073	0.4996325969696045	0.7311235666275024	0.7719947695732117	1.0508707761764526	1.0564961433410645	0.40665075182914734	0.2700364589691162	0.5475326776504517	0.9760856628417969	0.562690258026123	0.14313483238220215	0.5268739461898804	0.32520225644111633	0.012620395980775356	0.444364070892334	0.556477427482605	0.5370076298713684	0.6483680605888367	0.6291025280952454	1.026769757270813	0.42589735984802246	0.6629303097724915	0.13833652436733246	0.6418968439102173	1.1007742881774902	0.7183749675750732	0.34080037474632263	1.0662583112716675	0.7234292030334473	0.3025471568107605	0.3905922472476959	0.14574819803237915	1.0054682493209839	0.9808074235916138	0.37238648533821106	0.5814210772514343	0.49826860427856445	0.8836742043495178	0.4820549190044403	0.5419328212738037	0.4576239585876465	0.7665280103683472	0.619042158126831	0.42813172936439514	0.6385047435760498	0.5216542482376099	0.42284074425697327	0.522257387638092	0.1861584633588791	1.101009726524353	0.3599108159542084	0.4254181981086731	1.2058241367340088	1.381666898727417	0.2867894768714905	0.9416216015815735	0.23177461326122284	0.614123523235321	0.38405871391296387	0.5227087140083313	0.7097512483596802	0.558837890625	0.13062787055969238	0.42410728335380554	0.9424052238464355	1.6941524744033813	0.6442135572433472	0.28408506512641907	0.46890974044799805	0.9346959590911865	0.4078735113143921	1.1597932577133179	0.23203416168689728	0.3241645097732544	0.6316619515419006	0.6534714102745056	0.27653467655181885	0.2997142970561981	0.8399249315261841	0.5766956806182861	0.8162392377853394	0.30513250827789307	0.490884393453598	0.9911654591560364	0.30547699332237244	0.35351482033729553	0.5974478125572205	0.721895158290863	1.182165503501892	0.41348138451576233	0.9614461660385132	0.1551980823278427	0.31609857082366943	0.2445725053548813	0.30388396978378296	0.7660099864006042	0.47531983256340027	1.0826818943023682	0.3707706332206726	0.39860308170318604	0.801410436630249	0.035147570073604584	0.4053610861301422	0.3351994454860687	0.7636218070983887	0.43288516998291016	0.7135597467422485	0.5032544136047363	0.18091988563537598	0.3942127823829651	0.4391344487667084	0.3912632465362549	0.6405676007270813	0.44301703572273254	0.2805059552192688	0.8035638928413391	0.5583096146583557	0.5784054398536682	0.7181406021118164	0.20907066762447357	0.3777770400047302	0.5723435878753662	0.3495958149433136	0.2336563766002655	0.43387290835380554	0.2859547734260559	0.7152948975563049	0.3174996078014374	0.811476469039917	1.7135517597198486	0.43317773938179016	0.1367206573486328	0.7122711539268494	1.0104740858078003	0.9769596457481384	0.873511552810669	0.9524409770965576	0.06502737104892731	0.5179237127304077	0.4100090265274048	0.57773756980896	0.459948867559433	0.5756012201309204	0.8288691639900208	0.5159648060798645	0.6573468446731567	0.3699740171432495	0.895135760307312	0.6628233194351196	0.4495818614959717	0.09063997864723206	1.1821364164352417	0.3264945149421692	0.5172271728515625	0.4643782079219818	0.32131555676460266	0.29657214879989624	0.4216299057006836	0.5972384810447693	0.6908506751060486	0.42507731914520264	0.2730523943901062	0.5595083832740784	0.501056432723999	0.37192031741142273	0.5599879622459412	0.31202876567840576	0.6690587401390076	0.8232670426368713	0.4979504346847534	0.7375161051750183	0.3841516375541687	0.5195671319961548	0.5830104351043701	0.742190420627594	0.2581871449947357	0.8665051460266113	0.668706476688385	0.3145105838775635	0.6433202028274536	0.44427043199539185	0.43551957607269287	0.11136065423488617	0.6913027167320251	0.708287239074707	0.2380705177783966	0.22629302740097046	0.2997658848762512	0.7001487016677856	0.3784523904323578	1.0931074619293213	0.8809749484062195	0.620853066444397	0.5890758633613586	0.7146016359329224	0.5663495659828186	0.8934674263000488	0.5253455638885498	0.49901747703552246	1.3052624464035034	0.43707752227783203	0.5503166317939758	0.20911824703216553	0.4308861792087555	1.1560081243515015	0.23834921419620514	0.301963746547699	0.7428344488143921	0.386974036693573	1.709331750869751	0.27158716320991516	0.23999470472335815	0.8406606316566467	0.45649003982543945	0.4655340313911438	0.3591686487197876	0.3100167214870453	0.8369482159614563	0.1657116860151291	0.9556182026863098	0.2490215301513672	0.20493435859680176	1.0958969593048096	0.4563651978969574	0.1098027154803276	0.5784049034118652	0.29728055000305176	0.24453091621398926	0.25492897629737854	0.5594028830528259	0.3412202000617981	0.3196657598018646	0.47381487488746643	0.6011452078819275	0.8692862391471863	0.5522012114524841	0.3604772388935089	0.2385116070508957	0.43159162998199463	0.9735232591629028	0.43352794647216797	0.5628764033317566	0.2763655185699463	0.3504261076450348	0.5418418049812317	0.6504713296890259	0.5234144330024719	0.2561436891555786	0.09518057107925415	0.2557341754436493	0.5977398157119751	0.4841562509536743	0.30548232793807983	0.5488346815109253	0.909570574760437	0.2392447143793106	0.6137450933456421	0.31178760528564453	0.3952881991863251	0.4625031352043152	0.7743420004844666	1.3039722442626953	0.8695204257965088	0.8742501139640808	0.32520821690559387	0.3025561273097992	0.44628050923347473	0.2675876021385193	1.0587035417556763	0.31899356842041016	0.6535250544548035	0.5191477537155151	0.24970965087413788	0.41821959614753723	0.48785823583602905	0.30458077788352966	0.43461450934410095	0.4003809690475464	0.4866904318332672	0.42071157693862915	0.5792517066001892	0.3987168073654175	0.6115039587020874	0.3454885482788086	0.8146528005599976	0.37824442982673645	0.35329845547676086	0.18447478115558624	0.4113013446331024	0.25720614194869995	0.19502010941505432	0.6988815069198608	0.020461231470108032	0.339436799287796	0.8181968927383423	0.5174274444580078	0.679126501083374	0.06671478599309921	0.16462206840515137	0.6239505410194397	0.20880746841430664	1.1231948137283325	0.6138639450073242	0.3205145597457886	0.9111600518226624	0.36438488960266113	0.515570342540741	0.49047785997390747	0.9307134747505188	0.28639233112335205	0.7383871078491211	0.7847518920898438	1.0906285047531128	0.7447643280029297	0.3597416579723358	0.40514689683914185	0.4356188476085663	0.32781434059143066	0.5203279852867126	0.7859678268432617	0.49671101570129395	0.3995947241783142	0.9653643369674683	0.436923086643219	0.3388897776603699	0.5244764685630798	1.026963233947754	0.27398279309272766	0.28993359208106995	0.384324848651886	0.7282226085662842	0.387168824672699	0.12456673383712769	0.550379753112793	1.0016257762908936	0.6800217628479004	0.5951141119003296	0.4697144627571106	0.8219343423843384	0.2758558690547943	1.0542356967926025	0.10853318870067596	0.3153741657733917	0.6414152979850769	0.36533215641975403	1.253071904182434	0.22722327709197998	0.2064857929944992	0.6025583744049072	0.38868215680122375	0.3422151505947113	0.5838108062744141	0.38097068667411804	0.534831702709198	0.41312190890312195	0.5705803632736206	0.3592277765274048	0.23184508085250854	0.5589253902435303	0.7054619193077087	0.27782684564590454	0.42335930466651917	0.421066552400589	0.3523351848125458	1.2368717193603516	0.2705744802951813	0.9664040803909302	0.2917903661727905	0.005602773278951645	0.36355623602867126	0.12046772241592407	0.5740387439727783	0.7265000343322754	0.19596269726753235	0.45146381855010986	0.3902507722377777	0.32042232155799866	1.2348346710205078	0.360012948513031	0.4735371172428131	0.645969808101654	0.3660319745540619	0.35991397500038147	0.30275118350982666	0.15023589134216309	0.14571771025657654	0.5799887776374817	0.31461039185523987	0.9908514022827148	0.11728710681200027	1.0265992879867554	0.19404730200767517	0.20539216697216034	0.5747517347335815	0.5942705273628235	0.8760218620300293	0.06049751862883568	0.6887719035148621	0.5930492877960205	0.5418994426727295	0.8911346197128296	0.6223629713058472	0.5127362012863159	0.13348421454429626	0.6320490837097168	0.3038218319416046	0.3882843554019928	1.1325024366378784	0.22189761698246002	0.6505031585693359	0.4751541316509247	0.6705953478813171	0.8559507131576538	0.45475828647613525	0.20847521722316742	0.3997950255870819	0.34455615282058716	0.37640276551246643	0.27514564990997314	0.40101441740989685	0.5045516490936279	0.6230488419532776	0.2368045151233673	0.5998648405075073	0.005295851267874241	0.4253770709037781	0.5758811235427856	1.1814723014831543	0.6258543729782104	0.5104197263717651	0.5368368029594421	0.29943153262138367	0.6342287063598633	0.572472333908081	0.5525192618370056	0.6801185607910156	0.2883524000644684	0.48940005898475647	0.23681896924972534	0.7882906794548035	0.23154288530349731	0.5498817563056946	0.7430152893066406	0.9317745566368103	0.20154915750026703	1.2419347763061523	0.4605666697025299	0.2767220139503479	0.5708267688751221	0.6869027614593506	0.9651576280593872	0.2949661314487457	0.5221775770187378	0.3388553261756897	0.5182952284812927	0.4953197240829468	0.3211411237716675	0.46757984161376953	0.648308277130127	0.7280632853507996	0.46335452795028687	0.03087153285741806	0.2700587511062622	0.4237261116504669	0.8692646622657776	0.39482760429382324	0.7992267608642578	0.27677780389785767	0.9155670404434204	0.3764234483242035	0.33972445130348206	0.3887723982334137	0.5105589032173157	0.5152374505996704	0.40093693137168884	1.099719762802124	1.725525140762329	0.7237099409103394	0.7019180059432983	0.1830497533082962	1.1088523864746094	0.846579372882843	0.6933557987213135	0.41359448432922363	0.5489668250083923	0.5014203190803528	0.6347721815109253	0.32964760065078735	0.08700017631053925	0.8332964181900024	0.22139155864715576	0.35533422231674194	0.23028233647346497	0.42767804861068726	0.41269245743751526	0.5504319071769714	0.5654286742210388	0.11135198920965195	0.4364265501499176	0.38966625928878784	0.8298417925834656	0.8682530522346497	0.10976336896419525	1.2443454265594482	0.8468426465988159	0.9324328303337097	0.39809074997901917	0.7290217876434326	0.350788414478302	1.228763222694397	0.7129637002944946	0.5312941074371338	0.6827435493469238	0.36623069643974304	0.18098947405815125	0.5638081431388855	0.27760469913482666	0.536316454410553	0.2415582537651062	0.24540473520755768	1.0817718505859375	0.05662234500050545	0.41210880875587463	0.7911980748176575	0.30927014350891113	0.4393947124481201	0.5038368701934814	0.43697819113731384	0.4107086658477783	0.3539915382862091	0.21757429838180542	0.18217769265174866	0.17793671786785126	0.33409416675567627	0.3848404288291931	0.39416950941085815	0.4418926239013672	0.821721613407135	0.7366385459899902	0.8345722556114197	0.5231684446334839	0.4360322654247284	0.6462756991386414	0.48321211338043213	0.5449369549751282	0.8762354850769043	0.2237466722726822	0.7114273905754089	0.3762451708316803	0.5744988322257996	0.5598834156990051	0.6885812282562256	0.64309161901474	0.3642681837081909	0.17334340512752533	0.7354663014411926	0.643854022026062	0.25438424944877625	0.1482972949743271	0.2334568351507187	0.5664182901382446	0.3836131691932678	1.2954328060150146	1.189453125	0.3520998954772949	0.2977323830127716	0.3696119785308838	0.44050949811935425	0.6244233846664429	1.0306899547576904	0.922014594078064	0.7147521376609802	0.28614291548728943	0.4620992839336395	0.7753671407699585	0.41467857360839844	0.8091942667961121	0.32676374912261963	0.6296176910400391	0.2207666039466858	0.5327787399291992	0.38006988167762756	0.9993812441825867	0.4094412326812744	1.136500597000122	0.4397265315055847	0.4760950207710266	0.5702791810035706	0.6683161854743958	0.45774951577186584	0.22079278528690338	0.8501979112625122	0.5816726088523865	0.31199899315834045	0.282683789730072	0.2508270740509033	0.37108856439590454	0.4383580684661865	0.3034234344959259	0.6977906823158264	0.7223784923553467	0.6062493920326233	0.6478343605995178	0.4125749468803406	0.7676225304603577	0.9001724720001221	0.4691094756126404	0.9805796146392822	0.7544748783111572	0.10699451714754105	0.6221902370452881	0.7197750806808472	0.3226321041584015	0.35988274216651917	0.45481783151626587	0.384875625371933	0.2807384729385376	0.6815965175628662	0.3907524049282074	1.0756629705429077	1.0043528079986572	0.09155017137527466	0.28319546580314636	0.2530932128429413	0.3000210225582123	0.9662227034568787	0.4826701879501343	0.3194659650325775	0.40105772018432617	0.2532474100589752	1.073670744895935	0.5397084355354309	0.4976723790168762	1.033210277557373	0.33847492933273315	0.11354641616344452	0.29229068756103516	0.20455026626586914	0.8531371355056763	0.9460055828094482	0.4284971058368683	0.412565678358078	0.7402381896972656	0.7782808542251587	0.2534346580505371	0.666863203048706	0.27664071321487427	0.1061675027012825	0.35172039270401	0.4492645561695099	0.22348052263259888	0.39116373658180237	0.7636669278144836	0.3782161474227905	0.8242448568344116	0.30369916558265686	0.8793041706085205	0.4191890060901642	0.7417285442352295	0.5972464084625244	0.528674304485321	0.5327933430671692	0.48116356134414673	0.9485875964164734	0.3392879068851471	1.0157532691955566	0.5078965425491333	0.16954649984836578	0.8073530793190002	0.29542097449302673	0.7404076457023621	0.311750590801239	0.19624502956867218	0.37207138538360596	0.435632586479187	0.28273165225982666	0.646007239818573	1.04354989528656	0.0	0.4379175901412964	0.5472416877746582	0.8583052158355713	0.25761961936950684	0.6821703910827637	0.47287607192993164	0.42229127883911133	0.48459431529045105	1.0322552919387817	0.5392110347747803	0.8390788435935974	0.6355100274085999	0.15795081853866577	0.42990511655807495	0.22577883303165436
1.2969894409179688	0.9695490598678589	0.7002488374710083	0.10720498114824295	0.1647639125585556	0.40795087814331055	0.38925307989120483	0.5118242502212524	0.8728150129318237	0.18730753660202026	0.38227778673171997	0.21194805204868317	1.2528971433639526	0.4823445677757263	0.2935432195663452	0.2209220677614212	0.4809971749782562	0.8671471476554871	0.9840049743652344	0.32631832361221313	0.899444043636322	0.5777584910392761	0.09177549183368683	0.261718213558197	0.2762528955936432	0.6076120138168335	0.21629206836223602	0.6652840375900269	0.32464757561683655	0.5526157021522522	0.6396877765655518	0.44445565342903137	0.2086821049451828	0.2928254008293152	0.18796975910663605	0.952650785446167	0.49415627121925354	0.4687734842300415	0.3465512990951538	0.9217694997787476	0.10813712328672409	1.40426504611969	0.6118993163108826	0.3100544214248657	0.18126392364501953	0.5135418772697449	0.4100673794746399	0.6654929518699646	0.45480427145957947	0.6871309280395508	1.4471817016601562	0.6580855250358582	0.7513650059700012	0.49868008494377136	0.08588988333940506	0.22141465544700623	0.1367749273777008	0.15643641352653503	0.28046873211860657	0.31768304109573364	0.39728352427482605	0.28716105222702026	0.9100742936134338	1.1314654350280762	0.7362843155860901	0.3884945809841156	1.3749465942382812	0.20548933744430542	0.5626420974731445	0.3792823851108551	0.34781625866889954	0.15449278056621552	0.8456401228904724	0.953074038028717	0.4985555410385132	0.074339359998703	0.6357908248901367	0.4026803970336914	0.9413358569145203	0.9054228067398071	0.5669535398483276	0.2701582610607147	0.46660202741622925	0.4973015785217285	0.27106666564941406	0.24755644798278809	0.8538296818733215	0.7649698853492737	1.0825867652893066	0.38086557388305664	0.15458740293979645	0.8142711520195007	0.10084494203329086	0.9730363488197327	0.3455353379249573	0.559465765953064	0.4491150379180908	0.1701585352420807	0.5502312183380127	0.2582666277885437	0.07581117004156113	0.9612417221069336	0.40220582485198975	0.2891981601715088	1.323496699333191	0.5303183794021606	0.9096315503120422	1.4216228723526	0.29152411222457886	0.43776917457580566	0.6031591296195984	0.48422789573669434	1.2588284015655518	0.24592597782611847	0.44225892424583435	0.4462352991104126	0.4234699308872223	0.9555124044418335	1.5150866508483887	0.7833900451660156	0.26188918948173523	0.3099755644798279	0.5851500034332275	0.10833439975976944	1.2536542415618896	0.35668373107910156	0.2974211573600769	0.534375011920929	0.5721065998077393	1.067874789237976	0.6472756266593933	0.4645254909992218	0.2837662100791931	0.35133156180381775	0.5656461715698242	0.3482431173324585	0.4847032427787781	0.1904115080833435	0.37872689962387085	0.4842837452888489	0.3677677512168884	0.09462140500545502	1.0125694274902344	0.5101377367973328	0.7653615474700928	1.2624226808547974	1.2075440883636475	0.4792110323905945	1.1674729585647583	0.3950235843658447	0.3297058641910553	0.3777845501899719	0.3201357424259186	1.235589861869812	0.34147122502326965	0.6112456321716309	0.7145177125930786	0.04923013225197792	0.530093252658844	0.23836448788642883	0.4228205680847168	1.2546769380569458	0.3800981640815735	0.24777179956436157	0.7173755168914795	0.6676749587059021	0.09289686381816864	0.22466124594211578	1.7208877801895142	0.14116409420967102	0.8700972199440002	0.5017169117927551	0.095802903175354	0.7236039638519287	0.360860139131546	0.2313125729560852	0.24251163005828857	0.20426511764526367	0.7083055377006531	0.3053170442581177	0.08126010745763779	0.3310917019844055	0.4509992301464081	0.5079900622367859	0.5330679416656494	1.1113245487213135	0.318006306886673	0.3442346453666687	0.9923796653747559	0.28679198026657104	0.951553463935852	0.5331107378005981	0.5391038656234741	0.4121849536895752	0.3112802803516388	0.5378467440605164	0.7578413486480713	0.23445774614810944	0.32818594574928284	0.28380537033081055	0.7952865958213806	0.2279176265001297	0.6882359981536865	0.6950843334197998	1.0737475156784058	1.5926649570465088	0.7696573734283447	0.35850217938423157	0.6294786334037781	0.7465429306030273	0.6850908994674683	0.48969322443008423	0.20859110355377197	0.21513740718364716	0.49875450134277344	0.7701746821403503	0.33909258246421814	0.7730984091758728	0.5772302746772766	0.5125110745429993	0.44218316674232483	0.30851149559020996	0.49154654145240784	0.3895813226699829	0.15169429779052734	0.4826177954673767	1.0032322406768799	0.5354247093200684	0.3116907477378845	1.1351920366287231	0.7637647986412048	0.31098443269729614	0.2748890221118927	1.3730961084365845	0.6830582618713379	0.3099079430103302	0.2797732949256897	0.4261454939842224	0.45781660079956055	0.06459102779626846	0.7123095989227295	0.22732707858085632	0.059546180069446564	0.30966368317604065	0.7360186576843262	0.5364567041397095	1.3129427433013916	0.595967173576355	0.2079187035560608	0.8650021553039551	0.34367841482162476	0.47367894649505615	0.4014692008495331	0.7848551869392395	0.7128325700759888	0.6671379804611206	1.2384735345840454	0.42823851108551025	1.625299096107483	0.3983161747455597	0.4844929575920105	0.9539376497268677	0.37902557849884033	0.7015063762664795	0.33106058835983276	0.28096073865890503	0.617747962474823	0.45629793405532837	0.19859547913074493	0.5639336705207825	0.40884578227996826	1.0098285675048828	1.2084215879440308	0.7956184148788452	0.9461268782615662	0.126833975315094	1.0563477277755737	1.2955056428909302	0.26434481143951416	0.15849335491657257	0.8606643676757812	0.4052465558052063	0.250387042760849	0.18567335605621338	0.8085147738456726	0.8487695455551147	0.24687933921813965	0.38430386781692505	0.9073082208633423	0.7460852265357971	0.5520378947257996	0.31143516302108765	0.3930113911628723	0.12883247435092926	0.5055102109909058	0.8665443658828735	0.5953162908554077	0.6591528058052063	0.3115801215171814	0.17132434248924255	0.40401870012283325	0.10622446238994598	0.7579547166824341	0.8201727867126465	0.607736349105835	0.18439657986164093	0.15696872770786285	0.20027442276477814	0.5138031840324402	0.17232458293437958	0.9590181708335876	0.2559491693973541	0.9191011786460876	0.9983440041542053	0.9694596529006958	1.1180745363235474	0.2272476851940155	0.6902823448181152	0.2722463607788086	0.13846933841705322	0.2915782630443573	0.3571162819862366	0.6543630361557007	0.2415560930967331	1.142748475074768	0.33547383546829224	0.5105734467506409	0.6933877468109131	1.4910516738891602	0.43175849318504333	0.5624982118606567	0.2799488604068756	0.1291286051273346	0.3131352663040161	0.33833420276641846	0.5849806070327759	1.0807316303253174	0.43959420919418335	0.6294484734535217	1.289412021636963	0.42524757981300354	0.12380160391330719	0.5129371285438538	0.25972414016723633	0.46105146408081055	0.1840878576040268	0.40815040469169617	0.2665623724460602	1.052990436553955	0.41428613662719727	0.9777085185050964	0.39688122272491455	0.09651564061641693	1.5981718301773071	0.7604377269744873	0.21284125745296478	0.5385093688964844	0.5969054102897644	0.3325927257537842	0.3892858028411865	1.4878442287445068	0.14476794004440308	0.38946533203125	0.4565443992614746	1.0087602138519287	0.45336079597473145	1.0326311588287354	0.9659678339958191	0.42697784304618835	0.11220306903123856	0.7359426021575928	0.3785606324672699	0.5755944848060608	1.0563294887542725	0.5667277574539185	0.7530173659324646	0.07124501466751099	0.43915295600891113	0.7686350345611572	0.7905110120773315	0.538047730922699	0.7587375640869141	0.13402944803237915	0.6205431818962097	0.6090325713157654	0.22662977874279022	1.0819323062896729	0.315580278635025	0.2106511890888214	0.43664777278900146	0.42306891083717346	0.3067804276943207	0.0756298080086708	0.36147385835647583	0.7923575043678284	0.37876495718955994	0.3529278635978699	0.2614366412162781	0.672274112701416	0.6010984182357788	0.6191132068634033	0.5067238807678223	0.4074428081512451	1.2605308294296265	0.40865984559059143	0.3332863450050354	0.43263137340545654	1.262283205986023	0.5276344418525696	0.44860541820526123	0.885400652885437	0.48240700364112854	0.6770694851875305	0.2819537818431854	0.5367730259895325	0.23516380786895752	0.4730556011199951	0.9120559692382812	0.7331450581550598	0.40817296504974365	0.41414710879325867	0.5391216278076172	0.647980272769928	0.34247496724128723	0.8523567914962769	0.601729154586792	0.2448056936264038	0.5544712543487549	0.7605025172233582	0.9839107990264893	0.3671503961086273	0.10918261110782623	0.37872326374053955	0.23737742006778717	0.3113788664340973	0.7517468333244324	0.37707895040512085	0.42065900564193726	0.5430122017860413	0.40855804085731506	0.21119925379753113	0.9485039710998535	1.1033743619918823	0.37041953206062317	0.327121764421463	0.14263786375522614	0.19014325737953186	0.3061714172363281	0.7024874091148376	0.4742233455181122	0.0739910900592804	0.3736637234687805	1.3651121854782104	0.3241817355155945	0.7741140127182007	0.316798597574234	0.6692168712615967	0.1159314215183258	0.7436407208442688	0.3389202356338501	0.5217923521995544	0.45231616497039795	0.16958965361118317	1.9693338871002197	0.90067458152771	0.8216158747673035	0.6697783470153809	0.5216397047042847	0.4385741353034973	0.3903844356536865	0.4721623659133911	0.33238649368286133	0.5368236899375916	0.43869516253471375	0.30881059169769287	0.1538526564836502	0.3857514560222626	0.38353338837623596	0.25083810091018677	0.8815622329711914	0.5086416006088257	0.14798124134540558	0.4245453178882599	1.0169991254806519	1.6163536310195923	1.0533913373947144	0.8313452005386353	0.8614983558654785	0.5550596714019775	0.2766505181789398	0.4558960497379303	0.4128587543964386	1.0540114641189575	0.5593202710151672	0.20619331300258636	0.67151939868927	0.18519698083400726	0.21535621583461761	0.18298952281475067	0.8341173529624939	0.3086652457714081	0.5995320677757263	0.503771185874939	0.4125884473323822	0.8049694299697876	0.46557480096817017	0.674424409866333	0.9468984007835388	0.35132312774658203	0.32214367389678955	0.20861896872520447	0.25642794370651245	0.5280618071556091	0.5064420104026794	0.37476637959480286	0.40331387519836426	0.3750690519809723	0.35979577898979187	0.7929965853691101	0.6292622685432434	0.2911691963672638	1.5116714239120483	0.5262708067893982	0.9838495254516602	0.3371749818325043	0.2579493224620819	0.3278607428073883	0.8572940826416016	0.9820502400398254	0.45375561714172363	0.26420822739601135	0.32731157541275024	0.7168912291526794	0.6099158525466919	0.7269781231880188	0.46398916840553284	0.5251808762550354	0.27173516154289246	0.5574444532394409	0.6507735252380371	0.9633214473724365	0.4153481721878052	0.5806803703308105	0.4917987585067749	0.16775989532470703	0.9119201898574829	0.8383164405822754	0.290255069732666	0.3060828447341919	0.522737979888916	0.21194639801979065	0.6466102600097656	0.1985889971256256	0.3478584587574005	0.25767281651496887	0.5662171840667725	0.6708160638809204	0.5337135791778564	0.77178955078125	0.6185658574104309	0.8506956696510315	0.5420417785644531	0.5722874402999878	0.2996787130832672	0.16881468892097473	0.2386888861656189	0.5053204298019409	0.3099026083946228	0.5425617694854736	0.23957973718643188	1.3659987449645996	1.1739006042480469	0.8430306911468506	1.5053601264953613	0.7224534153938293	0.4361615777015686	0.09546557813882828	0.4466080069541931	0.8242565393447876	0.3421608805656433	0.2576200067996979	0.44822049140930176	0.5827611088752747	0.5473851561546326	0.6033844351768494	0.6316779851913452	0.4529690146446228	0.3985406160354614	0.21345564723014832	0.28091418743133545	0.634002685546875	1.1912765502929688	0.5320217609405518	0.4624236524105072	0.4971819818019867	0.5223298072814941	0.9131296873092651	0.29149314761161804	0.5227847695350647	0.5965403318405151	0.21291953325271606	1.0413074493408203	0.30034199357032776	0.7022236585617065	0.9730751514434814	0.4764516353607178	0.6811240315437317	0.7005676627159119	0.43251171708106995	0.4361268877983093	0.18260176479816437	0.3521488606929779	0.33918172121047974	0.37747901678085327	0.5195845365524292	1.046045184135437	0.17741887271404266	0.5572054982185364	0.26009654998779297	0.23883530497550964	0.3891795873641968	0.4712809920310974	0.13561707735061646	0.853418231010437	0.2610064148902893	0.7152010202407837	0.19632218778133392	0.20191830396652222	0.3701940178871155	0.8463180661201477	0.4641548693180084	0.46734675765037537	0.11424735188484192	1.1562341451644897	0.4240722060203552	0.3776077628135681	0.16676107048988342	0.20689143240451813	0.32916539907455444	0.8660310506820679	0.4450909197330475	0.6854891180992126	0.5091114044189453	0.10163374990224838	0.3999929428100586	0.2764395773410797	0.3997926712036133	0.6477327942848206	0.07431605458259583	0.860151469707489	0.49845558404922485	0.6055105924606323	0.4757556617259979	0.28773462772369385	0.7474009394645691	0.292682021856308	0.2781103253364563	0.3998448848724365	0.7694107294082642	0.2793647050857544	0.4747989773750305	0.424005389213562	0.12948256731033325	0.6334861516952515	0.4547329545021057	0.23516207933425903	0.35224649310112	0.6228573322296143	1.0200436115264893	0.8155440092086792	0.3574110269546509	0.5053269863128662	0.5235255360603333	0.826604962348938	0.7099040150642395	1.4095765352249146	0.15967896580696106	0.8016389012336731	1.3940932750701904	0.1878667175769806	0.5521692037582397	0.6308913230895996	0.9834091067314148	0.4600410461425781	0.8823981881141663	0.5758268237113953	0.6186214089393616	0.7523411512374878	0.3935248851776123	0.35659754276275635	0.737451434135437	0.6321225166320801	1.270282506942749	0.5484024286270142	0.12534695863723755	0.4006067216396332	0.6352148056030273	0.3949544429779053	0.6216503381729126	0.7212122678756714	0.2769521474838257	0.5911362767219543	0.392496794462204	0.3330302834510803	0.3765365779399872	0.20024757087230682	0.3475824296474457	0.4780382513999939	0.49001747369766235	0.1480063945055008	0.3978882133960724	0.6109654307365417	1.0130990743637085	0.5405397415161133	0.4648451805114746	0.6720236539840698	0.6009947061538696	0.33921611309051514	0.26422926783561707	1.0178200006484985	0.6257357001304626	0.7775846719741821	0.5385847687721252	0.3981313407421112	0.3910669684410095	0.217336967587471	0.7689197063446045	0.35396885871887207	0.3085421025753021	0.8018891215324402	0.269359827041626	0.6965800523757935	0.6003128886222839	0.48767104744911194	1.0827099084854126	0.15277914702892303	0.20884421467781067	0.4828284978866577	0.3951781094074249	0.257750540971756	0.5224769711494446	1.2193477153778076	0.8935812711715698	0.5276886820793152	0.9783545136451721	0.5496649742126465	0.3270917534828186	0.715735673904419	0.42054349184036255	0.5244771838188171	0.3585833013057709	0.3640466034412384	0.27497056126594543	0.10198614746332169	0.2611548900604248	0.814757764339447	0.8235219717025757	0.44003257155418396	0.9296087026596069	0.5173316597938538	0.5476850271224976	0.41303345561027527	0.18217554688453674	0.495123952627182	0.3736388087272644	0.23871612548828125	0.4779137372970581	0.4320005476474762	0.3125939667224884	0.3249795138835907	0.5380086302757263	0.5485193729400635	0.4147064983844757	0.5289332866668701	0.444870263338089	0.4928247630596161	0.4850286841392517	0.3752581477165222	0.14810845255851746	0.5330303311347961	0.5313997864723206	0.13546261191368103	1.0900547504425049	0.3431849181652069	0.36182427406311035	0.6147742867469788	0.48824042081832886	0.3244920074939728	0.17635130882263184	0.4006600081920624	1.1309349536895752	0.3962761461734772	0.18502143025398254	0.6516199111938477	0.4277336597442627	0.398058146238327	1.0585886240005493	0.34092116355895996	0.4014327824115753	0.8027023673057556	1.2766553163528442	0.5139048099517822	1.168413758277893	0.6716546416282654	0.43373411893844604	0.5412269234657288	1.544082760810852	0.3486264646053314	1.0227466821670532	0.5620356798171997	0.658210277557373	1.0875847339630127	0.6041903495788574	0.5553926825523376	0.9674476385116577	0.5178102254867554	1.181281328201294	0.4897947311401367	0.145301952958107	0.3586091995239258	0.48123374581336975	0.32873398065567017	0.34016409516334534	0.850120484828949	0.8303476572036743	0.533683717250824	1.3876022100448608	0.3516538143157959	0.7189951539039612	0.2583481967449188	0.34035560488700867	0.11870026588439941	0.4977988302707672	0.4231589436531067	0.8562026619911194	0.6688758730888367	0.3500926196575165	0.6432752013206482	0.3515852987766266	1.1438218355178833	0.29862648248672485	0.4098588824272156	0.26998668909072876	0.4643997848033905	1.0288629531860352	0.40796351432800293	0.31464719772338867	0.22167718410491943	1.1994508504867554	0.3705092668533325	0.3865981101989746	0.7413806915283203	0.36467310786247253	0.8345588445663452	0.1428845077753067	0.2912777364253998	0.1284216344356537	0.54962557554245	0.6376118659973145	0.25579777359962463	0.3342936336994171	0.19382449984550476	0.3407209813594818	0.48648107051849365	0.36601147055625916	0.4974994361400604	0.166788250207901	0.2443309873342514	0.3420470058917999	0.5829455256462097	0.4013199508190155	0.897983968257904	0.2923640012741089	0.24997611343860626	0.2851350009441376	0.602755606174469	0.4193437397480011	0.9259935021400452	1.3990168571472168	0.5378625392913818	0.2137080281972885	0.14524057507514954	0.4703080654144287	0.7274135947227478	0.37482407689094543	1.2384693622589111	0.49634745717048645	0.7970085144042969	1.1845264434814453	0.8566336631774902	1.0305757522583008	0.7913603782653809	0.3895857036113739	0.40629905462265015	0.5801799297332764	0.46649837493896484	0.15456242859363556	0.7798984050750732	0.7024183869361877	0.9328392148017883	1.1669459342956543	0.18043410778045654	0.6082010269165039	0.44710350036621094	0.14874877035617828	1.246405839920044	0.6246494054794312	0.42968177795410156	0.49772563576698303	0.22769054770469666	0.24911810457706451	0.14652231335639954	0.6400951743125916	0.23054103553295135	0.5051824450492859	0.7689313888549805	0.4183600842952728	0.086885005235672	0.3044108748435974	0.4899784326553345	0.2885531485080719	0.5167731642723083	1.1823241710662842	0.4845542907714844	0.6639984250068665	0.36155176162719727	0.33452308177948	0.5907033681869507	0.47197645902633667	0.8933945298194885	0.5046774744987488	0.2247306853532791	0.27876192331314087	0.16014784574508667	0.4245287775993347	0.2959931492805481	0.3780028820037842	0.5560815930366516	0.19578003883361816	0.6466020941734314	0.05439694598317146	0.3763028383255005	0.5081528425216675	0.14126275479793549	0.3595603108406067	0.1850353330373764	0.7268911600112915	0.8633508682250977	1.1046401262283325	0.37955692410469055	1.1182401180267334	0.38316047191619873	1.229761004447937	0.45369648933410645	0.33040785789489746	0.4239710569381714	0.06845496594905853	0.27325597405433655	0.38167497515678406	0.6385378837585449	0.22075426578521729	0.7178100943565369	0.5553086400032043	0.7350174188613892	0.5401245355606079	0.305091917514801	0.2460351288318634	0.32858961820602417	0.1476251780986786	0.17651474475860596	0.3971922695636749	0.4944954514503479	0.7131819725036621	0.3026058077812195	0.4575597941875458	0.7357000112533569	0.7096092700958252	0.6038657426834106	0.47309666872024536	0.12126588076353073	1.313676357269287	0.9217453002929688	0.6925548315048218	0.5556355118751526	0.36029842495918274	0.30347949266433716	0.23725192248821259	0.7923488020896912	0.8595627546310425	0.9080742597579956	0.3541516363620758	0.9962555766105652	0.7001890540122986	0.35996121168136597	0.8578051328659058	0.5185436606407166	0.5960085988044739	0.7349879145622253	0.36972135305404663	0.22413504123687744	0.33860477805137634	0.33106526732444763	0.5310719013214111	0.5498865246772766	0.5997236371040344	0.37530961632728577	0.36912164092063904	0.16674545407295227	0.7151232957839966	0.31616127490997314	0.8155704140663147	0.1291223168373108	0.2462206929922104	0.8022242188453674	0.19261136651039124	0.5707927942276001	0.47623559832572937	0.692922830581665	0.47263485193252563	0.896871030330658	0.7310829758644104	0.693401038646698	0.8123895525932312	0.13640856742858887	0.48216065764427185	0.2702862024307251	0.3836607038974762	0.39647024869918823	1.2024955749511719	0.6922160983085632	0.512603759765625	1.171512246131897	0.42405807971954346	0.25373876094818115	0.544983983039856	0.27206525206565857	0.29535120725631714	0.43239468336105347	0.5819784998893738	0.23730924725532532	0.566509485244751	0.30798155069351196	0.1972416490316391	1.1311988830566406	0.5945510268211365	0.3337092399597168	0.7695447206497192	0.8883390426635742	0.1683160811662674	0.38736987113952637	0.18399423360824585	0.25192055106163025	1.1601040363311768	0.8505920171737671	0.6200674772262573	0.6698403358459473	0.4954288899898529	0.34293586015701294	0.16397958993911743	0.13424044847488403	1.0422377586364746	0.3653295040130615	0.42416059970855713	0.5854155421257019	0.50955730676651	0.8925413489341736	0.09821825474500656	0.4946255385875702	0.4667659401893616	0.6752622127532959	0.5425605773925781	0.417565256357193	0.17839008569717407	1.1237156391143799	0.34742873907089233	0.6371159553527832	1.6216309070587158	0.22402021288871765	0.6327752470970154	1.0783461332321167	0.18867598474025726	0.936905026435852	0.8502649068832397	0.5113990306854248	1.342225432395935	0.6161510944366455	1.211531400680542	0.6878355741500854	0.9172276258468628	0.3818235397338867	1.279139518737793	0.7128684520721436	0.8436906337738037	0.40160518884658813	0.5852785706520081	0.22645999491214752	0.45576488971710205	1.4500935077667236	0.21849018335342407	0.5586593151092529	0.4164833128452301	0.5207707285881042	1.2157182693481445	1.3501932621002197	0.2788922190666199	0.21877354383468628	0.26735222339630127	0.24521511793136597	0.8663679957389832	0.0677085891366005	1.4838552474975586	0.37993937730789185	0.439108669757843	0.2551366686820984	0.8086140751838684	0.9471105933189392	0.2936943471431732	0.728935956954956	1.2707488536834717	0.615470290184021	1.1574476957321167	0.7599297761917114	0.3716149926185608	0.44677940011024475	0.5494898557662964	0.7416056394577026	0.6242390871047974	1.3053231239318848	0.28154072165489197	0.12638914585113525	0.41952505707740784	0.9681235551834106	0.6217678189277649	0.2539483308792114	0.37210729718208313	0.5418213605880737	0.7526207566261292	0.7214982509613037	0.24227848649024963	0.46282970905303955	0.15181554853916168	0.5583370327949524	0.2467370331287384	0.8397424221038818	0.27767813205718994	0.3565380871295929	0.7308874726295471	0.49874362349510193	0.2603161931037903	0.22022853791713715	0.7554360032081604	0.17660579085350037	0.4459347128868103	0.803576648235321	0.44620102643966675	0.5596153736114502	0.23528549075126648	0.9351993799209595	1.0255773067474365	0.7240610718727112	0.6017429232597351	0.7293977737426758	0.275118350982666	0.63246089220047	0.35157331824302673	0.8390719890594482	0.9891953468322754	0.7691258788108826	0.5149975419044495	0.0964544415473938	0.21320465207099915	0.20378614962100983	0.8585627675056458	0.22728045284748077	0.8626831769943237	0.3832901418209076	0.5964383482933044	0.40099048614501953	0.5327987670898438	1.069023847579956	0.6787968873977661	0.9223074913024902	0.4330230951309204	0.45704489946365356	0.21785978972911835	0.05529329925775528	0.5046190619468689	1.1503515243530273	0.18627166748046875	0.42579180002212524	0.42468637228012085	0.18820978701114655	0.40194255113601685	0.5193198323249817	0.4829898476600647	0.2630044221878052	0.33935004472732544	0.4470234215259552	1.0287432670593262	0.401203989982605	0.5465753078460693	0.1534474790096283	0.2255975902080536	0.24992479383945465	0.2829601466655731	0.5548092722892761	0.3218269944190979	0.39318132400512695	0.7304542660713196	0.5417336225509644	0.23516428470611572	0.9571775794029236	0.24715328216552734	0.29222673177719116	0.8503422737121582	0.3776758313179016	0.37246447801589966	0.7086917757987976	1.0031768083572388	0.9658809900283813	0.44796472787857056	0.5475687980651855	0.36570653319358826	1.7812187671661377	1.34712553024292	1.1972684860229492	0.4705353379249573	0.32106083631515503	0.9601640105247498	0.7436231374740601	0.4246150553226471	0.020724527537822723	0.5712778568267822	1.0134508609771729	0.431514173746109	0.478551983833313	0.37225833535194397	0.41936835646629333	1.1680750846862793	0.47789838910102844	0.8339501023292542	0.4601705074310303	0.24654698371887207	0.5911954641342163	0.17266252636909485	0.4179111421108246	0.11452604085206985	0.22080007195472717	0.5136930346488953	0.9032348394393921	0.4904734492301941	0.9355518221855164	0.4060556888580322	0.21038079261779785	0.8835185766220093	0.2609384059906006	1.1937718391418457	0.7128497362136841	0.42229488492012024	1.114400863647461	0.6201225519180298	0.3746504783630371	0.9760966897010803	0.27043256163597107	0.5148675441741943	0.19434624910354614	0.39565205574035645	0.0820063054561615	0.11216568201780319	1.1521023511886597	0.38228631019592285	0.32372406125068665	0.2516202926635742	1.0267473459243774	0.7069151997566223	0.6110981106758118	0.5260226726531982	0.2018023431301117	0.14647074043750763	0.9323239922523499	0.5318475365638733	0.2698978781700134	0.8521863222122192	0.23095186054706573	0.27344536781311035	0.14445820450782776	0.11571765691041946	0.8984314203262329	0.5040906071662903	0.24667879939079285	0.3879484534263611	0.1754751205444336	0.3663617968559265	0.7177408933639526	0.8272517919540405	0.5466398000717163	0.47670164704322815	0.5253469944000244	0.2754787802696228	1.0078766345977783	0.25628966093063354	0.021293438971042633	0.6297618746757507	0.6637482643127441	0.21028687059879303	0.4934394657611847	0.48622116446495056	0.4115491509437561	0.09395705908536911	0.22415831685066223	0.5599094033241272	0.16693246364593506	0.4814651310443878	1.0568697452545166	0.7331921458244324	0.32023465633392334	0.5393919944763184	0.2124885767698288	0.43967321515083313	0.37336239218711853	0.3514249920845032	0.14284315705299377	0.9043588638305664	0.47062504291534424	0.7856410145759583	0.9191524982452393	0.41589924693107605	0.1780506670475006	0.6679753065109253	0.3670573830604553	0.03855685144662857	0.5683685541152954	0.8788602948188782	0.39294105768203735	0.9229332208633423	0.5422950983047485	0.28497788310050964	0.6423428058624268	0.4407972991466522	0.4388175904750824	0.2388579249382019	0.9400909543037415	0.38607630133628845	0.7287887334823608	0.697497546672821	0.7814414501190186	0.8172272443771362	0.822638750076294	0.6826469898223877	0.6591722965240479	0.47247323393821716	0.7496299147605896	0.3139288127422333	0.43036237359046936	0.602164089679718	0.53676438331604	1.4884928464889526	0.16735029220581055	0.22601363062858582	0.6128958463668823	0.5664013624191284	0.6600451469421387	0.5379628539085388	0.33560365438461304	0.4808083176612854	0.9513471722602844	0.8218826055526733	0.2647363543510437	1.0440536737442017	0.7441110014915466	0.3787456750869751	0.3637867569923401	0.7369281053543091	0.5931283235549927	0.8985905647277832	0.7676181793212891	0.16060206294059753	0.43664929270744324	1.26393461227417	0.46557116508483887	0.1492602378129959	0.42928335070610046	0.6613064408302307	0.3778131902217865	0.5335239171981812	0.31952372193336487	0.4687963128089905	0.7730902433395386	0.2657102942466736	0.5620653629302979	0.45652297139167786	1.3822484016418457	0.5657417178153992	0.28351402282714844	0.5062182545661926	0.886005163192749	0.23051513731479645	0.6154804229736328	0.555179238319397	1.195953607559204	1.4046128988265991	0.26151835918426514	0.45820772647857666	1.1771098375320435	0.9733327627182007	0.2746797204017639	0.6501832604408264	0.3429364264011383	0.19796377420425415	1.2826478481292725	0.6964235305786133	0.561946451663971	0.2592838406562805	0.29126670956611633	0.4044108986854553	0.6965929865837097	0.45150279998779297	0.8079530000686646	0.7873827219009399	0.4968082308769226	0.6577399969100952	0.3135506510734558	0.3392917811870575	0.5268898606300354	0.5283802151679993	0.6388000845909119	0.5706430673599243	0.830053448677063	0.8325003385543823	0.6971789002418518	1.5667871236801147	0.0965610146522522	0.43050476908683777	0.5968641638755798	0.7932794094085693	0.5379116535186768	0.19451923668384552	0.09560386836528778	0.33752700686454773	0.22870206832885742	0.7984725832939148	0.30741065740585327	0.23311136662960052	0.367745965719223	1.0525435209274292	0.2907341718673706	0.48038163781166077	0.7913969159126282	0.3087117075920105	0.44917619228363037	0.7066336870193481	0.2150113880634308	0.5614966154098511	0.30856937170028687	0.5665406584739685	0.31399333477020264	0.43257373571395874	0.7089105248451233	1.3828996419906616	0.43047627806663513	0.3019976317882538	0.25068143010139465	1.2875310182571411	0.7250005602836609	0.40096205472946167	0.13838467001914978	0.47403988242149353	0.6208077073097229	0.07146432995796204	0.4805252254009247	0.2731975317001343	0.32267576456069946	0.7312014698982239	0.14222808182239532	0.4249994158744812	0.24386925995349884	0.7156191468238831	0.4659528136253357	0.9150992631912231	0.9143317937850952	1.2620877027511597	0.6035798192024231	0.1878456324338913	0.615946888923645	1.0560171604156494	0.2581191062927246	0.11678853631019592	1.1765830516815186	0.24649131298065186	0.646160900592804	0.19746151566505432	1.0442640781402588	0.6140719652175903	0.2719566226005554	0.5028252005577087	0.5042997002601624	1.018708348274231	1.4570214748382568	1.1420016288757324	0.8134217262268066	0.2448226511478424	1.1608483791351318	0.5046492218971252	0.3074159622192383	0.24377697706222534	0.4243008494377136	0.5961889624595642	0.6065891981124878	0.4500248432159424	1.152345895767212	0.6205341219902039	0.4702628254890442	0.8445395231246948	0.4914158284664154	0.5378314256668091	0.3050048053264618	0.5225140452384949	0.3536260724067688	0.20574547350406647	0.8888339400291443	0.826219379901886	0.9000923037528992	0.0987187922000885	0.43775925040245056	0.6812937259674072	0.6649130582809448	0.6900798678398132	0.8171525001525879	0.44064852595329285	0.16617733240127563	0.27701374888420105	0.7965936064720154	0.4609374403953552	0.7752460837364197	0.15500739216804504	0.50340336561203	0.027857743203639984	0.5079675912857056	0.4313071072101593	0.6482591032981873	0.22021661698818207	0.3282802999019623	0.5767480134963989	0.4720371961593628	1.0215260982513428	0.9116717576980591	0.384356826543808	0.3837094306945801	0.6417733430862427	0.4095762372016907	0.6043438911437988	0.4803926646709442	0.4750506579875946	0.47903722524642944	0.5312290191650391	0.3006964921951294	1.1528526544570923	0.5170884132385254	0.726649284362793	0.7997187376022339	0.6659128069877625	0.4510827660560608	0.49981221556663513	1.0660035610198975	0.2599543035030365	0.366773396730423	0.16890749335289001	0.4301742613315582	0.6138200163841248	0.2668052911758423	0.32221975922584534	0.5519307851791382	0.13451990485191345	0.9011939764022827	0.6197850108146667	0.3024115264415741	0.19372081756591797	0.524791955947876	0.3229106068611145	0.5638852119445801	0.23496079444885254	0.5394775867462158	0.4206385612487793	0.5179153680801392	0.2027410864830017	0.1661730259656906	0.4146897792816162	0.6851660013198853	0.21536341309547424	0.6647976636886597	0.6449475884437561	0.5844240784645081	0.4613291323184967	0.9427146911621094	0.5725457668304443	0.38586148619651794	0.15293793380260468	0.5543705224990845	0.7453736066818237	1.2006921768188477	0.7399594783782959	0.42015403509140015	0.2569662034511566	0.5853258371353149	0.8091583251953125	0.3476211428642273	1.2628639936447144	0.2906889319419861	0.913443386554718	0.9195975661277771	0.21261075139045715	0.8217328190803528	0.25675177574157715	0.2979428470134735	0.6257637143135071	1.4566049575805664	0.46462029218673706	0.1382531225681305	0.08293694257736206	0.7338433861732483	1.4796700477600098	0.21237285435199738	0.7363564968109131	0.8203389644622803	0.8590973615646362	0.42493391036987305	0.12469708174467087	0.37090054154396057	0.600460946559906	0.9688894152641296	0.351075142621994	0.8701643943786621	0.3600459396839142	0.6926717162132263	0.8142086267471313	0.5505199432373047	0.894291341304779	0.30547845363616943	0.44610482454299927	0.383976548910141	0.2368779480457306	0.11812571436166763	0.747622013092041	0.8360887169837952	0.23943012952804565	0.7572157382965088	0.29843318462371826	0.1859678328037262	0.41539496183395386	0.5736645460128784	0.7530391812324524	0.18409954011440277	0.775671124458313	0.8907613158226013	0.22746439278125763	0.6536666750907898	0.42610031366348267	0.7254602909088135	0.7335268259048462	0.23513954877853394	0.19001071155071259	0.44697466492652893	0.775597095489502	0.5702158212661743	0.7804557085037231	1.101534128189087	0.5472240447998047	0.515661358833313	0.38615384697914124	0.27965062856674194	0.4026340842247009	0.1520809382200241	0.6290560364723206	1.0833156108856201	0.4244523048400879	0.5717342495918274	0.18975886702537537	0.3556748926639557	0.3101623058319092	1.1811497211456299	0.29479077458381653	0.8772306442260742	0.20862820744514465	0.39358869194984436	0.5999247431755066	0.315513014793396	0.09831175208091736	0.38568568229675293	1.414015531539917	0.8989838361740112	0.20480987429618835	0.441727876663208	0.18241649866104126	0.39880338311195374	0.7151097655296326	1.4088311195373535	0.07048630714416504	0.6641578674316406	1.0740872621536255	0.6128634810447693	0.5342974066734314	0.3179713189601898	0.46504101157188416	1.1608492136001587	0.24586687982082367	0.37247756123542786	0.7048800587654114	1.1443991661071777	1.1083242893218994	0.8370252847671509	0.7221493124961853	0.34010735154151917	0.12033847719430923	0.4018617272377014	0.7633822560310364	0.9631274938583374	0.33717700839042664	0.5402774810791016	1.0200576782226562	0.6625202894210815	1.4445899724960327	0.30562734603881836	0.5741733312606812	0.9596371650695801	0.27908003330230713	0.42154425382614136	0.6149258613586426	0.583576500415802	0.356869101524353	0.3740876019001007	1.641803503036499	1.1033825874328613	0.22491708397865295	0.48537567257881165	0.4443112909793854	0.23256798088550568	0.8432225584983826	0.7738824486732483	0.349029004573822	0.2694127559661865	0.6531708240509033	0.06882056593894958	1.017245888710022	0.14006823301315308	0.7704734802246094	0.738666832447052	0.12163662910461426	0.6258178353309631	0.9457395076751709	0.7873769998550415	0.7273415327072144	1.2882906198501587	0.7393009662628174	0.614170253276825	0.18264470994472504	0.4524957239627838	0.5734117031097412	0.29365286231040955	0.3534094989299774	0.1900353580713272	0.5350327491760254	1.2138588428497314	0.5682251453399658	0.32652783393859863	0.4474177360534668	0.40453699231147766	0.1361592411994934	0.26164424419403076	0.2796996831893921	0.8708871603012085	0.2945021092891693	0.14871667325496674	0.816443145275116	0.6299517750740051	0.696662425994873	0.9978106021881104	0.26078709959983826	0.08059348165988922	0.7863449454307556	0.3729298710823059	0.14725854992866516	0.24762502312660217	0.6895188093185425	0.3279876112937927	0.22329428791999817	0.758105993270874	0.9469946622848511	0.6361702084541321	0.44032424688339233	0.5934096574783325	0.4814762473106384	0.6370668411254883	1.157589077949524	0.5771969556808472	0.1296127736568451	0.4223489761352539	0.6404839754104614	0.9402537941932678	0.35472774505615234	0.6071560382843018	0.29540762305259705	0.6556225419044495	1.095102310180664	0.06325629353523254	1.3871290683746338	0.8070657253265381	0.8926824331283569	0.5311940312385559	0.6726715564727783	0.39479905366897583	0.8581740260124207	0.22009657323360443	0.48128610849380493	0.4117428660392761	0.2610463798046112	0.43891704082489014	0.19723257422447205	0.37861210107803345	0.49683690071105957	0.8161228895187378	0.8608537912368774	0.9070795774459839	1.2161883115768433	0.6485299468040466	0.16126766800880432	0.7613001465797424	0.17511168122291565	0.33221811056137085	0.29053741693496704	1.3703813552856445	0.38278597593307495	1.1342716217041016	0.28194135427474976	0.5462285280227661	0.649462103843689	1.1659549474716187	0.6384879350662231	0.42963188886642456	0.36613455414772034	0.35409143567085266	0.9482332468032837	0.26445862650871277	0.5989106297492981	0.9134434461593628	1.1061303615570068	0.6395130753517151	0.25465428829193115	0.35003483295440674	0.31959637999534607	0.4748932719230652	0.7962992787361145	0.5478512048721313	0.2090301215648651	0.5365056395530701	0.29881250858306885	0.22135426104068756	0.6581997871398926	0.5613093972206116	0.5565619468688965	0.23858070373535156	0.5008598566055298	1.1841086149215698	0.2178686112165451	1.1976138353347778	0.6936264634132385	1.0441035032272339	0.6562081575393677	0.4023383855819702	0.8963928818702698	0.41570574045181274	0.39225172996520996	0.484538733959198	0.8447633981704712	0.3703625798225403	0.505442202091217	0.6707561016082764	0.6673529744148254	0.1827038824558258	0.4497471749782562	0.6484184861183167	0.6923938393592834	0.2165427803993225	0.9361661672592163	0.052867598831653595	0.3048626780509949	0.32893097400665283	0.16435156762599945	0.3726555109024048	0.5770884156227112	0.24945412576198578	0.9686906337738037	1.009819507598877	0.25399571657180786	0.28660517930984497	0.40306347608566284	0.6005377769470215	0.022992998361587524	0.3095247745513916	0.4741760492324829	0.19710086286067963	0.8678592443466187	0.4666305482387543	0.5278555154800415	0.5765353441238403	0.2755683958530426	0.9463047385215759	0.45172831416130066	1.0049439668655396	0.9139608144760132	0.26385340094566345	0.0951782763004303	0.33721014857292175	0.3407500982284546	0.9700614809989929	0.38486284017562866	0.1869882196187973	1.7647229433059692	0.34196048974990845	0.6353766918182373	0.9149863123893738	0.5681408047676086	0.7951899170875549	0.6280256509780884	1.0531795024871826	0.523070216178894	0.3122204840183258	0.2132236808538437	0.38628798723220825	0.5957080125808716	0.2517017424106598	0.5117753744125366	0.7428295612335205	0.22358649969100952	0.6700814366340637	0.40741166472435	0.5336588621139526	0.6088532209396362	0.6709832549095154	1.4310470819473267	0.8165339231491089	0.4301755726337433	0.22982096672058105	0.5587181448936462	0.35185641050338745	0.10288108885288239	0.5444403886795044	0.18446753919124603	0.11991022527217865	0.6431280970573425	0.24934929609298706	0.39685216546058655	0.34464597702026367	0.41150128841400146	0.7083392143249512	0.5736171007156372	0.5853204727172852	1.041089653968811	0.08310387283563614	0.9689354300498962	0.3377494513988495	0.6193951964378357	0.6448196172714233	0.27728885412216187	0.20582543313503265	0.6944975852966309	0.5223021507263184	0.5325078964233398	0.11335206031799316	0.6185203790664673	0.5584133863449097	0.3918788433074951	0.151357039809227	0.002356682438403368	0.7976659536361694	0.42082518339157104	0.09992208331823349	1.1947282552719116	0.1944432556629181	0.0777672603726387	0.4258784055709839	0.22726991772651672	0.34681010246276855	0.47887957096099854	0.22637297213077545	0.00683408509939909	0.8119874596595764	0.1731042116880417	0.5287890434265137	0.8982152342796326	0.1580182909965515	0.7685705423355103	0.16326023638248444	1.2993563413619995	0.22522404789924622	0.5271323919296265	0.533955991268158	0.30312907695770264	0.35489585995674133	0.6851808428764343	0.40591299533843994	0.4034513831138611	0.23543839156627655	0.8206807374954224	0.13814568519592285	0.2176208794116974	0.2890259623527527	0.912556529045105	0.8151478171348572	0.8836348056793213	0.6487098336219788	0.3530345857143402	1.068182349205017	0.7578248977661133	0.43285658955574036	0.3908349871635437	1.2291936874389648	0.7584073543548584	0.6080873608589172	0.3618180453777313	1.3761875629425049	0.6877263784408569	0.46232470870018005	0.7947314977645874	0.3807578384876251	0.921454906463623	0.24567289650440216	0.6795408725738525	0.46917834877967834	0.05828789621591568	0.5234683752059937	0.3892935514450073	0.025574197992682457	0.043715670704841614	0.36480486392974854	0.6304741501808167	0.33307749032974243	0.4329400658607483	0.2800324559211731	0.41908541321754456	0.5366990566253662	0.8519953489303589	0.20025257766246796	0.48069846630096436	1.0435585975646973	0.7995221614837646	0.3051098585128784	0.39928361773490906	0.4252610504627228
0.05560903251171112	0.6959998607635498	0.5717418789863586	0.4136084020137787	0.0	0.42085909843444824	0.3182363212108612	0.9243822693824768	0.038194600492715836	0.13130000233650208	0.10172997415065765	0.36546212434768677	1.2682549953460693	0.5479589104652405	0.37469688057899475	0.4742042124271393	0.6910583972930908	0.001514192670583725	0.4714600145816803	0.3978390693664551	0.8210076093673706	0.30129921436309814	0.8073428869247437	0.8129773736000061	0.36828017234802246	0.19376660883426666	1.0004230737686157	0.8028067946434021	0.6887201070785522	0.3375921845436096	0.34135377407073975	0.3528800308704376	0.7866023182868958	0.6139888167381287	0.23179952800273895	0.32416626811027527	0.5963917970657349	0.5223157405853271	0.23575910925865173	0.7417875528335571	0.5914223194122314	0.8699168562889099	0.22362351417541504	0.5144749879837036	0.30982792377471924	0.8087300658226013	0.14279881119728088	0.7478007078170776	0.38195323944091797	0.8948928713798523	0.28935807943344116	0.4863055646419525	0.6776425838470459	0.7266924977302551	0.4998660683631897	0.356112003326416	0.6117591857910156	1.2496246099472046	0.5793047547340393	0.6969297528266907	0.36287450790405273	0.20063883066177368	0.7752634286880493	0.46927717328071594	0.10535020381212234	0.5754733085632324	0.1330735683441162	0.8823590874671936	0.24784822762012482	0.7135918140411377	0.22264286875724792	0.18179136514663696	0.7879587411880493	1.1231684684753418	0.29184073209762573	0.41370269656181335	0.3130500018596649	0.19465236365795135	0.4346538186073303	0.7034661769866943	0.3415961265563965	0.49993449449539185	0.6469510793685913	0.14205768704414368	0.5236162543296814	0.3578266501426697	0.4411545395851135	0.43595433235168457	1.0318334102630615	0.210591658949852	0.5513812899589539	0.35268664360046387	0.4374699592590332	0.29928165674209595	0.5315430760383606	1.0262867212295532	0.9857175350189209	0.7157307863235474	0.18278422951698303	0.32542431354522705	0.5411293506622314	0.9479914307594299	0.32138726115226746	1.2980828285217285	1.0598373413085938	0.8086957335472107	0.5887442827224731	1.8001545667648315	0.6762114763259888	0.5567134618759155	0.27712303400039673	1.3468502759933472	0.171354740858078	0.4191991686820984	0.6605104207992554	0.3173840045928955	0.3604429066181183	0.18391487002372742	0.8095976114273071	0.6451852917671204	0.6568560004234314	0.2974533438682556	0.43616560101509094	0.6473020315170288	0.8596162796020508	0.5548506379127502	0.21609953045845032	0.49200114607810974	0.6483694314956665	1.4107813835144043	0.2904244363307953	0.40372011065483093	0.43621546030044556	0.21821178495883942	0.5282385945320129	0.44484028220176697	0.18684989213943481	0.7517715692520142	0.2558412551879883	0.2743045687675476	0.18886980414390564	0.17007200419902802	0.9259316921234131	0.3836258351802826	0.782250165939331	1.4067187309265137	0.05837351828813553	0.12623107433319092	0.06913590431213379	0.09818533807992935	0.48667144775390625	0.316769540309906	0.6234256625175476	0.43549811840057373	0.34306007623672485	0.6913175582885742	0.5377750396728516	0.5156081318855286	0.3696996867656708	0.5093883275985718	0.08096621930599213	0.9416849613189697	0.3661418855190277	0.33163782954216003	0.2347286343574524	0.5351444482803345	0.5818160772323608	0.4521104097366333	1.8482825756072998	0.5458353757858276	0.24239516258239746	0.5264220237731934	0.7323000431060791	0.2258543074131012	0.2417609989643097	0.5437304377555847	0.1291753202676773	0.35791927576065063	0.5028613805770874	0.2929837107658386	0.5584657192230225	0.4403243958950043	0.22869427502155304	0.6994112730026245	0.25351548194885254	0.9268083572387695	0.4081568717956543	0.31302568316459656	0.02887900546193123	0.6251998543739319	0.4310970604419708	0.24229037761688232	0.7318150997161865	0.18756715953350067	0.24334023892879486	0.0	1.0898460149765015	0.34335288405418396	0.7065868377685547	0.5140488743782043	0.4376034736633301	0.40723779797554016	0.09484515339136124	0.5129721164703369	0.43644940853118896	1.1776103973388672	0.9310961365699768	0.7060883641242981	0.7437978386878967	0.5504463911056519	0.8167403936386108	0.2229556441307068	0.3909730613231659	0.48877739906311035	0.09850205481052399	0.7840628623962402	0.8998605012893677	0.9088478088378906	0.4563835859298706	0.8103803992271423	0.2339666336774826	0.2740491032600403	0.35710063576698303	0.8194565773010254	0.392434686422348	0.7866226434707642	0.23562444746494293	0.24400199949741364	0.4388318955898285	0.261194109916687	0.5431456565856934	0.29118531942367554	0.7664117813110352	1.2895148992538452	1.4342293739318848	0.3550610840320587	0.34790533781051636	0.41864484548568726	0.28126561641693115	0.24534869194030762	0.694240152835846	0.4684506952762604	1.4435001611709595	0.22162966430187225	0.3749130368232727	0.8429897427558899	0.4958357810974121	0.9970213770866394	0.20594072341918945	0.1804056018590927	1.105237603187561	0.9932975769042969	1.1301655769348145	0.4236384630203247	0.13417254388332367	0.5742515325546265	1.4201200008392334	0.11019084602594376	0.9073619842529297	0.5453507900238037	0.8252516388893127	1.1865500211715698	0.19837315380573273	0.5754355192184448	1.0248316526412964	0.4191466271877289	1.018256664276123	0.21601025760173798	0.5297841429710388	0.26571908593177795	0.686294436454773	0.4850936532020569	0.4768231511116028	0.412631630897522	0.9125947952270508	0.37133049964904785	0.7385817766189575	0.7584736943244934	0.5834791660308838	0.9085339307785034	0.7416203618049622	0.6614219546318054	0.41336119174957275	0.2350004017353058	0.4428243041038513	1.1881091594696045	0.4250664710998535	0.315948486328125	1.248995304107666	0.46916165947914124	0.48217546939849854	0.3269715905189514	0.4218868017196655	0.35473841428756714	0.2621462345123291	0.5493718981742859	1.059230923652649	0.566329300403595	0.5810253620147705	0.000911736860871315	0.26390591263771057	0.5468013882637024	1.5402274131774902	0.7133617401123047	1.0690367221832275	0.2535759210586548	0.7998701930046082	1.239691972732544	0.2640688121318817	0.6008906364440918	0.4580810070037842	0.6976103782653809	0.2780390977859497	0.37113887071609497	0.23105914890766144	0.31062352657318115	0.49322396516799927	0.37181225419044495	0.24262899160385132	0.04827895015478134	0.6198604106903076	0.6839272379875183	0.8222560882568359	0.3535354733467102	0.6750012636184692	0.2587548792362213	0.6517912149429321	1.0759525299072266	0.24425840377807617	0.7203844785690308	1.1013239622116089	0.31167519092559814	0.08507729321718216	0.4982863664627075	0.8684120774269104	0.27243274450302124	0.9360817670822144	1.0275914669036865	0.7193646430969238	0.8725509643554688	0.15691164135932922	0.21571537852287292	0.20476727187633514	0.7136775255203247	0.5316001176834106	0.48001930117607117	0.6124472618103027	0.32531383633613586	0.8151638507843018	0.46796098351478577	0.32048141956329346	1.1236870288848877	0.31137970089912415	1.2137877941131592	0.13777059316635132	0.267517626285553	0.2981303930282593	0.4091642498970032	0.2854103446006775	0.7316856980323792	0.8591100573539734	0.511044979095459	0.5362001657485962	0.3524860441684723	0.31659600138664246	0.8633823990821838	0.1029750183224678	0.3575695753097534	0.5425385236740112	0.2697705626487732	0.270807683467865	0.8271245956420898	0.38405370712280273	1.3144797086715698	0.7088415622711182	0.37350383400917053	0.08461926132440567	0.5129398107528687	0.13894221186637878	0.5491031408309937	0.2079726904630661	0.3476952612400055	0.7063453793525696	0.7540419101715088	0.4511995017528534	0.13382543623447418	0.8911808729171753	0.39500361680984497	0.47985827922821045	0.14600342512130737	0.20625168085098267	0.0640924796462059	0.8192230463027954	0.02950108051300049	0.8729801177978516	0.8240609169006348	0.6389824748039246	0.6922856569290161	0.1830374300479889	0.13802069425582886	0.77830970287323	0.5547035932540894	0.3963008224964142	0.8200417757034302	0.33743229508399963	0.6124612092971802	0.23112893104553223	0.11177905648946762	0.39836087822914124	0.29365071654319763	0.8438743948936462	0.23698963224887848	0.8728504776954651	0.477098286151886	0.45874321460723877	0.8417830467224121	0.2006864845752716	0.4509848952293396	0.44429337978363037	0.7718209028244019	0.3288988471031189	0.7345637083053589	1.2174280881881714	0.3256412148475647	0.8133261203765869	0.49016690254211426	0.5986462831497192	0.9532893896102905	0.5147808790206909	1.027053952217102	0.5943671464920044	0.9362509250640869	0.6464501023292542	0.628994882106781	0.2540532052516937	0.3555307686328888	0.4471152424812317	0.06131033971905708	0.500883936882019	0.2961338460445404	0.38012194633483887	0.6085745692253113	1.1372088193893433	1.1091728210449219	0.277275949716568	0.2713400423526764	0.7494475841522217	0.9172397255897522	0.7497426271438599	0.5069066882133484	0.5504900813102722	0.38784217834472656	0.20195943117141724	0.3131076395511627	0.49971872568130493	0.14456984400749207	0.08971840143203735	0.3343757390975952	0.9762701392173767	0.8759857416152954	0.9207116961479187	0.42524996399879456	0.2442135065793991	0.4769626259803772	0.4468110203742981	1.0552908182144165	1.3667188882827759	0.5574510097503662	0.4253738522529602	0.6020240783691406	0.4535037875175476	0.490581750869751	0.4187657833099365	0.17452219128608704	0.35050639510154724	0.14140748977661133	1.489503264427185	0.5402916073799133	0.2899072468280792	0.27699241042137146	0.839131772518158	0.24681726098060608	0.8613337278366089	1.2105927467346191	0.7621886730194092	1.0992544889450073	0.3640049695968628	1.1231809854507446	0.23686280846595764	0.24333664774894714	0.19676171243190765	0.2312057465314865	1.171065092086792	0.5004381537437439	0.7121459245681763	0.5063785314559937	0.21479432284832	0.6747685074806213	0.1394425928592682	0.716179370880127	0.15212056040763855	0.5578502416610718	0.9217746257781982	0.5488756895065308	0.16534832119941711	0.37342286109924316	0.010698363184928894	0.06498698145151138	0.4131581783294678	0.5196617245674133	0.4562489986419678	0.631105899810791	0.2486259490251541	1.3038345575332642	0.39896270632743835	0.46500056982040405	0.33052363991737366	0.17386849224567413	0.6823047995567322	0.35230934619903564	0.503064751625061	0.2916530966758728	0.811210572719574	1.1040823459625244	0.2256566286087036	0.4188796877861023	1.1662999391555786	0.421436071395874	1.1320708990097046	0.5598790645599365	0.8314810991287231	0.40131592750549316	0.8013403415679932	1.75826096534729	0.6912143230438232	0.35203632712364197	0.39415428042411804	0.5407461524009705	0.3703615367412567	0.4564206600189209	0.7308681607246399	1.4650322198867798	0.48996439576148987	0.7286105751991272	0.3871995806694031	0.7319467663764954	0.43277090787887573	0.22556865215301514	0.5856121182441711	0.04306378588080406	0.9882365465164185	1.040267825126648	0.4165211617946625	0.20630551874637604	0.2851192057132721	0.3022029995918274	0.5621757507324219	0.7669976353645325	0.4855692386627197	0.43360406160354614	0.2745485305786133	0.008119644597172737	0.3540460467338562	0.6866844296455383	0.3768303394317627	0.28633052110671997	0.003020160598680377	0.2825055718421936	0.5065776705741882	0.7940583229064941	0.44912996888160706	0.6911893486976624	0.03068620339035988	0.48119184374809265	0.9980164170265198	0.36266985535621643	0.2856026589870453	0.23495742678642273	0.5138120055198669	0.2228693664073944	0.08716822415590286	0.14293628931045532	0.40562158823013306	0.5081056952476501	0.47915947437286377	0.6384815573692322	0.32975777983665466	0.8186289072036743	0.3716367185115814	0.7183061838150024	0.7838332056999207	1.2858219146728516	0.32561182975769043	0.28131645917892456	0.40284955501556396	0.42191073298454285	0.4787914752960205	0.404153048992157	0.4222716689109802	0.2377503663301468	0.5445510149002075	0.6925343871116638	0.30957475304603577	0.791962206363678	0.382677286863327	0.24176017940044403	0.3671497404575348	0.25403523445129395	0.8627890944480896	0.31184619665145874	0.13934344053268433	0.5358594655990601	1.035404086112976	0.5405391454696655	0.5815616846084595	0.6154236793518066	0.10413993149995804	0.4277433753013611	0.37142565846443176	0.785689651966095	0.24488653242588043	0.5253108739852905	0.5996240377426147	0.7677192091941833	0.305490106344223	0.2919197082519531	0.8268975019454956	0.9526859521865845	0.3718872666358948	0.49652940034866333	0.5994388461112976	0.2587571144104004	0.06691695749759674	0.22733667492866516	0.18985126912593842	0.07566937804222107	0.6771275997161865	0.6991403102874756	0.3442945182323456	0.4670006036758423	0.1777612417936325	0.3756825625896454	0.1558799147605896	0.6298282742500305	0.04075349122285843	0.5387119650840759	0.6547992825508118	0.4353755712509155	0.6242403984069824	1.4403406381607056	0.7975623607635498	0.1552075743675232	0.12569843232631683	0.38372963666915894	0.17487721145153046	0.3208990693092346	0.4381047189235687	0.4558027684688568	0.989988386631012	0.0	0.6337801814079285	0.5077338814735413	0.39684927463531494	0.3900521397590637	0.5632786750793457	0.4199577867984772	0.23697949945926666	0.41024842858314514	0.3069862127304077	0.4399856925010681	0.4606357514858246	0.5836804509162903	0.4342811107635498	1.012892484664917	0.2891826629638672	0.9572505354881287	1.0131222009658813	0.31477928161621094	1.3437124490737915	0.21061983704566956	0.4839559495449066	0.2982882261276245	0.602512538433075	0.4935375154018402	0.5858309864997864	0.5272051692008972	0.5999172329902649	0.408923476934433	0.683693528175354	0.34002816677093506	0.6881658434867859	0.5589053630828857	0.03039686009287834	0.37833335995674133	0.15161815285682678	0.5117722153663635	0.5895743370056152	0.08721478283405304	0.43993330001831055	0.7621579170227051	0.44924396276474	0.35157066583633423	0.427774578332901	0.2760380506515503	0.35499832034111023	0.316395103931427	0.7639209628105164	0.5398339629173279	0.5628124475479126	1.1196469068527222	0.4738001227378845	0.7452685832977295	0.05885637551546097	0.8037835955619812	0.2595024108886719	0.5997156500816345	1.1632850170135498	0.3909592032432556	0.6003963947296143	0.5692403316497803	0.4169602692127228	0.7453644275665283	1.1821258068084717	0.48036932945251465	0.533448338508606	0.7933728694915771	0.2549627423286438	0.9034193754196167	1.2565206289291382	0.34565091133117676	0.6362467408180237	0.3022095263004303	0.27603042125701904	0.2831892967224121	0.060383737087249756	0.3867626190185547	0.29575759172439575	0.5831757187843323	0.6508413553237915	0.19484300911426544	0.5688408613204956	0.0820370465517044	0.5670382976531982	0.6778324246406555	0.8197521567344666	0.6217859387397766	0.5025365352630615	0.5267989635467529	0.6368821263313293	0.9084823131561279	0.7732377052307129	0.3515419363975525	0.33225977420806885	0.034050215035676956	0.15704090893268585	0.4061771333217621	1.1063437461853027	0.4952640235424042	0.7869274616241455	0.8977593183517456	0.9178405404090881	0.9253086447715759	0.1178646981716156	0.814739465713501	0.09591186791658401	0.21494194865226746	0.38200515508651733	0.17615222930908203	0.6360110640525818	0.1922762393951416	0.3279014825820923	0.31993353366851807	0.5354125499725342	0.7346264719963074	0.32363033294677734	0.34595435857772827	0.7463417649269104	0.28284281492233276	0.19061873853206635	0.609750509262085	0.39607417583465576	0.8156711459159851	0.393440842628479	0.5755100250244141	0.2044488787651062	0.565629780292511	0.4970419704914093	0.5311245322227478	0.8205297589302063	0.4344545900821686	1.2739871740341187	0.3928295373916626	0.647392749786377	0.32407206296920776	0.9820199012756348	0.2771851122379303	0.5358722805976868	0.59578537940979	0.17563752830028534	1.2075847387313843	1.067077398300171	0.5434918999671936	1.1723084449768066	0.3951037526130676	0.35212141275405884	0.8268663287162781	0.2684995234012604	0.39817970991134644	0.9338012933731079	0.3729032576084137	1.1651701927185059	0.19822785258293152	0.6003807187080383	0.7564460635185242	0.2893323302268982	0.43456244468688965	0.17374287545681	0.39586931467056274	0.17746689915657043	0.2414405643939972	0.8649177551269531	0.644422173500061	0.6955888271331787	0.8515817523002625	0.660757303237915	1.2298980951309204	0.29590046405792236	0.27804216742515564	0.741615891456604	0.2696833312511444	0.3021245300769806	0.9061208963394165	0.10815685987472534	0.8414179682731628	0.3875133991241455	0.4377858638763428	0.7347220778465271	0.3836788535118103	0.748986542224884	0.05869963392615318	0.5078328847885132	0.37710586190223694	0.2313764989376068	0.5174912214279175	1.0287244319915771	0.4465988576412201	0.45370131731033325	0.14019134640693665	0.44438254833221436	0.9743931293487549	0.46230390667915344	0.47001874446868896	0.10518559068441391	0.20716479420661926	0.9286576509475708	0.5353695750236511	0.47117695212364197	0.7097145318984985	0.13440179824829102	0.20951823890209198	0.1739809364080429	0.28549110889434814	0.14460138976573944	0.17572498321533203	0.3189915418624878	0.4644938111305237	0.05209167301654816	0.5484557747840881	1.1262937784194946	1.101986289024353	0.30154064297676086	0.413420706987381	0.42686793208122253	1.0105112791061401	0.5633879899978638	0.33922839164733887	0.45605918765068054	0.4853222370147705	0.29823338985443115	0.28794553875923157	0.49981003999710083	0.3585622310638428	0.17317011952400208	0.4896371066570282	0.2204982191324234	0.6726281046867371	0.6954666376113892	0.7623146176338196	1.2691104412078857	0.6208227872848511	0.3940158188343048	0.4612058699131012	0.2709394097328186	0.4982896149158478	0.853279173374176	0.7218796014785767	0.1280197650194168	0.9578894972801208	0.5449522137641907	0.07552024722099304	0.5109241604804993	0.26653194427490234	0.902436375617981	0.27845701575279236	0.2707521617412567	0.9833897352218628	0.7225891947746277	0.3048807978630066	0.4294247031211853	0.2932639420032501	0.5541629791259766	0.3565704822540283	0.5881705284118652	0.459827721118927	0.9203757047653198	0.208319753408432	0.6435443758964539	0.13473626971244812	0.21307270228862762	0.7765677571296692	0.34367629885673523	0.8900408744812012	1.059029459953308	1.1248692274093628	0.6423118710517883	0.4549120366573334	0.3601776361465454	1.0056134462356567	0.5885354280471802	0.7084019184112549	0.5999590158462524	0.7346457839012146	0.3924296200275421	0.7105642557144165	0.14379677176475525	0.668156623840332	0.3571081757545471	0.36901548504829407	0.3423406183719635	0.38473087549209595	0.16204608976840973	0.3183841109275818	0.3313303589820862	0.023881206288933754	0.5945115685462952	0.29835647344589233	0.22037070989608765	0.5928669571876526	0.2545332908630371	0.6462472677230835	0.2076214849948883	1.034968614578247	0.11496678739786148	0.990087628364563	0.4564584791660309	0.16318710148334503	0.5463247895240784	0.20703628659248352	0.6135720610618591	0.6982595920562744	0.21878403425216675	0.49060893058776855	0.7289643287658691	0.4021347463130951	0.3893842101097107	0.2781866490840912	0.4935140907764435	0.42652952671051025	0.0031735077500343323	0.15755623579025269	0.3159486949443817	0.435059517621994	0.41431140899658203	0.4257049858570099	1.3758082389831543	0.8468809127807617	0.5613299608230591	1.1049656867980957	1.030456304550171	0.41895198822021484	1.4437880516052246	0.7767984867095947	0.9307072162628174	0.3775348663330078	0.24410364031791687	0.4441032409667969	0.13683271408081055	0.132901132106781	0.9411574602127075	0.14285999536514282	0.6461510062217712	0.6797851324081421	0.2315320074558258	0.7008557915687561	0.8304293155670166	0.4905521273612976	0.6241151094436646	0.10300354659557343	0.3089834153652191	0.44257044792175293	0.5843873620033264	0.32259294390678406	0.4138246476650238	0.4641467332839966	0.5775064826011658	0.46319055557250977	0.8596370220184326	0.6080811619758606	1.1512151956558228	0.627069354057312	1.1120498180389404	0.6205655336380005	0.7594465613365173	0.39768123626708984	0.30348822474479675	1.0681902170181274	0.1946430206298828	1.1080516576766968	0.6446806192398071	0.9756413698196411	0.3535475432872772	1.148850679397583	0.7756943106651306	0.23858925700187683	0.39358457922935486	0.01589459553360939	0.375603586435318	0.2063549906015396	0.8142133355140686	0.5438395738601685	1.032268762588501	1.3337931632995605	0.700570821762085	0.24017934501171112	0.42052608728408813	0.33784759044647217	0.32409369945526123	0.5202754735946655	0.20106157660484314	0.3893691599369049	0.6651984453201294	0.20039020478725433	0.7540850639343262	0.04407055675983429	1.056028962135315	0.5218713283538818	0.1747771054506302	0.8863270282745361	0.23443752527236938	0.8856305480003357	0.10741975158452988	0.02726415917277336	0.36339902877807617	0.3351280093193054	0.7460314035415649	0.803105890750885	0.36872488260269165	0.6681469678878784	1.2294940948486328	0.23761369287967682	0.45440545678138733	0.601380467414856	0.53326016664505	0.7612826228141785	0.5442343950271606	0.7299097180366516	0.21689331531524658	0.6688376665115356	0.19696131348609924	0.39158061146736145	0.8853084444999695	0.2500201165676117	0.5312197804450989	0.5009711980819702	0.376393586397171	0.02426328882575035	0.22201764583587646	0.21207568049430847	0.6561546921730042	0.42566078901290894	0.26205211877822876	0.2408958375453949	1.1577606201171875	0.1358862966299057	0.2759069502353668	0.554986834526062	0.5322713255882263	0.05161433666944504	0.24168547987937927	0.42065030336380005	1.3976188898086548	0.6056119799613953	0.26707202196121216	0.3640480637550354	0.8506456613540649	0.17536887526512146	0.24493438005447388	0.15628847479820251	0.5941670536994934	0.13588100671768188	0.7074893116950989	0.4044992923736572	0.34329327940940857	0.07219307869672775	0.8602603673934937	0.18693393468856812	0.6495506167411804	0.11075730621814728	0.8066635727882385	0.7142323851585388	0.48620638251304626	0.27345940470695496	0.34836336970329285	1.0980215072631836	0.40791112184524536	1.003692388534546	0.3327077627182007	1.0317989587783813	0.21854525804519653	0.6243172883987427	0.7729836106300354	1.1944670677185059	0.34580233693122864	0.6731183528900146	0.2834569215774536	0.4980446398258209	0.6925627589225769	1.127920389175415	0.43969959020614624	0.16508561372756958	0.9823453426361084	0.8461534976959229	0.875434160232544	0.42729759216308594	0.40967628359794617	0.5981789231300354	0.9527689814567566	0.06814905256032944	0.2993772327899933	0.5024703145027161	0.3165878355503082	0.4007946252822876	0.29360395669937134	0.018795371055603027	0.40975940227508545	0.6348032355308533	0.2573402225971222	0.5257160663604736	0.4407547116279602	1.3273799419403076	0.6231884956359863	0.5402420163154602	0.7318695187568665	0.7251251339912415	0.07546351104974747	0.43121975660324097	1.0925078392028809	0.2630023956298828	0.3016892969608307	0.6322816610336304	0.02956325374543667	0.6404559016227722	0.21432042121887207	0.42156967520713806	0.6503263115882874	0.22743946313858032	0.06951439380645752	1.061102032661438	0.49740085005760193	0.43017393350601196	0.6686800718307495	0.0428675040602684	1.04210364818573	0.28588876128196716	0.346416711807251	0.6570226550102234	0.42641228437423706	0.1401485949754715	0.8529627919197083	0.4271385669708252	0.22543039917945862	0.7134431004524231	0.422093003988266	0.6111857295036316	0.4462503492832184	0.0581616535782814	0.5016770362854004	0.5770770311355591	0.40588176250457764	1.290858268737793	0.5382389426231384	0.7656975388526917	0.426462322473526	0.3457931578159332	0.29139623045921326	0.231268048286438	0.2913256883621216	0.3930942118167877	0.5410391688346863	0.33041301369667053	0.5794677734375	0.4529077708721161	0.348175585269928	0.6516317129135132	0.3947872519493103	0.05356576666235924	0.6612646579742432	0.6484636068344116	0.7929354310035706	0.39692223072052	0.4932621717453003	0.2844898998737335	0.23212620615959167	0.9685258865356445	0.7767993211746216	0.5904757380485535	0.5732554197311401	0.3660561442375183	0.4829868972301483	0.14205947518348694	0.5003136396408081	0.6289376616477966	0.4636189341545105	0.5094382762908936	1.432509183883667	0.5558399558067322	0.5048456788063049	0.6923245787620544	0.8801181316375732	0.7864303588867188	0.23221378028392792	0.5286415219306946	0.6932517886161804	0.938689112663269	0.39408624172210693	0.5839513540267944	0.16130688786506653	0.14435473084449768	1.1080131530761719	0.08050764352083206	0.3565846383571625	0.15676727890968323	0.2705008387565613	0.6161486506462097	0.7305837273597717	0.6422565579414368	1.1073639392852783	0.15589655935764313	0.396858811378479	1.8303653001785278	0.9222795367240906	1.3784477710723877	0.012493716552853584	0.38224366307258606	0.8870946764945984	0.34530317783355713	0.4821997880935669	0.3927200138568878	0.3996720314025879	0.9962438941001892	0.16602416336536407	0.5286380052566528	0.7773064374923706	0.36508214473724365	0.2487044632434845	0.17821365594863892	0.6700437068939209	0.9399543404579163	0.2851201593875885	1.134189248085022	0.9400656819343567	1.001847267150879	0.6762385368347168	1.1298115253448486	0.20354141294956207	0.2099948674440384	0.5427107810974121	0.8366967439651489	0.8456118106842041	1.0044115781784058	0.48162758350372314	0.2197476178407669	0.8884178400039673	0.37287887930870056	0.039919495582580566	0.8697243928909302	0.30440735816955566	0.6706013679504395	0.4600690007209778	0.47490769624710083	0.5680494904518127	0.4626155495643616	0.5496395230293274	0.2186637818813324	0.21012580394744873	0.5956974029541016	0.7270150184631348	0.24707913398742676	0.48659414052963257	0.5154727101325989	0.16687187552452087	0.38006433844566345	0.5880275368690491	0.34747546911239624	0.49527886509895325	0.44145503640174866	0.5972743034362793	0.4084116220474243	0.45692914724349976	0.7036850452423096	1.0381667613983154	0.1665230244398117	0.41838300228118896	1.2154113054275513	0.5452550053596497	0.16085213422775269	0.2799362242221832	0.6117300391197205	0.5438278913497925	0.0	0.28454411029815674	0.8858726024627686	0.23039424419403076	0.7219679355621338	0.8207108974456787	0.5910457968711853	0.7979010343551636	0.4958654046058655	0.8572594523429871	0.6434468626976013	0.2135922610759735	0.6414814591407776	0.042047932744026184	0.5152096748352051	0.21068979799747467	0.1796381026506424	0.2939469516277313	0.11082186549901962	0.508293628692627	0.5125426650047302	0.15322820842266083	0.2526452839374542	1.0212963819503784	0.9702756404876709	1.2275131940841675	0.6862790584564209	0.44816750288009644	0.9737213850021362	0.41245272755622864	0.37303534150123596	0.33777493238449097	1.0073603391647339	0.42162927985191345	0.37381160259246826	0.3125067353248596	0.18437135219573975	0.4811432659626007	0.6500588059425354	0.6990896463394165	0.49546825885772705	0.42760923504829407	0.565172553062439	0.2948606610298157	0.8302009105682373	0.3177698850631714	0.5658769011497498	0.3787870407104492	0.1969519853591919	0.6107609272003174	0.33593255281448364	0.40910428762435913	0.6368156671524048	0.44955435395240784	0.9715827703475952	0.13359282910823822	0.24484500288963318	0.246784970164299	0.708987832069397	1.3582408428192139	0.2781410813331604	0.10467023402452469	0.8424838781356812	1.082733154296875	0.22668452560901642	0.2896493077278137	0.3020041882991791	0.9904279708862305	1.449968695640564	0.20697927474975586	0.824840247631073	0.32743749022483826	0.15859268605709076	0.34621569514274597	0.21799415349960327	0.20828567445278168	0.7548477649688721	0.43450939655303955	0.7551929354667664	0.526634156703949	0.17727205157279968	0.10612000524997711	0.6679830551147461	0.14412902295589447	1.3640227317810059	0.5650143623352051	0.4691535532474518	0.8027350902557373	0.8241514563560486	0.41607436537742615	0.220590278506279	0.2683890163898468	0.7849439382553101	0.35437098145484924	0.516429603099823	0.3719713091850281	0.5233386754989624	0.23635070025920868	0.27120816707611084	1.16344153881073	0.8440312743186951	0.41915494203567505	0.29116544127464294	0.41053879261016846	0.9013936519622803	0.2591710388660431	0.6248008608818054	0.16309045255184174	0.09630724787712097	0.6846702098846436	0.5984538197517395	0.24049393832683563	0.20614629983901978	0.8013038635253906	0.7833073735237122	0.4611763060092926	0.25699329376220703	0.6576754450798035	0.8689837455749512	0.3294610381126404	0.25997498631477356	0.5538168549537659	0.8525152206420898	0.91966313123703	0.4831903278827667	1.320107340812683	0.07753552496433258	0.2846527397632599	0.10853810608386993	0.1022937148809433	0.7064124345779419	0.6169239282608032	0.6984736919403076	0.535306453704834	0.7952814698219299	0.8877485990524292	0.021236691623926163	0.6969324350357056	0.43132486939430237	0.05624840781092644	0.4660669267177582	1.1206881999969482	0.34143635630607605	0.14691868424415588	0.6616154909133911	0.7702634930610657	0.4190463423728943	0.3743777871131897	0.2678115665912628	0.19779027998447418	0.9278267621994019	1.1073743104934692	0.28558439016342163	0.6920395493507385	0.09701353311538696	0.5773345828056335	0.6231745481491089	0.38908833265304565	0.18039508163928986	0.3986291289329529	0.1765892207622528	0.6699309349060059	0.11102475225925446	0.5226837396621704	1.1504120826721191	1.120290994644165	0.3462831676006317	0.5925863981246948	1.3280086517333984	0.7345327734947205	0.6175822615623474	1.0299468040466309	0.42301976680755615	0.4411410391330719	0.5682491660118103	1.04409658908844	0.37325164675712585	0.3403812348842621	1.1817448139190674	0.16933207213878632	0.7175935506820679	0.4226274788379669	2.0435874462127686	0.6311377286911011	0.3685275912284851	0.16833028197288513	0.9732611775398254	0.16680403053760529	0.4142466187477112	0.720301628112793	0.00371745228767395	0.4966503083705902	0.6090042591094971	0.14420443773269653	0.3943062424659729	0.8362959027290344	0.13214120268821716	0.29336750507354736	0.3201889097690582	0.3106990456581116	0.5444039106369019	0.1957651525735855	0.6170333027839661	0.5344271659851074	0.4121190905570984	0.7075253129005432	0.3827042877674103	0.39782100915908813	0.4441808760166168	0.6513701677322388	0.9153691530227661	0.6868968605995178	0.10280145704746246	0.413418173789978	0.1073378250002861	0.2674643397331238	0.5672950148582458	0.12890960276126862	0.3040180504322052	0.4013538956642151	0.5295339822769165	0.2811099588871002	0.3749583065509796	0.8147998452186584	0.8302262425422668	0.9470144510269165	0.8003014326095581	0.7195467352867126	0.70734703540802	0.27487412095069885	0.7325505018234253	0.6487259864807129	0.37968307733535767	0.5756442546844482	0.7126563191413879	0.5270683169364929	0.9321396350860596	0.4266211986541748	0.36325880885124207	0.4509611129760742	0.04023357480764389	0.011148340068757534	0.5419698357582092	0.48677146434783936	1.2650959491729736	0.1996709555387497	0.14298921823501587	0.7339140772819519	0.6021659970283508	0.23043768107891083	0.4905679225921631	0.321780800819397	0.9916962385177612	0.2018982470035553	0.7235426902770996	0.41710156202316284	0.457189679145813	1.3686381578445435	0.31477731466293335	0.15784023702144623	0.8376764059066772	0.47344058752059937	0.20400410890579224	0.5623579025268555	0.5963858366012573	0.5077927112579346	0.09066294878721237	0.6599311232566833	0.2037356048822403	0.47200775146484375	0.9018548727035522	0.6005101203918457	0.32129618525505066	0.4922943711280823	0.6824299097061157	0.494343638420105	0.3615076541900635	0.165374293923378	0.9074774384498596	0.4775431752204895	0.8774030804634094	0.38036054372787476	0.32889634370803833	0.076280876994133	0.4733726680278778	1.1951490640640259	0.6465557813644409	0.7135365009307861	0.35380032658576965	0.9008802175521851	0.12481823563575745	0.6121606826782227	0.35118982195854187	0.4447564482688904	0.5386493802070618	0.801186203956604	1.6147493124008179	1.0331168174743652	0.7510503530502319	0.8582476377487183	0.2846033573150635	1.4729485511779785	0.1302189826965332	1.1000193357467651	0.06344084441661835	0.6684970259666443	0.3021872639656067	0.23652586340904236	0.21865010261535645	0.5318114161491394	0.5084741115570068	0.30385780334472656	0.3203304708003998	0.9108876585960388	0.5465568900108337	0.23998616635799408	0.7049918174743652	0.8753304481506348	0.5046668648719788	0.5704361796379089	0.4947619140148163	0.29589587450027466	0.0855889692902565	0.30386319756507874	0.3937177062034607	0.1488886922597885	0.7910140752792358	0.029553694650530815	0.23775452375411987	0.45840126276016235	0.4554941654205322	1.0094151496887207	0.0	0.4885987937450409	0.7848978042602539	0.14371834695339203	0.33816465735435486	0.42102178931236267	0.26252153515815735	1.0275198221206665	0.2467385232448578	0.7370886206626892	0.44944077730178833	1.632729411125183	0.2178303599357605	0.5825704336166382	1.0082043409347534	0.7782627940177917	1.0471765995025635	0.2571803331375122	0.38935890793800354	0.38196951150894165	0.3288646936416626	0.6539450287818909	0.24602314829826355	0.6175873875617981	0.4360954761505127	0.5441190004348755	0.2839379906654358	0.368656188249588	0.46146368980407715	0.9591480493545532	0.4394451081752777	0.11144103109836578	0.5150296688079834	1.0552005767822266	0.2532788813114166	0.10279005020856857	0.4518801271915436	0.8134499788284302	0.7675552368164062	0.22354140877723694	0.24617761373519897	0.5473370552062988	0.19441482424736023	1.4126158952713013	0.18954655528068542	0.31240057945251465	0.3491738438606262	0.2882387638092041	0.8339447975158691	0.42165330052375793	0.4414335787296295	1.1279010772705078	0.3995836079120636	0.4042993485927582	0.5313133597373962	0.33318138122558594	0.8644983172416687	0.26961085200309753	0.7987771034240723	0.5369142293930054	0.12262703478336334	0.40454769134521484	0.5556526780128479	0.6645345687866211	0.34999987483024597	0.16749832034111023	0.8663339018821716	0.6948754191398621	0.6802214980125427	1.064613699913025	0.6897838711738586	0.2026124894618988	0.16554135084152222	0.17817422747612	0.7982609272003174	0.2805892527103424	0.28565511107444763	0.5981748700141907	0.25459083914756775	0.2571180462837219	1.2588390111923218	0.2024025171995163	0.8032276630401611	0.502416729927063	0.7553777098655701	0.2272321879863739	0.3514978587627411	0.12199985235929489	0.1616670787334442	0.6325873136520386	0.49244898557662964	0.6925116181373596	0.04382584989070892	0.5243451595306396	0.6111227869987488	0.2059749811887741	1.0940641164779663	0.7320674061775208	1.0800745487213135	0.5305050611495972	0.19199274480342865	0.6354173421859741	0.40257346630096436	0.8235082030296326	0.6032062768936157	0.19271694123744965	0.2806973457336426	0.3563951849937439	0.403491735458374	0.2095905989408493	0.6729738712310791	0.44897377490997314	0.8114475607872009	0.7217798829078674	0.38977184891700745	0.8098147511482239	0.29062724113464355	0.25234389305114746	0.7034371495246887	0.825603187084198	0.47200486063957214	0.12241943180561066	0.5830609202384949	1.1136271953582764	0.7033126354217529	0.25420525670051575	0.6925068497657776	0.18645504117012024	0.49802669882774353	0.6880634427070618	1.2249573469161987	0.7351075410842896	0.5597678422927856	0.5609057545661926	0.6543779373168945	1.1807193756103516	0.6939035654067993	0.5675845146179199	0.6740284562110901	1.0767102241516113	0.22216881811618805	0.3110959827899933	0.8171898126602173	0.22645868360996246	0.3850754201412201	1.0570788383483887	1.045238971710205	0.1258346438407898	1.0301439762115479	0.45174747705459595	0.2236679494380951	0.17566582560539246	0.4364880323410034	0.5766143798828125	0.7184404730796814	0.5832774639129639	0.6116846799850464	0.6045893430709839	0.3587378263473511	0.1457797735929489	0.4538009464740753	0.5925495624542236	0.7856395840644836	0.38704100251197815	0.21706588566303253	0.5173489451408386	0.49699053168296814	0.22380612790584564	0.4240984618663788	0.8525159358978271	0.18269456923007965	0.7057469487190247	0.3187316060066223	0.3223589360713959	0.854996383190155	0.7513442635536194	0.4215376377105713	0.49717310070991516	0.34669649600982666	1.0797678232192993	0.9099260568618774	0.4755309820175171	0.32781389355659485	1.4886436462402344	0.6914418935775757	0.8070389032363892	0.5333266258239746	0.8156237602233887	0.3381511867046356	0.23681282997131348	0.2760326862335205	0.0	0.6723223328590393	0.0796213299036026	0.031228985637426376	0.24250495433807373	0.22228355705738068	0.20078524947166443	0.45894360542297363	0.3372861444950104	0.04277697578072548	1.0207747220993042	0.32679513096809387	0.7239371538162231	0.6441210508346558	0.04499368742108345	1.1211633682250977	0.21423517167568207	0.9746785759925842	0.4582107365131378	0.27143794298171997	0.4608933627605438	1.1035840511322021	0.694179117679596	0.1618630588054657	0.9071258306503296	0.6714776754379272	0.31776437163352966	0.25222525000572205	0.2956961393356323	0.5062112808227539	0.3162460923194885	0.2601621150970459	0.4704169034957886	0.16941891610622406	0.5603187680244446	0.5155910849571228	0.4863746166229248	0.2089410126209259	0.3053324818611145	0.42090070247650146	0.37954384088516235	0.6990136504173279	0.18630126118659973	0.054023973643779755	0.12388364970684052	0.06502068042755127	0.4391315281391144	0.1248202994465828	0.16145777702331543	0.61322420835495	0.7927387952804565	0.8767611980438232	0.4194351136684418	0.7681298851966858	0.7095350623130798	0.34794721007347107	1.2077763080596924	0.7031798362731934	0.4707310199737549	0.47024962306022644	0.6213083863258362	1.0130113363265991	0.4170956015586853	0.7605865001678467	0.7006819248199463	0.11318304389715195	0.5374196171760559	0.5448225736618042	0.17269819974899292	0.38527047634124756	0.22295109927654266	0.48116105794906616	0.30558329820632935	0.42611950635910034	1.8337311744689941	0.7455381155014038	0.22748994827270508	0.16321465373039246	0.47555792331695557	0.6234862804412842	0.4055076837539673	1.4342001676559448	0.565046489238739	0.869893491268158	0.12737199664115906	0.3472796678543091	0.9025286436080933	0.7092495560646057	1.1818830966949463	0.08907949179410934	0.2442128211259842	0.1264222115278244	0.5565042495727539	0.6968015432357788	0.9828845858573914	0.33201920986175537	0.5198941826820374	0.1847158670425415	0.33749449253082275	0.5469087958335876	0.6193879246711731	0.5385028123855591	0.27703797817230225	0.8613038659095764	0.009615276008844376	0.3093346655368805	0.0302902664989233	0.6490753889083862	0.40703505277633667	0.4788496196269989	0.5339159965515137	0.6218267679214478	0.49865204095840454	0.5424864292144775	0.39766407012939453	1.0133966207504272	1.0499072074890137	1.2319519519805908	0.18684598803520203	0.6859726309776306	0.42831140756607056	0.18908999860286713	0.11059652268886566	0.3838324546813965	0.3314238488674164	0.6026748418807983	0.7532349228858948	0.41658321022987366	0.2512332499027252	0.5258598327636719	0.5193328857421875	0.9707039594650269	1.4033846855163574	0.04754357039928436	0.2743549048900604	0.22606903314590454	0.4622650742530823	0.9184253811836243	0.3117920756340027	0.4782457649707794	0.28784412145614624	0.44095873832702637	0.9008431434631348	0.35885900259017944	0.46875524520874023	1.0546060800552368	0.17905913293361664	0.17104573547840118	0.5415523648262024	0.20315709710121155	0.3941212594509125	0.7198033332824707	0.681354820728302	0.36916661262512207	0.6168249249458313	0.29977571964263916	0.2742037773132324	0.21966037154197693	0.2784295082092285	0.06351451575756073	0.3309495747089386	0.40898188948631287	0.182006374001503	0.344122052192688	0.5374530553817749	0.08595821261405945	1.310253381729126	0.3905647099018097	0.9855621457099915	0.951797604560852	0.5172226428985596	0.34730690717697144	0.5730025768280029	0.4319573640823364	0.3584713041782379	0.7586805820465088	0.212539404630661	0.8779630661010742	1.1865198612213135	0.027558408677577972	0.798651933670044	0.22761347889900208	0.8621095418930054	0.25455865263938904	0.09081868827342987	0.3063717186450958	0.657194972038269	0.15248364210128784	0.4125940799713135	0.6883416175842285	0.052623096853494644	0.48943841457366943	0.7123706340789795	0.7290226221084595	0.3800123631954193	0.3773088753223419	0.3451896607875824	0.667413592338562	0.9677166938781738	1.2907522916793823	0.6449941992759705	0.5324121713638306	0.7363673448562622	0.17336909472942352	0.7978037595748901	0.23812782764434814
1.194502353668213	0.6967965364456177	0.7148840427398682	0.05017939954996109	0.09670887142419815	0.36092618107795715	0.6814730167388916	0.470075786113739	0.6473538279533386	0.28560957312583923	0.04914600029587746	0.34402114152908325	1.4131358861923218	0.3236794173717499	0.3465889096260071	0.460213840007782	0.16565844416618347	0.37622499465942383	1.070678949356079	0.3026617765426636	0.3149179220199585	0.2684270143508911	0.4492311179637909	0.5575050711631775	0.14596349000930786	0.9188079237937927	1.0606640577316284	1.3527934551239014	0.4956660270690918	0.5402525663375854	0.6838561296463013	0.34906914830207825	0.6931009888648987	0.16179059445858002	0.33570247888565063	0.4905288815498352	0.3016490638256073	0.4165005087852478	0.746706485748291	0.35647958517074585	0.12402109056711197	1.423828125	0.6008947491645813	0.5070008039474487	0.11194313317537308	0.2170943319797516	0.40239620208740234	0.47881829738616943	0.5077617168426514	1.338545799255371	0.7474403381347656	0.6466333270072937	0.8169032335281372	0.5174262523651123	0.5461410880088806	0.30053019523620605	0.5948602557182312	0.15305548906326294	0.4298948347568512	0.12494644522666931	0.23641549050807953	0.2281976193189621	0.7050992250442505	0.6747952103614807	0.24271711707115173	0.3719215989112854	1.1837835311889648	0.2081330120563507	0.5722320675849915	1.0816214084625244	0.4080086052417755	0.26995721459388733	0.9850068092346191	0.612855076789856	0.502318263053894	0.17485712468624115	0.707632839679718	0.008967410773038864	0.8418537378311157	0.7787706851959229	0.2790936827659607	0.6738281846046448	0.2410847544670105	0.21342775225639343	0.7299908995628357	0.24992859363555908	0.7470560669898987	1.1956920623779297	0.5339320302009583	0.20626714825630188	0.13166731595993042	0.5994382500648499	0.01167762279510498	0.5122121572494507	0.3365589678287506	0.1091010570526123	0.31201159954071045	0.230308398604393	0.37662455439567566	0.001789722591638565	0.03524838387966156	0.3459465503692627	0.8114195466041565	0.8665006756782532	0.44665271043777466	0.8479987382888794	0.7625594139099121	0.0038387503009289503	0.7865357398986816	0.3875481188297272	0.37319502234458923	0.22527121007442474	1.0535348653793335	0.4463455080986023	0.6535379886627197	0.41561126708984375	0.677306056022644	0.25042179226875305	1.386444091796875	0.6895377039909363	1.0031040906906128	0.18071283400058746	0.8801393508911133	0.4956394135951996	1.3085227012634277	0.5951305627822876	0.22531023621559143	0.48569491505622864	0.2421858161687851	0.03281857818365097	0.38165152072906494	0.40977734327316284	0.4871273934841156	0.24282044172286987	0.6462578177452087	0.8400424122810364	0.4424745440483093	0.7067348957061768	0.5014891624450684	0.4661499261856079	0.5464372038841248	0.002054234966635704	0.5112283825874329	0.5535387396812439	0.6949142217636108	0.9749882817268372	1.2437639236450195	0.07728742063045502	0.04385846108198166	0.9731342792510986	0.43664905428886414	0.21211756765842438	0.006569987162947655	1.0635420083999634	0.39237305521965027	0.7926967144012451	0.4370209574699402	0.43291348218917847	0.41211074590682983	0.20969723165035248	0.8812036514282227	0.735119640827179	0.3689141869544983	0.3279586136341095	0.3901539146900177	0.5316956639289856	0.030733052641153336	0.1647823601961136	1.5718786716461182	1.0548900365829468	0.753570556640625	0.7602829933166504	0.4208862781524658	1.2601567506790161	0.5210351347923279	0.16402748227119446	0.3570912182331085	0.36278924345970154	0.07398593425750732	0.2634202241897583	0.49607187509536743	0.651222825050354	0.7454853057861328	0.7377237677574158	0.2826721966266632	1.2152825593948364	0.21583867073059082	0.4239250421524048	1.096105694770813	0.6207200288772583	0.542492687702179	0.18548528850078583	0.5119876861572266	0.2864997684955597	0.6353049874305725	1.182062029838562	0.5590716600418091	0.21161752939224243	0.4364151954650879	1.0335311889648438	0.707926332950592	0.9559640884399414	0.7622566223144531	0.498110830783844	0.21071036159992218	1.208799123764038	0.48274555802345276	0.5159968137741089	0.7926760911941528	0.13836392760276794	0.010003011673688889	0.7728930711746216	0.3189293444156647	0.320584237575531	0.7921462655067444	0.8115928173065186	0.48343175649642944	0.6024070978164673	0.45092564821243286	0.7310519218444824	0.4213656187057495	0.6557189226150513	0.4967683255672455	0.6942887306213379	0.14631453156471252	0.14635664224624634	0.9643243551254272	0.645329475402832	0.3348453640937805	0.8366343975067139	0.3335605561733246	0.4455410838127136	0.2653038501739502	1.5298223495483398	0.25812220573425293	0.3264731466770172	0.1337314397096634	0.4948064088821411	0.7321705222129822	0.3700987994670868	0.5721645355224609	0.22888335585594177	0.2683303654193878	0.7458468079566956	0.5476605892181396	0.5891899466514587	0.4304502010345459	0.23148785531520844	0.31212368607521057	0.6960428357124329	0.6863517165184021	0.5489387512207031	0.3128799796104431	0.21088887751102448	0.7426667213439941	0.21990534663200378	0.05051760748028755	0.8959662318229675	1.000719666481018	0.47118139266967773	0.4766249358654022	0.6695094704627991	0.5009140372276306	0.7142836451530457	0.5051645040512085	0.2608726918697357	1.0748237371444702	0.3511308431625366	0.3918207883834839	0.7759872674942017	0.606846809387207	0.7311877608299255	0.7939061522483826	0.7309398651123047	0.5774859189987183	0.3380167484283447	0.7683478593826294	1.231574535369873	0.39304888248443604	0.25868499279022217	0.500335156917572	1.4976067543029785	0.5785393118858337	0.19851753115653992	0.531873881816864	0.43283703923225403	0.4645424783229828	0.4302974343299866	1.0894267559051514	0.48884379863739014	0.37050747871398926	0.6238952279090881	0.3059898018836975	0.29650112986564636	0.7255146503448486	1.119879961013794	0.34265726804733276	0.6172901391983032	0.9351615309715271	0.6173603534698486	0.4187934994697571	0.2572360038757324	0.5226740837097168	0.7544339895248413	0.4094698429107666	0.124664805829525	0.13058769702911377	0.7290658354759216	0.46266183257102966	1.042520523071289	0.15295693278312683	0.1838492900133133	0.5187593102455139	0.05259782075881958	0.7619557976722717	1.4348087310791016	0.11628656089305878	0.1925303041934967	0.8595681190490723	0.20144914090633392	0.6040341854095459	0.643517792224884	0.5533953309059143	0.7074844837188721	0.5847503542900085	0.24623727798461914	0.563087522983551	0.8120049238204956	0.5821484327316284	0.8510082364082336	0.30268463492393494	0.32479655742645264	0.21752852201461792	1.0684508085250854	0.1519724279642105	0.8106993436813354	0.08344747126102448	1.081291913986206	0.44318923354148865	0.7455736994743347	0.2236316204071045	0.7649540305137634	0.2081972360610962	0.14402666687965393	0.17476698756217957	0.43180322647094727	0.6130553483963013	0.36466339230537415	0.7879649996757507	0.3592029809951782	0.19209468364715576	0.5655351877212524	0.19686047732830048	0.7010960578918457	0.8302148580551147	0.2545868456363678	0.5114096999168396	0.43742263317108154	0.2861306369304657	1.0514265298843384	0.3734195828437805	0.5828279852867126	0.46942993998527527	0.13511565327644348	1.188051700592041	0.9350565075874329	0.9890645742416382	0.06543798744678497	0.5484376549720764	0.14050215482711792	0.28774911165237427	0.4134829044342041	0.4498029947280884	0.46833404898643494	0.05638718605041504	0.7485529184341431	1.1838699579238892	0.5760179758071899	0.36108431220054626	0.3035743534564972	0.4607253074645996	0.4797924757003784	0.6248513460159302	0.42357656359672546	0.4771777093410492	0.4174971580505371	1.0062315464019775	0.6501108407974243	0.4788053035736084	0.45838770270347595	0.6981804370880127	0.9466859698295593	0.43322375416755676	0.9157195687294006	0.5147033929824829	0.5215453505516052	0.4537402093410492	0.8106305599212646	1.5627942085266113	0.8575754761695862	0.3586077392101288	0.6602591276168823	0.6935515403747559	0.15270152688026428	0.06932897865772247	0.5634193420410156	0.7795287370681763	0.6096657514572144	0.611636757850647	0.27684980630874634	0.8429254293441772	0.4079399108886719	0.549147367477417	0.5164939165115356	0.48507407307624817	0.6794669032096863	1.072937250137329	0.6597245931625366	0.5973806977272034	1.6758941411972046	0.26048222184181213	0.32411444187164307	0.7933154702186584	0.5963749885559082	0.4308352470397949	0.9303745031356812	0.658888578414917	0.42223668098449707	0.8544328212738037	0.8129684329032898	0.30705806612968445	0.8874825239181519	0.5620803833007812	0.3061673939228058	0.2385457456111908	0.27878016233444214	0.40211543440818787	0.43456506729125977	0.487132728099823	0.44962459802627563	0.358325332403183	1.1163839101791382	1.2879172563552856	0.32782232761383057	0.28166693449020386	0.6781307458877563	0.47231054306030273	0.5300324559211731	0.6946603059768677	0.5058221817016602	0.3918512165546417	0.3471110463142395	1.2851569652557373	0.6831771731376648	1.0283485651016235	0.1484127938747406	0.442954421043396	0.31568285822868347	0.5114458799362183	0.2641468048095703	0.726585328578949	0.5633941888809204	0.38577109575271606	1.0500019788742065	0.8384179472923279	0.4345836341381073	0.7810043096542358	0.15590214729309082	0.5193936228752136	1.2822778224945068	0.525094747543335	0.4101153612136841	0.5612589120864868	0.2648967504501343	0.39051735401153564	0.6104009747505188	0.944724440574646	0.18160249292850494	0.0904931053519249	0.75755774974823	0.3569181561470032	0.25426405668258667	0.5952445864677429	0.39028286933898926	0.9202637672424316	0.7382653951644897	0.6612108945846558	0.2912198305130005	0.6120108962059021	0.3657014071941376	0.6365124583244324	0.33850184082984924	0.2757755517959595	0.5746083855628967	0.36593008041381836	0.1777775138616562	0.2902728021144867	0.3045322299003601	0.23755726218223572	1.2759711742401123	0.4151785969734192	0.33316469192504883	0.447780042886734	0.4065423905849457	0.506108283996582	0.35421472787857056	0.16897036135196686	0.34301814436912537	0.8279558420181274	0.439742773771286	0.38607192039489746	1.3012253046035767	0.5094161629676819	0.497893750667572	0.23643067479133606	0.4155834913253784	0.4738483726978302	0.6126137375831604	0.8071723580360413	0.41060683131217957	0.28683361411094666	1.579400897026062	1.4853930473327637	0.8708717226982117	0.4930432140827179	0.28235048055648804	1.0499062538146973	0.8544093370437622	0.02790546417236328	0.8491301536560059	0.3883686661720276	0.5281587243080139	0.7743262648582458	0.3200024962425232	0.7758021354675293	0.2950916886329651	0.8109110593795776	0.11508774757385254	0.6536473631858826	0.4911532700061798	0.7937271595001221	0.6279747486114502	0.1679641306400299	1.2938956022262573	0.572499692440033	1.28741455078125	1.2659679651260376	0.40586286783218384	0.9734938144683838	0.11811254173517227	0.5743210911750793	0.6911959648132324	0.24514661729335785	0.5911674499511719	0.6111090183258057	0.8048583269119263	0.31839826703071594	0.930680513381958	0.5324233174324036	0.514127254486084	0.45070379972457886	0.8835428953170776	0.295110821723938	0.2924065887928009	0.8229100108146667	0.2800178527832031	0.6794980764389038	0.2816499173641205	0.32576000690460205	0.3742886185646057	0.12907381355762482	1.1130043268203735	0.0	0.9670593738555908	0.7288918495178223	0.6575844287872314	0.180106058716774	0.32030099630355835	0.584092915058136	0.5501835346221924	0.6146835684776306	0.6568313837051392	0.6098618507385254	0.4261952340602875	0.568820595741272	0.738944411277771	0.30931857228279114	0.8803620934486389	0.28200969099998474	0.9245313405990601	0.29869353771209717	0.7247064709663391	0.5550607442855835	0.7515093684196472	0.3117244839668274	0.43507230281829834	0.7997967004776001	0.5656265020370483	0.4855819046497345	0.5087518692016602	0.49316561222076416	0.2050529569387436	0.43650057911872864	0.20397372543811798	1.1531867980957031	0.6641532182693481	0.7567055225372314	0.48916250467300415	0.17357902228832245	0.817197859287262	0.17351068556308746	0.5096327066421509	0.45691972970962524	0.10759735107421875	0.30622223019599915	0.1633245348930359	0.2811719477176666	0.541840672492981	0.48154348134994507	0.5195605754852295	0.5658659338951111	0.4441254436969757	0.8671391010284424	1.29959237575531	0.5926013588905334	0.6238377690315247	0.11700856685638428	0.6737726330757141	0.6731245517730713	0.43237701058387756	0.6760590672492981	0.14362716674804688	0.1767500638961792	0.9428088068962097	0.8130075335502625	0.37109822034835815	0.8088020086288452	0.03977116197347641	0.26339754462242126	0.7308576703071594	0.3014211654663086	0.38348597288131714	0.44761624932289124	0.5865774154663086	1.2086366415023804	0.21807102859020233	0.26067379117012024	0.6705108880996704	0.028750255703926086	1.0572278499603271	0.9036662578582764	0.007184091489762068	0.6533447504043579	0.28941959142684937	0.542192816734314	0.2748120427131653	0.2569026052951813	0.884066641330719	0.376396119594574	0.31698161363601685	0.36206308007240295	0.13783615827560425	0.2735942006111145	0.3635595738887787	0.7248837947845459	0.7639523148536682	0.2558877766132355	0.47802138328552246	0.0	0.6064908504486084	0.10754208266735077	0.36861175298690796	0.6017487049102783	0.23367787897586823	0.6084789633750916	0.9625831842422485	0.1244560107588768	0.1632886528968811	1.7410542964935303	0.05353526026010513	0.6035448908805847	0.3192822337150574	1.1580253839492798	0.8305196166038513	0.8007354736328125	0.7728333473205566	0.6709765791893005	0.5594709515571594	0.5942350625991821	0.4622480273246765	1.908490538597107	0.8693634867668152	0.9144918918609619	0.42066749930381775	0.4144727289676666	0.9571429491043091	0.480101615190506	0.47597625851631165	0.880344808101654	0.7274967432022095	0.33890169858932495	0.8304404020309448	0.0489870086312294	0.2889412045478821	0.4705168306827545	0.3382619321346283	0.284715473651886	1.0282022953033447	0.4223977327346802	0.8544020652770996	0.23006445169448853	0.011661797761917114	1.387101173400879	0.231209859251976	0.4421175718307495	0.5198220014572144	0.9808021187782288	0.5107859373092651	0.6893198490142822	0.47033679485321045	0.8161501884460449	0.732467770576477	0.5573660135269165	0.4045533537864685	0.8649990558624268	0.588414192199707	0.27256184816360474	0.18997690081596375	0.2649409770965576	0.749302864074707	0.3812352120876312	0.5873607993125916	0.31195324659347534	0.8218497633934021	0.7424365282058716	0.3487851619720459	0.47899574041366577	0.8671512007713318	0.7523373365402222	0.35124367475509644	0.4420810043811798	0.855417013168335	1.1009762287139893	0.8638231158256531	0.44540488719940186	0.39118245244026184	0.7276357412338257	0.55512934923172	0.809805154800415	1.1156058311462402	0.5918859839439392	0.5035141706466675	0.3559248149394989	0.11043758690357208	0.30721864104270935	0.8267794847488403	0.9578185677528381	0.24584919214248657	0.9702845811843872	1.0270001888275146	1.3165407180786133	0.17769502103328705	0.32356011867523193	0.7495152950286865	0.4441155195236206	0.22696956992149353	0.47752028703689575	0.18053379654884338	0.2873086929321289	0.32990315556526184	0.4601590931415558	0.6924116015434265	1.0448427200317383	0.673095703125	0.46517494320869446	0.1932220458984375	0.7192699313163757	0.445899099111557	0.3083781898021698	0.37065622210502625	0.6293222904205322	0.19209130108356476	1.0335824489593506	0.6223925352096558	0.19370552897453308	0.6311675310134888	0.44911709427833557	0.38803574442863464	0.38536742329597473	0.7170394062995911	0.60597825050354	0.6205785870552063	0.9532267451286316	1.1478512287139893	0.2917018234729767	0.29342710971832275	0.9149214029312134	1.1650038957595825	0.5595985054969788	0.29428812861442566	0.5508296489715576	0.40580493211746216	1.36152982711792	0.6019494533538818	0.23560351133346558	0.7481750249862671	0.9473980665206909	0.6110426783561707	0.5436750650405884	0.3465050458908081	0.4703449606895447	0.03178931027650833	0.24101372063159943	0.5305083990097046	0.5207834243774414	0.4089200496673584	1.1676832437515259	0.7086078524589539	0.6109066009521484	0.22444157302379608	0.4582919776439667	0.5929160714149475	0.44020169973373413	0.7368459701538086	0.7036649584770203	0.9748162627220154	0.9414322972297668	0.3654434084892273	0.4493449628353119	0.4208921194076538	0.23995056748390198	0.36521458625793457	0.09157860279083252	0.34250715374946594	0.7923839092254639	0.8720676898956299	0.15811894834041595	0.49902939796447754	0.27031365036964417	0.3185328245162964	0.6645147204399109	0.5462733507156372	0.13625003397464752	0.35347917675971985	0.8527845740318298	0.5501244068145752	0.5607584714889526	0.514562726020813	0.9444111585617065	0.29210951924324036	0.3688332140445709	0.5358073711395264	0.3499593734741211	0.7570028901100159	0.9008618593215942	0.7017210721969604	0.6662658452987671	0.8003926873207092	1.0170629024505615	0.27534499764442444	0.6685052514076233	0.25881195068359375	0.3599626421928406	0.2932356894016266	0.23832689225673676	0.43624067306518555	0.41101503372192383	0.15565061569213867	0.7254878282546997	0.763092577457428	0.6196781396865845	1.0016934871673584	0.28620484471321106	0.12721537053585052	0.1523333340883255	0.5373414754867554	0.7110028862953186	0.4979223906993866	1.0772747993469238	0.3878125250339508	0.9192663431167603	0.6228304505348206	1.148202896118164	0.9273057579994202	0.2932592034339905	0.9425824880599976	0.44022470712661743	0.1716669350862503	1.3459696769714355	0.4247957468032837	1.0694608688354492	0.8107603788375854	0.5488547086715698	0.5566361546516418	0.13571049273014069	0.7331992387771606	0.1673748791217804	0.8671196699142456	0.2761985659599304	0.5632935762405396	1.1507312059402466	0.17591911554336548	0.928970456123352	0.3410242795944214	0.17545832693576813	0.6189464330673218	0.45508483052253723	0.6363140344619751	0.7033451199531555	0.2451707422733307	0.1828208565711975	0.4413599371910095	0.4398534893989563	0.17469289898872375	0.4245865046977997	0.44226759672164917	0.2652565836906433	0.109162837266922	0.23717370629310608	0.06441944092512131	0.9321489334106445	0.28783896565437317	0.722433865070343	0.3481205999851227	0.14845260977745056	0.36175665259361267	0.5374535918235779	0.8852149248123169	0.6857698559761047	1.0078520774841309	0.4185284376144409	0.6546759605407715	0.3034343719482422	0.9997674822807312	0.7249216437339783	0.7184461355209351	0.16755177080631256	0.6690912842750549	0.0716584175825119	0.739917516708374	0.17736288905143738	0.45701882243156433	0.4631236791610718	0.16504916548728943	0.11218671500682831	0.40540558099746704	0.564677894115448	0.9566419720649719	0.19586174190044403	0.6594461798667908	1.227168321609497	0.6234748363494873	0.011160816997289658	0.45410048961639404	0.6080604195594788	0.20302893221378326	0.06565287709236145	0.4356069564819336	0.2922873795032501	0.2683927118778229	0.23693706095218658	0.43305861949920654	0.4589783549308777	0.9512044191360474	0.14003854990005493	0.2233855128288269	0.6438472867012024	0.3094293177127838	1.4257607460021973	0.04350389912724495	0.8492868542671204	0.3134099245071411	0.4467465877532959	0.4476015269756317	0.6900514960289001	0.34257230162620544	0.8573383688926697	1.0036276578903198	0.954806387424469	0.34792381525039673	1.3205995559692383	0.8885069489479065	0.6820952892303467	0.39025649428367615	0.3260807394981384	0.37171924114227295	0.5604040622711182	0.6190460920333862	0.5150920152664185	0.7769925594329834	0.43443572521209717	0.7348862886428833	0.9274028539657593	0.7215010523796082	0.3582315742969513	0.23503674566745758	0.5590892434120178	0.5975346565246582	0.554870069026947	0.2820947468280792	0.46785417199134827	0.6144648790359497	0.6760095357894897	0.30386024713516235	0.32444459199905396	0.3905671536922455	0.43417805433273315	0.4153062403202057	0.47347545623779297	0.3352932631969452	0.7405422329902649	0.053982049226760864	0.5295151472091675	0.4880858361721039	0.4458214342594147	0.6826393008232117	0.09033697843551636	1.1071923971176147	0.7376046776771545	0.7959555983543396	0.6016335487365723	0.17774829268455505	0.27696600556373596	0.42772504687309265	0.3428484797477722	0.6971026062965393	0.3364326059818268	0.11175132542848587	0.7768740057945251	0.9730519652366638	0.125383198261261	0.27230212092399597	0.3296888768672943	0.44922560453414917	0.8718751072883606	0.32297250628471375	0.43668025732040405	0.4411275386810303	0.6033320426940918	0.2383372187614441	0.5666854977607727	0.3633052706718445	0.0006289975717663765	0.15403398871421814	0.23787230253219604	0.8480560779571533	0.006977313198149204	0.1183554008603096	0.1856278032064438	1.2236870527267456	0.05417581647634506	0.9607176780700684	0.5051801800727844	0.6111158728599548	0.6718816161155701	0.3763147294521332	0.4487747550010681	0.397799015045166	0.18319372832775116	0.22849714756011963	0.4755142033100128	0.2865261137485504	0.9044284820556641	0.37271127104759216	0.19918785989284515	0.9222888946533203	0.16839545965194702	0.22585520148277283	0.24914349615573883	0.9416173696517944	0.39937081933021545	0.4986516237258911	0.7513041496276855	0.6225714683532715	0.2350853830575943	1.0808296203613281	0.6943917274475098	0.37598925828933716	0.5921460390090942	0.5318284034729004	0.135457843542099	0.958411693572998	0.2449609935283661	0.5232248902320862	0.025180820375680923	0.32887375354766846	0.5499341487884521	1.4492759704589844	0.18360409140586853	0.517507791519165	0.8204492330551147	0.5594907999038696	1.2178912162780762	0.6692513823509216	0.5787281394004822	0.38899052143096924	0.12351424247026443	0.9586039781570435	0.33653080463409424	0.6529051661491394	0.8478415012359619	0.7613255977630615	0.6443769931793213	1.1931908130645752	0.37525832653045654	1.0693327188491821	0.37390705943107605	0.13145694136619568	0.9683338403701782	0.10982266068458557	0.8240473866462708	0.6725071668624878	0.7010142803192139	0.344551682472229	0.6949103474617004	1.0991039276123047	0.3576175570487976	0.756349503993988	1.8339738845825195	1.074275255203247	0.6142973303794861	0.9382866621017456	1.0558778047561646	0.2634352743625641	0.49470892548561096	0.40381601452827454	0.6344631910324097	0.0	0.5362759828567505	0.21009418368339539	0.4221254587173462	0.3631433844566345	0.03122873045504093	0.6391129493713379	0.3909544348716736	0.8257911205291748	0.18274815380573273	0.7913967370986938	0.23098719120025635	0.6819040775299072	0.3532147705554962	0.8036893010139465	0.23417221009731293	0.19091187417507172	0.4514320194721222	0.31896018981933594	0.5241947174072266	0.6764689087867737	0.2547110319137573	0.4384164810180664	0.21318431198596954	0.26571008563041687	0.6516976356506348	0.66842120885849	0.5268858075141907	0.38150960206985474	0.5590543746948242	1.854870319366455	0.0290166437625885	0.7283463478088379	0.8906670808792114	0.415208101272583	0.3269849419593811	0.5196358561515808	0.00012600091577041894	0.13906316459178925	0.2158937305212021	1.1414824724197388	0.3305414915084839	0.35596203804016113	0.45119160413742065	0.5584197044372559	0.06260266900062561	0.30535241961479187	0.8465229272842407	0.3602806329727173	0.14433161914348602	0.6267123818397522	0.5705235004425049	1.0301727056503296	1.171161413192749	1.0861097574234009	0.06366323679685593	0.6112902760505676	0.21469846367835999	0.21671149134635925	0.16930709779262543	1.0278675556182861	0.27162033319473267	0.45422953367233276	0.16891933977603912	0.17516008019447327	0.7448460459709167	0.793310284614563	0.5875049829483032	0.5838150382041931	0.7823857069015503	0.8531040549278259	0.3864145874977112	0.4742720127105713	0.796120285987854	0.6791931390762329	0.6290929317474365	0.7113213539123535	0.5119699239730835	0.6182488799095154	0.533210039138794	0.719304084777832	0.6909544467926025	0.6034114956855774	0.6235241889953613	0.042422279715538025	0.20955796539783478	1.3091778755187988	0.6654857397079468	0.5365273356437683	0.49812161922454834	1.122532844543457	0.6925045251846313	0.7034813165664673	0.3993861675262451	0.40902093052864075	0.418836772441864	1.2252253293991089	1.2474035024642944	0.8932741284370422	1.2508392333984375	0.48420771956443787	0.8869822025299072	0.4950309693813324	0.4379725456237793	0.41439583897590637	0.23361393809318542	0.7875922918319702	0.4736928641796112	0.7230997085571289	0.4845622777938843	1.0305392742156982	0.6959552764892578	1.0577795505523682	0.5476194620132446	0.6681044101715088	0.7044661045074463	0.655276894569397	0.08070439845323563	0.5079473853111267	0.6958696246147156	0.20775888860225677	0.6175717711448669	0.5797452330589294	0.3309318721294403	1.6069878339767456	0.7067816257476807	0.32671207189559937	0.22366350889205933	0.15062937140464783	0.9634341597557068	0.6154589056968689	0.28617268800735474	0.6797011494636536	0.6122161149978638	0.4139547646045685	0.03397354111075401	0.35483261942863464	0.6877551674842834	0.11976718157529831	0.31243276596069336	0.6255890130996704	0.20314298570156097	0.9068441390991211	0.7976752519607544	0.4596497118473053	0.30845388770103455	0.6088299751281738	1.10379159450531	1.2366899251937866	0.5117752552032471	0.28220218420028687	0.2774748206138611	0.42821839451789856	0.417405903339386	0.26398488879203796	0.2155502587556839	0.6193383932113647	0.6649824380874634	0.8108412623405457	0.38577187061309814	0.9112004637718201	0.7646722793579102	0.5505573153495789	0.8288612365722656	0.16056029498577118	0.43828582763671875	0.6950984597206116	1.0887885093688965	0.453988254070282	0.3788405656814575	0.3180926442146301	0.6226491928100586	0.733100414276123	0.35305267572402954	0.6215386986732483	0.833996057510376	0.5111365914344788	0.4492442011833191	0.347319632768631	0.46387720108032227	0.4323112964630127	0.15551385283470154	0.5022801160812378	0.5005770921707153	0.2537182569503784	0.585064172744751	0.04951802268624306	0.7266150116920471	0.42816948890686035	0.550613522529602	0.33396923542022705	0.42483940720558167	0.9409119486808777	0.8410771489143372	0.7640073895454407	0.8112008571624756	0.5240923166275024	0.442442387342453	0.6668951511383057	0.37990111112594604	0.11298325657844543	0.17529352009296417	0.41512924432754517	0.13841921091079712	0.7233144640922546	0.7787190675735474	0.26203012466430664	0.03200867772102356	0.5106368064880371	0.422387033700943	0.7368824481964111	0.8994916081428528	0.3643966317176819	0.27821096777915955	0.4123644232749939	0.899782657623291	0.6958611607551575	1.2827072143554688	0.29877594113349915	0.44750261306762695	0.5416907072067261	0.9270384311676025	0.9002672433853149	0.7376115918159485	0.5618338584899902	0.3319869041442871	0.31159600615501404	0.46080291271209717	0.25883403420448303	1.393357276916504	0.808285653591156	0.4651998281478882	0.3230087161064148	1.0030075311660767	0.8622828125953674	0.47609901428222656	0.36439746618270874	0.924900472164154	0.40866556763648987	0.6121588945388794	0.07071714103221893	1.032522439956665	0.9392671585083008	0.5451411604881287	0.8901298642158508	0.6708681583404541	0.5380157232284546	0.5675217509269714	0.4685158431529999	0.6856532096862793	0.4930516481399536	0.9596505761146545	1.3414320945739746	0.3057471811771393	1.0565301179885864	1.0221928358078003	0.0	0.782188892364502	0.17065390944480896	0.6156212687492371	0.2618372440338135	0.2655915319919586	0.4258340299129486	0.6109505295753479	0.9626240134239197	0.6929399967193604	0.2404181957244873	1.058356523513794	0.1584096997976303	0.49242308735847473	0.4822002351284027	0.6702138781547546	0.42733436822891235	1.1967045068740845	0.5533596873283386	0.2633097767829895	0.7502598762512207	0.8043034076690674	0.4224366247653961	0.10140161961317062	1.101766586303711	0.18039058148860931	0.6533103585243225	1.0635980367660522	0.9398745894432068	0.36384737491607666	0.8468080759048462	0.4019264578819275	0.4168491065502167	0.4697124660015106	0.44745635986328125	0.38875818252563477	0.37464624643325806	0.18261928856372833	0.20709699392318726	0.2655128240585327	0.48811912536621094	0.14490479230880737	0.7600958943367004	0.3834768831729889	0.2824714481830597	0.42957454919815063	0.6172921657562256	1.1520625352859497	0.4801652431488037	0.5679592490196228	0.6741153001785278	0.46970486640930176	1.0523744821548462	0.0920901894569397	0.44902026653289795	0.5890373587608337	0.6757323145866394	0.8761829137802124	0.38703951239585876	1.124786376953125	0.37824198603630066	0.0	0.5325677990913391	0.09397564083337784	0.7802149057388306	0.060897596180438995	0.92778480052948	0.7506121397018433	0.16105076670646667	0.8144468665122986	0.4884847104549408	0.7121371030807495	0.2829243540763855	0.7513724565505981	0.007991899736225605	1.19102144241333	0.2551126778125763	1.3795325756072998	0.3153657019138336	0.7841489911079407	0.6317332983016968	0.045054320245981216	0.9645998477935791	0.6141363978385925	0.514725923538208	0.11110766232013702	0.9181641340255737	0.6383774876594543	0.41381239891052246	0.5523946285247803	0.25936248898506165	0.6023639440536499	0.22468301653862	0.36326196789741516	0.7263265252113342	0.8613235950469971	0.0629800409078598	0.48908573389053345	0.4452270567417145	0.5130841135978699	0.4082236588001251	0.4762077033519745	0.17635707557201385	0.4149894714355469	1.156569242477417	0.1320011019706726	0.6801128387451172	0.1366153359413147	0.975935697555542	0.39188364148139954	0.3303588628768921	0.9651542901992798	0.1991691291332245	0.9471029043197632	0.3889073133468628	0.9645850658416748	0.5634661316871643	0.478015661239624	0.5244100689888	0.7499496936798096	0.2539467513561249	0.19834786653518677	0.13406097888946533	0.42827388644218445	0.3630589246749878	0.3829479515552521	1.0450012683868408	0.9189833402633667	0.5766656398773193	0.1097831130027771	0.626201868057251	0.2386607676744461	1.0871912240982056	0.3627530634403229	0.5705059170722961	0.4496150612831116	0.22513385117053986	0.8921584486961365	0.7747265696525574	0.4995550811290741	0.4173431098461151	0.8273964524269104	0.4387005567550659	0.14889249205589294	1.1253827810287476	0.5209918022155762	0.5173008441925049	0.8227474689483643	0.22244040668010712	0.8533024787902832	0.20850324630737305	0.3557875454425812	0.3865521252155304	0.8653483390808105	0.8011342287063599	0.9454950094223022	0.5211998224258423	0.6608999371528625	0.7044657468795776	0.8167478442192078	0.5510608553886414	0.5770430564880371	0.9304503798484802	0.3998417854309082	0.846924364566803	0.9744003415107727	0.5439885258674622	0.8780037760734558	0.504838228225708	0.5330089330673218	1.0066165924072266	0.7026158571243286	0.5836089253425598	0.8434344530105591	0.6941496729850769	0.4479067325592041	1.444922685623169	1.0847927331924438	0.6830757856369019	0.44962364435195923	1.1240217685699463	0.2815132141113281	0.3975079357624054	0.6684359908103943	0.3361818790435791	0.37234535813331604	0.5399821400642395	0.7907829880714417	0.13867737352848053	0.7241313457489014	0.14203926920890808	0.33526724576950073	0.33127719163894653	0.389984667301178	0.7061994075775146	0.2772131860256195	0.27573996782302856	0.5684127807617188	0.181566521525383	0.2785066068172455	0.21801705658435822	0.2673552930355072	0.2987940311431885	0.35042425990104675	0.8000151515007019	0.17975911498069763	0.10189618915319443	0.7216214537620544	0.8536803126335144	0.7155079245567322	0.29044657945632935	0.13278336822986603	0.5073692202568054	0.16704869270324707	1.0441757440567017	0.4188612997531891	0.6764957308769226	1.1221966743469238	0.49423375725746155	0.3640381097793579	0.5254602432250977	0.40891212224960327	0.37663131952285767	1.1047135591506958	0.10912337899208069	0.35087311267852783	1.0743353366851807	0.5595014691352844	0.700027585029602	0.47402897477149963	0.7038806676864624	0.3367578983306885	0.7408153414726257	0.2812574505805969	0.13226234912872314	0.7412192225456238	0.4774678349494934	1.0147559642791748	0.4066137373447418	0.08375168591737747	1.1001601219177246	0.9454643726348877	0.3147345185279846	0.3445582091808319	0.5161895155906677	0.2657212018966675	0.527407705783844	0.3015427589416504	0.3709256947040558	0.6723757386207581	0.7383974194526672	0.7134370803833008	0.18879073858261108	0.846950352191925	0.5652655363082886	0.3609260618686676	0.4962500035762787	0.33809322118759155	0.3622925281524658	0.6328674554824829	0.5313804745674133	0.27980464696884155	0.4113789200782776	0.034154295921325684	0.08190138638019562	0.22115616500377655	0.6271267533302307	0.7816374897956848	0.8580365777015686	0.7790412902832031	0.9233694672584534	0.390863299369812	0.7086321711540222	1.115216851234436	0.6144404411315918	0.7815277576446533	0.3669872283935547	0.32059308886528015	0.44770270586013794	0.10723472386598587	0.5708745121955872	0.5492003560066223	0.8240545988082886	0.9655890464782715	0.09366397559642792	0.8216731548309326	0.2746260166168213	0.5495290756225586	0.19114306569099426	1.137306571006775	0.7585899829864502	0.5283635258674622	0.23924291133880615	0.04479098320007324	0.4196014106273651	0.5248520374298096	0.8365563154220581	0.8786768317222595	0.6496415734291077	0.22115175426006317	0.6346310973167419	0.8582426309585571	0.8259274363517761	0.18700453639030457	0.4690624475479126	0.6226473450660706	0.3658999800682068	1.0512902736663818	0.32249438762664795	0.16298769414424896	0.4980049729347229	0.3004148602485657	1.1062779426574707	0.0	0.5386545658111572	0.740929901599884	0.019046202301979065	0.41760438680648804	0.2273051142692566	0.44899097084999084	0.23238781094551086	0.2528631091117859	0.35179832577705383	0.9245473742485046	1.0109500885009766	0.5357933044433594	1.064394235610962	0.8397434949874878	0.18956157565116882	0.1603020280599594	0.0	0.4332877993583679	0.022505683824419975	0.1272600293159485	1.1884303092956543	0.6038849353790283	0.17226918041706085	1.085841417312622	0.5754003524780273	0.49663180112838745	1.6549105644226074	0.25307390093803406	0.07008207589387894	0.28629982471466064	0.34013038873672485	0.9001023173332214	0.6966237425804138	0.5119585394859314	1.3484829664230347	0.18691353499889374	0.19953610002994537	0.35171425342559814	0.7218830585479736	0.9724924564361572	0.9970000386238098	0.09779247641563416	0.28385087847709656	0.17293843626976013	0.0424090176820755	0.35251033306121826	0.16883420944213867	0.9214112758636475	0.5232084393501282	0.07241873443126678	0.7656294107437134	0.6820554137229919	1.3760707378387451	0.6271910071372986	0.5826941132545471	0.9003821611404419	0.4809925854206085	0.483863890171051	0.7025569677352905	0.7087738513946533	0.37358739972114563	0.26482659578323364	0.35105860233306885	0.7663908004760742	0.8791337609291077	1.3223434686660767	0.692226767539978	0.3799962103366852	0.40785402059555054	0.6461327075958252	0.9863917827606201	0.32875192165374756	1.2328965663909912	0.4381464421749115	0.23595163226127625	0.4924008846282959	0.8272074460983276	0.7682528495788574	1.0151395797729492	0.5695764422416687	0.583880603313446	0.7761562466621399	0.1689099222421646	0.7385923266410828	0.4917629361152649	0.5111234188079834	0.482296884059906	0.24304430186748505	1.0513150691986084	0.3741711974143982	0.2642431855201721	0.4251723885536194	0.5160969495773315	0.6696106791496277	0.7265535593032837	0.5783334970474243	0.5669334530830383	0.27961140871047974	0.6047335267066956	0.7415164709091187	0.17497873306274414	0.15948031842708588	0.697330117225647	0.4186830520629883	0.7933025360107422	0.12449333071708679	0.15375247597694397	0.21452456712722778	0.8131076693534851	0.5034700036048889	0.6681755781173706	1.0007959604263306	0.181892991065979	0.08171150088310242	0.2667596638202667	0.742032527923584	0.6793121695518494	0.49557843804359436	0.5664031505584717	0.5886033773422241	0.20759646594524384	0.48013702034950256	0.5294787883758545	0.08497878909111023	0.9387770295143127	1.0212469100952148	0.4006654620170593	0.2648424506187439	0.5047570466995239	0.3790445327758789	0.6223181486129761	0.16067594289779663	0.2634713649749756	0.17625264823436737	0.6487021446228027	0.3239276111125946	0.043023496866226196	0.7905899882316589	0.8958622217178345	0.07766944915056229	0.48248225450515747	0.39766740798950195	0.33698514103889465	0.04850171506404877	0.8653926849365234	0.36541685461997986	0.741075336933136	1.1208269596099854	0.40934479236602783	0.4657686948776245	0.8223463296890259	0.8958945274353027	1.021132469177246	0.9456151127815247	0.5435296893119812	0.7251355648040771	0.5950939655303955	0.5575277209281921	0.6762621402740479	0.0747440904378891	0.3813307583332062	0.8842061758041382	0.21898144483566284	0.580357551574707	0.6738511919975281	0.7103605270385742	0.0929059162735939	0.2314961552619934	0.1892063021659851	0.8242311477661133	0.6949630379676819	0.42640483379364014	0.11737214028835297	0.819951593875885	0.6286762952804565	1.0222845077514648	0.46629154682159424	0.9729015231132507	0.7589100003242493	0.6180068254470825	0.10328784584999084	0.6128613352775574	0.808595597743988	0.5672756433486938	0.3262841999530792	0.36050552129745483	0.19849169254302979	0.24662059545516968	0.5250586271286011	0.1713799387216568	0.029618369415402412	0.587213933467865	0.2999311089515686	0.4162282347679138	0.3047940731048584	0.34018075466156006	0.017756234854459763	0.6695144176483154	0.8583300709724426	0.10617904365062714	0.2182667851448059	0.7838639616966248	0.7646609544754028	0.3130611777305603	0.5365282893180847	1.090175986289978	0.6383896470069885	0.21034753322601318	0.2483052760362625	0.332952618598938	1.015259027481079	0.9862185120582581	0.05092347040772438	0.7932801842689514	0.8249677419662476	0.6998867988586426	0.5640387535095215	0.26249217987060547	0.34326550364494324	1.0837420225143433	0.457905113697052	0.765863835811615	0.15459254384040833	0.43150460720062256	0.5321469902992249	0.5718197226524353	1.5393487215042114	0.9164596796035767	0.03532923758029938	0.3407182991504669	0.3633683919906616	0.6136026382446289	0.48521319031715393	0.4010131359100342	1.2027992010116577	0.7507694959640503	0.6043978333473206	0.7151293158531189	0.6244610548019409	0.13723896443843842	0.5258331298828125	0.6836448311805725	0.16155853867530823	0.5595721006393433	0.6435114741325378	0.19849027693271637	1.0269792079925537	0.6067936420440674	0.13081365823745728	0.06993225961923599	0.18670949339866638	0.6583159565925598	0.410441130399704	0.3824581205844879	0.36366763710975647	0.1945418268442154	0.3003281354904175	0.46168264746665955	0.8926899433135986	0.16425789892673492	0.878641664981842	0.1458335667848587	0.9649544954299927	0.12041884660720825	0.2843873202800751	0.5424270629882812	0.21777036786079407	0.5245373249053955	0.5241641402244568	1.1271345615386963	0.3207259774208069	0.6009553670883179	0.40544021129608154	0.5588654279708862	0.6781668663024902	0.022662000730633736	0.7815021276473999	0.4094681441783905	0.24212884902954102	1.0208953619003296	0.23175270855426788	0.07899469882249832	0.5091424584388733	0.5161154270172119	0.7112329602241516	0.3206557333469391	0.4089685380458832	0.7241131067276001	0.4113248586654663	0.3444151282310486	0.013296954333782196	1.0479573011398315	0.20623214542865753	0.5696595907211304	0.2726922631263733	0.6136561632156372	0.13915151357650757	0.610967755317688	0.4786502420902252	0.32301536202430725	0.7115414142608643	0.6703591346740723	0.3996986746788025	0.7934763431549072	0.4153361916542053	0.4259769916534424	0.7974936962127686	0.6414179801940918	0.5951799750328064	0.6003520488739014	0.8894753456115723	0.7313029766082764	0.7206827998161316	0.7887828946113586	0.10251791775226593	0.5992862582206726	0.28471097350120544	0.144160658121109	0.8678610324859619	0.7078313827514648	0.4296117424964905	0.3130723834037781	0.6336682438850403	0.7849365472793579	0.33029234409332275	0.8197035193443298	0.46799173951148987	0.6562361717224121	0.10176347196102142	0.5057672262191772	0.7644799947738647	0.1854833960533142	0.16394269466400146	0.37143927812576294	0.23165737092494965	0.6099316477775574	0.242404043674469	0.3365943729877472	0.6709345579147339	0.9034242033958435	0.4696597456932068	0.47204169631004333	0.2797570824623108	1.309107780456543	0.003791013965383172	0.8053223490715027	0.9787251353263855	1.0459094047546387	0.4107939302921295	0.5178770422935486	0.524939775466919
0.9224721193313599	0.2717142701148987	0.2687845826148987	0.07367205619812012	1.0625064373016357	0.34219828248023987	0.2207009345293045	1.2215389013290405	0.14722967147827148	0.14991427958011627	0.3789440989494324	0.2733953893184662	1.0641453266143799	0.5659230947494507	0.35507380962371826	1.1897352933883667	0.24174481630325317	0.542742133140564	0.4647374749183655	0.6192037463188171	0.5822824239730835	0.509331226348877	0.10851116478443146	0.1551278978586197	0.7230128645896912	0.8089080452919006	0.41517552733421326	0.6261886954307556	0.6730318665504456	0.7658632397651672	0.5080367922782898	0.736004114151001	0.6959007382392883	0.34301653504371643	0.2540181577205658	0.22920718789100647	0.38918936252593994	0.39883214235305786	0.36538439989089966	0.4336667060852051	0.631695032119751	0.27487561106681824	0.23445667326450348	0.6797854900360107	0.28547418117523193	0.30614525079727173	0.3629995882511139	0.19430482387542725	0.25909623503685	0.7840721011161804	0.5654996037483215	0.4440980851650238	0.49337702989578247	0.6780651211738586	0.9910415410995483	0.20473797619342804	0.5242618918418884	1.3354241847991943	0.34237802028656006	0.07325875759124756	0.13428831100463867	0.3470403552055359	0.118734210729599	0.6525785326957703	0.41851598024368286	0.28943556547164917	0.594024121761322	0.4088147282600403	0.2290267050266266	0.4283703863620758	0.2290646731853485	0.12790898978710175	0.06752271950244904	0.45511162281036377	0.20683139562606812	0.7502875328063965	0.6044922471046448	0.2951464354991913	0.3769397735595703	0.17025984823703766	1.1035159826278687	0.28974002599716187	0.10339702665805817	0.6176654696464539	0.7865732908248901	0.32361358404159546	0.2542414963245392	0.7482151389122009	0.8126277923583984	0.4869344234466553	0.6462332010269165	0.5379416942596436	0.34525108337402344	0.5292437076568604	0.41196125745773315	0.5988039374351501	0.35314249992370605	0.38176316022872925	0.7274392247200012	0.6690952777862549	0.25635790824890137	0.482364296913147	0.19835393130779266	1.5487364530563354	0.28412216901779175	0.17560870945453644	0.6759039759635925	0.7261136174201965	0.6147359609603882	0.8119087219238281	0.7124071717262268	0.7172061204910278	0.8792794346809387	0.6254242658615112	0.5178243517875671	0.3290862739086151	0.7056567072868347	1.0342984199523926	0.003199338912963867	0.09878626465797424	0.38010385632514954	0.7220370769500732	0.19975349307060242	0.008858941495418549	0.35772159695625305	0.576971709728241	0.38711345195770264	0.4853341281414032	0.7233049273490906	1.164062261581421	0.33651015162467957	0.2668193280696869	0.3175252079963684	0.619951069355011	0.3466733694076538	0.3447768986225128	0.7800098657608032	0.43747055530548096	0.26937317848205566	0.4657957851886749	0.38600343465805054	0.1985515058040619	0.7383251190185547	0.3660930395126343	0.4139542877674103	0.8055052161216736	0.6410025954246521	0.5849176645278931	1.239353895187378	0.520094633102417	0.22313347458839417	0.17581073939800262	0.9932005405426025	0.04291137307882309	0.41539886593818665	0.9151039123535156	0.8420543670654297	0.9302830696105957	0.21702204644680023	0.3260326385498047	0.6278207302093506	0.7428305149078369	0.2500072717666626	0.34837302565574646	0.45215094089508057	0.1525871455669403	0.3314785361289978	0.21912066638469696	0.024114195257425308	0.5146385431289673	0.5922577381134033	0.28176018595695496	0.666720986366272	0.4479403495788574	0.38084229826927185	0.33299049735069275	0.5063169598579407	0.6858973503112793	0.2325848937034607	0.2862664461135864	0.6500185132026672	0.22454778850078583	0.26430967450141907	0.46158286929130554	0.7205358147621155	0.5984256267547607	0.3019244074821472	0.2573085427284241	0.6329387426376343	0.7863070964813232	0.7193111181259155	0.36383888125419617	0.6746282577514648	0.189942866563797	0.39354702830314636	0.020149417221546173	0.9012556672096252	0.5182763934135437	0.512832522392273	0.3584738075733185	0.3509580194950104	0.4014187753200531	0.4644983112812042	0.6447091698646545	0.7005705237388611	0.23370201885700226	0.5659381151199341	0.3676275908946991	0.34533387422561646	0.4141654968261719	0.2999655604362488	0.5655280947685242	0.1626749038696289	0.3252657651901245	0.2982548773288727	0.19666768610477448	0.5728472471237183	0.5179248452186584	0.41266950964927673	0.8931767344474792	0.46043825149536133	0.1820458471775055	0.5993126034736633	0.542890191078186	0.26567429304122925	0.517786979675293	1.0461270809173584	0.5666502714157104	0.3055323362350464	0.06498178839683533	0.7785249352455139	0.30815014243125916	0.4062422811985016	0.9364829063415527	1.300938606262207	0.566114068031311	0.2762583792209625	0.8774802088737488	0.7801142930984497	0.18293032050132751	0.13008655607700348	0.6802523136138916	2.0698659420013428	0.4132886826992035	0.5928010940551758	0.29291149973869324	0.3968392610549927	0.4849201440811157	0.2407110184431076	0.6692574620246887	1.5129035711288452	1.33101487159729	0.58170485496521	0.16833852231502533	0.34044554829597473	0.5430528521537781	0.8743055462837219	0.5071062445640564	1.4345699548721313	0.43434661626815796	0.5022937059402466	0.7539868354797363	0.2428344488143921	0.32050764560699463	0.5804665088653564	0.4717244803905487	0.5165002346038818	0.27882611751556396	0.26007646322250366	0.9394887685775757	0.27686363458633423	0.5874914526939392	0.6713717579841614	0.37634140253067017	0.36274850368499756	0.355461448431015	0.3406669795513153	0.5740492939949036	0.21293646097183228	1.1373519897460938	0.022090734913945198	1.4836502075195312	0.09947584569454193	0.14961685240268707	0.4945325255393982	0.9253535866737366	0.3460575044155121	0.8401502370834351	0.0537424236536026	0.5273561477661133	0.6964585185050964	0.5132184624671936	0.5747487545013428	0.2731421887874603	0.30889201164245605	0.5361528992652893	0.7487550973892212	0.2966373562812805	0.16687169671058655	0.6335768103599548	0.2838381826877594	0.25986501574516296	1.1906875371932983	0.36488038301467896	0.5079609751701355	0.1099858507514	0.4546574354171753	0.918149471282959	0.7500977516174316	1.4927455186843872	0.38843515515327454	0.12308383733034134	0.5615158081054688	0.40674498677253723	0.21370935440063477	0.28433871269226074	0.22478994727134705	1.0760940313339233	0.4525796175003052	1.609512209892273	0.3090081214904785	0.33585599064826965	0.3132944107055664	0.4620189964771271	0.6295885443687439	0.34279870986938477	0.6961235404014587	0.30683034658432007	0.3534793257713318	0.5584923028945923	1.1309247016906738	0.2873864769935608	0.17575222253799438	0.5806349515914917	0.6784819960594177	0.42772993445396423	0.7580932974815369	0.8502681851387024	0.8702948093414307	0.8862677812576294	0.2540491223335266	0.2332150936126709	0.22187566757202148	0.4058299958705902	0.34951943159103394	0.305112361907959	0.6818724870681763	0.5709295272827148	0.9238494634628296	0.11789951473474503	1.026130199432373	0.8061964511871338	0.20182888209819794	0.9074363112449646	0.6860246062278748	0.11853164434432983	0.2880898714065552	0.6068596243858337	0.27851632237434387	0.3621121644973755	0.2753063142299652	0.8158567547798157	0.5105201601982117	0.2745567560195923	0.45275795459747314	0.38578614592552185	0.08989366888999939	0.6176174879074097	0.2145310640335083	0.35225367546081543	0.47575536370277405	0.3262425661087036	0.22650016844272614	0.6860669255256653	0.35780099034309387	0.3814142644405365	1.2195590734481812	0.38819631934165955	1.1322308778762817	1.19130277633667	0.26354098320007324	0.5348747372627258	0.3944151997566223	0.500613808631897	0.4426555633544922	0.1789872944355011	0.359317421913147	0.22388695180416107	0.5085832476615906	0.300010085105896	0.2658454477787018	0.48113787174224854	0.32471543550491333	1.8663653135299683	0.424069344997406	0.8862124085426331	0.7539616823196411	0.2824641466140747	1.0022310018539429	0.8430953621864319	0.3652321994304657	0.29400163888931274	0.323849618434906	0.553270697593689	0.2851145565509796	0.5746151804924011	0.44687244296073914	0.44141894578933716	0.48418664932250977	0.3931480944156647	0.7755900621414185	0.6021472811698914	1.2500513792037964	0.1102275550365448	0.7907396554946899	0.6623790860176086	0.7055796980857849	0.385240763425827	0.7453547120094299	0.5612661242485046	0.3287225663661957	0.020489351823925972	0.9765036106109619	0.824184238910675	0.5712920427322388	0.5216168761253357	0.6461681127548218	0.7214258909225464	0.667754590511322	0.018177669495344162	0.27789148688316345	0.009410781785845757	0.5924496650695801	0.3031964600086212	0.43420273065567017	0.38267892599105835	0.5470380783081055	1.3475545644760132	0.5257707238197327	0.049280837178230286	0.7399654388427734	0.6799852252006531	1.1256638765335083	1.0435359477996826	0.5858853459358215	0.35624027252197266	0.7547138929367065	0.6293993592262268	0.42184531688690186	0.6016726493835449	0.4146271347999573	0.29828503727912903	0.09733772277832031	0.9464026689529419	0.3724597096443176	0.3554067611694336	0.6734409928321838	0.5483529567718506	0.5801864862442017	0.06691721081733704	0.5821481347084045	0.6005716919898987	0.19862592220306396	0.0	0.4822588562965393	0.2667558789253235	0.6282293200492859	0.2410191148519516	0.2353222519159317	0.39013203978538513	0.8387022018432617	0.3607304096221924	0.6510329842567444	0.06274046748876572	0.5974256992340088	0.17370924353599548	1.2854948043823242	1.1166483163833618	0.45264512300491333	0.976093053817749	0.2694389224052429	0.4625803828239441	0.8377392292022705	0.03323750197887421	0.5262190699577332	0.5391845703125	0.29304856061935425	0.5554605722427368	0.8119783997535706	0.2577934265136719	0.24501323699951172	0.40543103218078613	0.5227140784263611	0.5245910286903381	0.3627127408981323	0.22690653800964355	0.4841000437736511	0.39010000228881836	0.21008482575416565	0.5015193223953247	1.4519356489181519	0.218160018324852	0.47750765085220337	0.25912514328956604	0.29044580459594727	0.5563033819198608	0.3111479580402374	0.6924116015434265	0.4766538143157959	0.2834998667240143	0.32883957028388977	0.5254934430122375	0.4227989912033081	0.43215760588645935	0.4083435833454132	0.6446427702903748	0.4037352204322815	0.047880642116069794	0.6644529104232788	0.8371083736419678	0.4178772270679474	0.7643740177154541	0.6965087652206421	0.5752615332603455	0.4028882384300232	0.37315183877944946	1.089403748512268	0.3784096837043762	0.028545092791318893	0.7150882482528687	0.42023229598999023	0.5546010136604309	0.26725658774375916	1.2018039226531982	0.5933542847633362	0.4635632634162903	0.1868654042482376	0.3947654366493225	0.43979841470718384	0.3855985999107361	0.8961120843887329	0.6996782422065735	0.5099974274635315	0.8648523092269897	0.26755043864250183	0.5262055397033691	0.5925179719924927	0.23135609924793243	0.3744637072086334	0.5160118937492371	0.5342111587524414	0.6931436061859131	0.4124160408973694	0.808752179145813	0.34717464447021484	0.787301778793335	0.4433932304382324	0.6537351608276367	0.7136197090148926	0.43281102180480957	0.354403555393219	1.2715840339660645	0.26325562596321106	0.18926353752613068	0.9510930180549622	0.42403721809387207	1.072706699371338	0.18971440196037292	0.2020999640226364	0.7751202583312988	0.2894340753555298	0.052392106503248215	1.498520851135254	0.03731931000947952	0.3812248110771179	0.38068997859954834	0.3438882827758789	0.44969356060028076	0.4076542556285858	0.15150213241577148	0.8146984577178955	0.30959638953208923	0.4783042371273041	0.39978936314582825	0.6289223432540894	0.394691526889801	0.4096401631832123	0.06856698542833328	0.9322486519813538	0.49138525128364563	0.5732319355010986	0.48875606060028076	0.49180394411087036	0.31542301177978516	0.6636201739311218	0.15470515191555023	0.15334482491016388	0.5462607145309448	0.3637540638446808	0.31117942929267883	0.3595089614391327	0.6027625799179077	0.3172253668308258	0.3093121647834778	0.38422226905822754	0.5086053013801575	0.3856513500213623	0.6038593053817749	0.24258187413215637	0.4528544545173645	0.19846367835998535	0.48112624883651733	0.29898661375045776	0.6625099778175354	0.26791250705718994	0.6660604476928711	0.2132531851530075	0.6558613181114197	0.29387208819389343	0.42582184076309204	0.3564527928829193	0.36093416810035706	0.6077852249145508	0.35601237416267395	0.5477369427680969	0.23012803494930267	0.17680248618125916	1.542391300201416	0.5604724287986755	0.8058167099952698	0.6493996381759644	0.3784306049346924	0.2067122459411621	0.9616938233375549	0.34363049268722534	0.1778751164674759	0.28428158164024353	0.32474419474601746	0.136532261967659	0.2096763700246811	0.24546973407268524	0.2589356601238251	0.21745409071445465	0.31896451115608215	1.0225642919540405	0.6894527077674866	0.47800907492637634	0.5482978224754333	0.1891571432352066	0.7569133043289185	0.7040676474571228	0.20268389582633972	0.35890495777130127	0.8122538328170776	0.4552925229072571	0.4936738908290863	0.44746482372283936	0.3598940968513489	0.303157240152359	0.1974301040172577	0.415297269821167	0.28232935070991516	0.26197928190231323	0.27563878893852234	0.5599875450134277	0.9577033519744873	0.44339603185653687	0.6025704145431519	1.0113303661346436	0.5548619031906128	0.405913382768631	0.6132263541221619	0.4681026041507721	0.3842044472694397	0.23758608102798462	0.348175972700119	1.5042964220046997	0.6955569982528687	0.45890259742736816	0.4384480118751526	0.5302436947822571	0.20453329384326935	0.3309999704360962	0.7076973915100098	0.2950403690338135	0.552848219871521	0.6208194494247437	0.7158377170562744	0.12396733462810516	0.5781013369560242	1.0077247619628906	0.6025952100753784	0.02010541595518589	0.2273973673582077	0.23025274276733398	0.01246383786201477	0.7808350920677185	0.6216866374015808	0.9717309474945068	0.35118114948272705	0.5674349069595337	0.72943514585495	0.251214861869812	0.14555171132087708	0.45540475845336914	0.26602545380592346	1.1148475408554077	0.4591875672340393	0.38663992285728455	0.7842845320701599	1.1686162948608398	0.35602006316185	1.0251332521438599	0.617373526096344	0.4140999913215637	0.9639427065849304	0.28558599948883057	0.4453248381614685	0.6753430962562561	0.5021335482597351	0.942209005355835	0.4042882025241852	0.8021383285522461	0.7324117422103882	0.6836895942687988	0.5774559378623962	0.71552973985672	0.24302491545677185	0.8456519246101379	0.19577455520629883	0.12432761490345001	0.13756492733955383	0.2741316854953766	1.0096732378005981	0.40504172444343567	0.665458619594574	0.41861677169799805	1.23228919506073	0.3535130023956299	0.22652125358581543	0.37164098024368286	0.5776460766792297	0.6256861090660095	0.5079767107963562	0.6848561763763428	0.4920608401298523	0.31310591101646423	0.2556230425834656	0.3900602459907532	0.42533689737319946	0.19972851872444153	0.532891035079956	0.3924250900745392	0.07279063016176224	0.11999370902776718	0.7008144855499268	0.5204846858978271	0.3037019968032837	1.125978708267212	0.7416872382164001	0.9569505453109741	0.8005548715591431	0.28028956055641174	0.7470279932022095	0.26121968030929565	0.13793914020061493	1.191192865371704	0.2751595377922058	0.4063085913658142	0.5617495775222778	0.3814641833305359	1.1123526096343994	0.6111023426055908	0.26511910557746887	0.8247831463813782	0.49850887060165405	0.6559311747550964	0.3750411868095398	0.2317270040512085	0.39912188053131104	0.27257728576660156	1.6191630363464355	0.3316527307033539	0.5410025715827942	0.6471418738365173	0.4795677661895752	0.08066312968730927	0.5506806969642639	0.589444637298584	0.4324406683444977	1.0054891109466553	0.34385502338409424	0.2098933458328247	0.6372382640838623	0.5042017698287964	0.1730443388223648	1.7232707738876343	0.34266695380210876	0.2042909860610962	0.3429071605205536	0.10946664214134216	0.6419519782066345	0.38545161485671997	0.7709648013114929	0.2918817102909088	0.38387179374694824	0.7019068002700806	0.32493674755096436	1.0520333051681519	0.17958053946495056	0.4157733917236328	0.4445169270038605	0.2773239314556122	0.5018254518508911	0.5471036434173584	0.33042678236961365	0.9429432153701782	0.8802723288536072	0.4898277223110199	0.6472368836402893	0.7785148620605469	0.2503684461116791	0.12703871726989746	0.10163551568984985	0.4665369391441345	1.0735536813735962	0.16317379474639893	0.23041419684886932	0.9768120050430298	0.13144534826278687	0.5758427977561951	0.8122797608375549	0.44111907482147217	1.0162508487701416	0.7461968660354614	0.40902674198150635	0.9266244173049927	0.4700464904308319	0.3678929805755615	1.0997247695922852	0.7173071503639221	0.3656467795372009	1.039103388786316	0.5359557867050171	0.33127298951148987	0.3032575249671936	0.45346906781196594	1.5226036310195923	0.3987567126750946	0.19127249717712402	0.1837165653705597	0.4519575834274292	0.6541049480438232	0.44410184025764465	0.5086424350738525	0.5102414488792419	0.3469272255897522	0.13294009864330292	0.14543583989143372	0.15131279826164246	0.3378354609012604	0.22116632759571075	0.05968550592660904	0.7385804057121277	0.736633837223053	0.3500998318195343	0.20464415848255157	0.2597571313381195	0.6969009041786194	0.09368656575679779	0.41726166009902954	0.20730213820934296	0.26610907912254333	0.2756792902946472	0.5169525742530823	0.6346774101257324	0.6003642678260803	0.41251340508461	0.6152232885360718	0.44630154967308044	1.012226939201355	0.6032882928848267	0.8816018104553223	0.8204024434089661	0.07096220552921295	0.7903505563735962	0.4876091480255127	0.4333159327507019	0.38968056440353394	0.10285186767578125	0.43699267506599426	0.8663752675056458	0.3865393102169037	0.47066742181777954	0.33198848366737366	0.3971676230430603	0.18465444445610046	0.9258676767349243	0.27579349279403687	0.38342586159706116	0.7767924666404724	0.3289020359516144	0.6663489937782288	0.34683966636657715	0.27282047271728516	0.5719475150108337	0.39704033732414246	0.38036689162254333	0.4154719412326813	0.3009752333164215	0.32933658361434937	0.769021213054657	0.511874794960022	0.32305634021759033	0.6428841352462769	0.48120832443237305	0.638913631439209	0.10369203984737396	0.2997090220451355	0.6771040558815002	1.0501959323883057	0.20235739648342133	0.3551129102706909	1.3580281734466553	0.5862652659416199	0.4417933225631714	0.3366032838821411	0.3542492985725403	0.6571322083473206	0.6250063180923462	0.611665666103363	1.1315630674362183	0.2756236791610718	1.15156090259552	0.5541539788246155	0.45664042234420776	0.329508513212204	0.48819488286972046	0.19267916679382324	0.6529070734977722	0.3372315764427185	0.19059783220291138	0.16583406925201416	0.39734122157096863	0.6357395648956299	0.28400731086730957	0.3237769305706024	0.48448723554611206	1.1930885314941406	0.43615609407424927	0.09165863692760468	0.5021535158157349	1.472392201423645	0.4625661075115204	0.46353235840797424	0.9614239931106567	1.12309730052948	0.20408591628074646	0.3128248155117035	0.5084264278411865	0.22834256291389465	0.21673518419265747	0.7747671604156494	0.283804327249527	0.5116214156150818	0.7068418264389038	0.633573591709137	0.13270500302314758	1.4503827095031738	0.34493210911750793	0.8033230304718018	0.48952922224998474	0.796321451663971	0.43635982275009155	0.2749865651130676	0.3080584406852722	0.7208762168884277	1.3816348314285278	0.7381446957588196	0.34746789932250977	1.2234808206558228	0.8134201169013977	0.46859273314476013	0.49985212087631226	0.42766785621643066	0.4001491069793701	0.5145167112350464	0.30129703879356384	0.8996549844741821	0.8074652552604675	0.2064426839351654	0.06511510908603668	0.07936321943998337	0.3751269578933716	1.2384886741638184	0.3258713483810425	0.9817526340484619	0.4514411389827728	0.8195133209228516	0.2841644585132599	0.22870385646820068	0.7046895623207092	0.5107288360595703	0.314422070980072	0.4763281047344208	0.27408307790756226	0.2999168932437897	0.6888694763183594	0.7398852109909058	0.3805140554904938	0.9021811485290527	0.7060291767120361	0.26252511143684387	0.44814223051071167	0.3723544776439667	0.5858427882194519	0.4588863253593445	0.483757346868515	0.8161587119102478	0.47842127084732056	0.09292593598365784	0.9519287347793579	0.4226151406764984	0.38785141706466675	0.7237548828125	0.45047134160995483	0.5290011167526245	0.38708528876304626	0.5607458353042603	0.504411518573761	0.6273437738418579	1.1101884841918945	1.035405158996582	0.3907011151313782	0.6171920895576477	0.5057768821716309	0.44729772210121155	1.2973544597625732	0.8379172086715698	0.4502314627170563	0.9074724316596985	0.1959170401096344	0.5351081490516663	0.4641055464744568	0.6564627885818481	0.23184271156787872	0.9647624492645264	0.3362250030040741	0.12802967429161072	0.49147483706474304	0.5247899889945984	1.188090443611145	0.5615569949150085	0.3647410273551941	0.2749485373497009	0.5145129561424255	0.6046352386474609	1.006466269493103	0.5383679270744324	0.20305806398391724	0.6438083648681641	0.5782274007797241	0.7285428643226624	0.3378194570541382	0.3687906861305237	0.5703660845756531	0.11389904469251633	0.200017049908638	0.32875651121139526	0.8968351483345032	0.0	0.3571065664291382	0.9575019478797913	0.5325804352760315	0.27612707018852234	0.13789266347885132	0.18316878378391266	0.5388253927230835	0.354674756526947	0.7830607295036316	0.23667341470718384	0.0858193039894104	0.29968366026878357	0.5282698273658752	1.1004420518875122	0.6072462797164917	1.3694913387298584	0.5536333322525024	0.42950883507728577	0.44698354601860046	0.48261845111846924	0.7588485479354858	0.4048413932323456	0.5400236248970032	0.16441702842712402	0.16846133768558502	0.27038514614105225	0.5821381211280823	0.2836211323738098	0.46181756258010864	0.2059520184993744	0.5366204977035522	1.0434589385986328	0.37126001715660095	0.7403953075408936	0.8686000108718872	0.3590301275253296	1.165690541267395	0.5760605931282043	0.518052339553833	0.9048212766647339	0.7437435388565063	0.32616347074508667	1.2697139978408813	0.38320687413215637	0.1784394085407257	0.34590622782707214	0.2052559107542038	0.7776221632957458	0.7704389095306396	0.30992332100868225	0.28423652052879333	0.19440719485282898	0.23287613689899445	0.29921063780784607	0.29606157541275024	0.5707235336303711	0.3224113881587982	0.42038029432296753	0.2238743007183075	0.508752167224884	0.8964531421661377	1.3434228897094727	0.37343132495880127	0.3558477461338043	0.3495888411998749	0.12424302101135254	0.6240841150283813	0.3396374583244324	0.7478156685829163	0.32125818729400635	0.5881774425506592	0.15243349969387054	1.2737892866134644	0.43412789702415466	0.3131631016731262	0.1050063967704773	0.5249338150024414	0.4042459726333618	1.452606201171875	0.43990767002105713	0.3599008321762085	0.8039451241493225	0.2812901735305786	0.4612369239330292	1.043756365776062	0.3940192461013794	1.0740891695022583	0.1877780556678772	0.40546709299087524	1.5462299585342407	0.48180896043777466	0.5454741716384888	0.27732381224632263	0.5213728547096252	0.5653461217880249	0.21822041273117065	0.5875895023345947	0.8285626173019409	0.8377522230148315	0.5293411016464233	1.0940531492233276	0.31473374366760254	0.20716749131679535	0.721379816532135	0.10866594314575195	0.3284216821193695	0.1076108068227768	0.5378873348236084	1.2042949199676514	0.7798089981079102	0.6492641568183899	0.0870734378695488	0.4742335081100464	0.07380267232656479	0.4910951554775238	0.4031367003917694	0.3795171082019806	0.33223628997802734	0.605208694934845	0.6606641411781311	1.2232095003128052	0.2858612835407257	0.6691387891769409	0.5770987272262573	0.25506797432899475	0.39672282338142395	0.24926277995109558	0.7003442049026489	0.5338846445083618	0.2640155851840973	0.2736818194389343	0.1288878619670868	0.6746816635131836	0.32683300971984863	0.6112184524536133	0.3191528618335724	0.662845253944397	0.5306345224380493	0.7673914432525635	0.4660457670688629	0.27051857113838196	0.2267516553401947	0.4654311239719391	0.5521888136863708	1.3044568300247192	0.20355632901191711	0.2979908883571625	0.1377333700656891	0.11159051954746246	0.5024981498718262	0.4245065450668335	0.2801794409751892	0.5767008066177368	0.0031367503106594086	0.2988991439342499	0.7671941518783569	1.119466781616211	0.5158399343490601	0.4499513506889343	0.42106279730796814	0.3855135440826416	0.30113106966018677	0.09868559241294861	0.5055717825889587	1.4170008897781372	0.3306381404399872	1.153936743736267	0.7659608721733093	0.44213324785232544	0.5398755669593811	0.8228458166122437	0.5032269358634949	0.2906518280506134	1.233471393585205	0.3988453149795532	0.7388820648193359	0.2489261031150818	0.4967793822288513	0.5646522045135498	0.5155634880065918	0.9527766704559326	0.09697981923818588	0.31884288787841797	0.7688965201377869	0.1345084011554718	0.7520498037338257	0.6848464012145996	0.3816877603530884	0.03839144483208656	0.41911303997039795	0.45324382185935974	0.23206420242786407	0.3051839768886566	0.6737297773361206	0.11622881889343262	0.3862243592739105	1.2268688678741455	0.2465718686580658	0.29679882526397705	0.5134520530700684	0.37661802768707275	0.609767496585846	0.5396010875701904	0.7988622188568115	0.7596666812896729	0.6318584680557251	0.9370032548904419	0.42795416712760925	0.7505829930305481	0.68410724401474	0.34476202726364136	0.656054675579071	0.39492928981781006	0.6467863917350769	0.7971288561820984	0.5377064943313599	1.1382794380187988	0.5468241572380066	0.8396854400634766	0.4791697859764099	0.5683203339576721	0.4164341688156128	0.7148250341415405	0.028828829526901245	0.4085359573364258	0.5298001766204834	0.49322590231895447	0.2929495573043823	0.4548536539077759	0.219511479139328	0.16621847450733185	0.6987940669059753	0.24195636808872223	0.3204624652862549	0.4644981026649475	0.3223392367362976	0.22388553619384766	0.3000514507293701	0.4774952530860901	0.24015435576438904	0.22559525072574615	0.38816455006599426	0.06681118160486221	0.16958755254745483	0.3002486824989319	0.16948075592517853	0.7138234376907349	0.3292519748210907	1.3122143745422363	0.23420073091983795	0.6840527653694153	0.0186600461602211	0.4530605971813202	0.3683870732784271	0.2481205016374588	0.7097440958023071	0.36151403188705444	0.20144425332546234	0.6912190914154053	0.14298182725906372	0.4581461250782013	0.6027991771697998	0.602307915687561	0.965674102306366	0.36757221817970276	0.30416634678840637	0.6749008893966675	0.7134808301925659	0.48110339045524597	0.130549818277359	1.0667768716812134	1.1328171491622925	0.5287410020828247	0.35565948486328125	0.9292237758636475	0.6470363736152649	0.2247387319803238	0.015085965394973755	0.5579169988632202	0.3156159520149231	0.4693935513496399	0.23261922597885132	0.2330954223871231	0.46228882670402527	0.8034272193908691	1.0684531927108765	0.7338757514953613	0.5955246090888977	0.40809929370880127	0.4679485261440277	0.8986348509788513	1.5781826972961426	0.4043828248977661	0.43322980403900146	0.6403510570526123	0.29064545035362244	0.222359761595726	0.23692598938941956	0.3885401487350464	0.5135844945907593	0.4219612777233124	0.5338169932365417	0.4276280105113983	0.3965524733066559	0.5493196249008179	0.40330183506011963	0.3434315323829651	0.6751441955566406	1.5470962524414062	0.0804101973772049	0.4855460822582245	0.15924715995788574	1.0441581010818481	0.7831189632415771	0.37258028984069824	0.5381196141242981	0.5140793919563293	0.4003130793571472	0.29239439964294434	0.8686102628707886	1.3593844175338745	0.45914116501808167	0.7536565661430359	0.5266246795654297	0.27563658356666565	0.45069950819015503	0.21499782800674438	0.7432814240455627	0.3810838758945465	0.05524027720093727	0.6497305035591125	0.22413745522499084	0.7575222253799438	0.3225094974040985	0.21349944174289703	0.45041829347610474	1.2423977851867676	0.29381993412971497	0.7839058637619019	0.43596112728118896	0.40061765909194946	0.45910730957984924	0.3915267884731293	0.5268859267234802	0.9487468004226685	0.38874635100364685	0.605626106262207	0.9342840909957886	1.1723651885986328	0.8095451593399048	0.2455141395330429	0.2788512706756592	1.3601062297821045	0.15600498020648956	0.7609327435493469	0.2796737849712372	0.6162739396095276	0.36440789699554443	0.48658764362335205	0.681804895401001	0.1926933079957962	0.8243935704231262	0.5216928124427795	0.1773732751607895	0.5047129392623901	0.4923211336135864	1.004111409187317	0.3496210277080536	0.5263031721115112	0.40936732292175293	0.81779545545578	0.9612647294998169	0.22329995036125183	0.33132147789001465	0.14997105300426483	0.4051651954650879	0.2616494297981262	0.1454959660768509	0.5624396204948425	0.39378732442855835	0.37467753887176514	0.6090482473373413	0.48848748207092285	0.6866372227668762	0.40028172731399536	0.581825852394104	0.7217130064964294	0.503928542137146	0.38789141178131104	0.932808518409729	0.567448079586029	0.3533715605735779	0.3719443380832672	0.40392667055130005	0.32315492630004883	0.7671761512756348	0.46298879384994507	0.26720771193504333	1.1564083099365234	0.8420489430427551	0.1699381172657013	0.758543074131012	0.510226845741272	0.4798675775527954	0.37228357791900635	0.26215726137161255	0.36817318201065063	0.07782550901174545	0.4710310697555542	0.5185306668281555	0.26571592688560486	0.06506139785051346	0.32408571243286133	0.5942575335502625	0.5768116116523743	0.4311118721961975	0.05339760705828667	0.6279837489128113	0.7654966115951538	1.3807032108306885	0.347614049911499	0.40510252118110657	0.16468851268291473	0.3757568597793579	0.3309378921985626	0.06329239159822464	0.5637892484664917	0.5574390888214111	0.5640735030174255	0.5000863671302795	0.8070045113563538	0.34716641902923584	0.22764362394809723	0.2810521721839905	0.8832814693450928	0.1189391240477562	0.30942949652671814	0.25374019145965576	0.30351439118385315	0.3020334243774414	0.6149254441261292	0.6041436791419983	0.6928476095199585	0.6521661877632141	0.845543622970581	0.38389790058135986	0.7311392426490784	0.4864845275878906	0.535634458065033	0.6678550243377686	0.6111592054367065	0.00017561465210746974	0.392858624458313	0.5078113079071045	0.1268855482339859	0.6360911726951599	0.8253681063652039	0.7047876715660095	0.21118441224098206	0.4653617739677429	0.9339671730995178	0.3797435164451599	0.6746851205825806	0.5423612594604492	0.4568394124507904	0.406747430562973	0.4345192611217499	0.6474398970603943	0.1955772340297699	0.6664634943008423	0.0862923115491867	0.45965659618377686	0.571255624294281	0.41401129961013794	0.6272720694541931	0.8440516591072083	1.1893116235733032	0.3344116806983948	0.25522246956825256	0.2847598195075989	0.12472836673259735	0.3821311891078949	0.38495972752571106	0.9637629389762878	1.1526135206222534	0.2979816198348999	0.5401791930198669	1.0501484870910645	0.10323727875947952	0.0787341445684433	0.8349310755729675	0.3613821268081665	0.991843581199646	0.23415273427963257	0.16282103955745697	0.864838719367981	0.3302535116672516	0.4516799747943878	0.9050335884094238	0.66220623254776	0.821241021156311	0.34958532452583313	0.4469106197357178	0.08845623582601547	0.3265484869480133	0.37460166215896606	0.5439355969429016	0.6003920435905457	0.1810978651046753	0.29106801748275757	0.42756757140159607	0.6471949815750122	0.4750656187534332	0.1810569316148758	1.586385726928711	0.5098918080329895	0.419387549161911	1.247267246246338	0.36686012148857117	0.14192917943000793	0.5412288904190063	0.6471606492996216	0.7353196144104004	0.46437498927116394	0.5931159257888794	0.3551402688026428	0.3412705957889557	0.7627841234207153	0.20384112000465393	0.3754471242427826	0.5562286972999573	1.0378466844558716	0.6922012567520142	0.23940083384513855	0.39512306451797485	0.4329248070716858	0.5426918268203735	0.4203338623046875	0.3358326554298401	0.7619580030441284	0.47919243574142456	0.6556577682495117	0.09423434734344482	0.6265957355499268	0.7692459225654602	0.5899614691734314	0.8427739143371582	0.39530640840530396	0.29973483085632324	0.06899592280387878	1.0511671304702759	1.2249398231506348	0.6935275197029114	0.7538543939590454	0.6220842003822327	0.4368264675140381	0.3014238774776459	0.19168871641159058	0.7793023586273193	0.2500150203704834	0.5306118726730347	1.0008550882339478	0.6384570002555847	0.9024685621261597	0.17774216830730438	0.43432411551475525	0.33696678280830383	0.38875535130500793	0.4250807464122772	0.446233868598938	0.1920889914035797	0.6301257610321045	0.3565136194229126	0.2632928788661957	0.9690679907798767	0.3623780906200409	0.30380481481552124	0.786495566368103	0.6029790639877319	0.40734612941741943	0.05357041582465172	0.17161870002746582	0.5427480936050415	0.17896126210689545	0.2644816040992737	0.9008662700653076	0.4455317258834839	0.8792473673820496	0.8840444087982178	0.39308202266693115	0.5256675481796265	0.3851475119590759	0.4556107819080353	0.7636899948120117	0.3423597812652588	0.4922347962856293	0.17461884021759033	0.4820258915424347	0.3778039813041687	0.554495632648468	0.2272929847240448	0.20049378275871277	0.6110222339630127	0.7222700119018555	0.6436271071434021	1.0794486999511719	0.14226087927818298	0.4701385796070099	0.258280485868454	0.6915361881256104	0.3861771523952484	0.5456703305244446	0.19670185446739197	0.5036625266075134	0.5315367579460144	0.11668048799037933	0.6307520270347595	0.6442556381225586	0.4683404266834259	1.0164690017700195	0.45256608724594116	0.7325910329818726	0.1395418643951416	0.3565952777862549	0.39766597747802734	1.1450966596603394	0.11619667708873749	0.9477585554122925	0.29621121287345886	0.3884388506412506	0.5987560749053955	0.6887484192848206	0.022268252447247505	0.27955272793769836	0.4246736764907837	1.3807194232940674	0.7916475534439087	0.03393888473510742	0.5277915596961975	0.5511995553970337	0.07791399955749512	0.3707408010959625	0.465839684009552	0.5967394113540649	0.4998745918273926	0.4078931510448456	0.43105006217956543	0.7969959378242493	0.10920979082584381	0.56699138879776	0.43642735481262207	0.4461459517478943	0.9736415147781372	0.23665550351142883	0.23204615712165833	0.6344555020332336	0.13612942397594452	0.4273933470249176	0.2652399241924286	1.3152679204940796	0.24070023000240326	0.4089510142803192	0.22614866495132446	0.2979942858219147	0.28189337253570557	0.7403318881988525	0.027216315269470215	0.1606183499097824	0.22314277291297913	0.187520369887352	0.3494807779788971	0.6587573289871216	0.10142019391059875	0.9795843958854675	0.37780269980430603	0.17973190546035767	1.3781651258468628	0.3358890414237976	0.13614384829998016	0.05867829918861389	0.8616724610328674	0.7838709354400635	0.6341915726661682	0.835534930229187	0.28731751441955566	0.7889149188995361	0.031971365213394165	0.4362723231315613	0.47932833433151245	0.39324453473091125	0.26409822702407837	0.3906500041484833	0.4991709291934967	0.20519402623176575	0.7549769878387451	1.023768424987793	0.05490352585911751	0.17347924411296844	0.1985902190208435	0.4087751507759094	0.5068039298057556	0.46042701601982117	0.45849543809890747	0.41164860129356384	0.8909451961517334	0.20745891332626343	0.5385125875473022	0.07849044352769852	0.19874577224254608	0.5199294090270996	1.041711688041687	0.4438357949256897	1.0095102787017822	0.39242565631866455	0.40313035249710083	0.3068711459636688	0.18078893423080444	0.8588008284568787	0.062447160482406616	0.5884432196617126	0.3553526699542999	0.9087125062942505	0.3536156713962555	0.2141275554895401	0.5761918425559998	0.7277616858482361	0.6655597686767578	0.3206362724304199	0.6400328278541565	0.43702906370162964	0.3381577730178833	0.19519902765750885	0.8684152364730835	0.7766690850257874	0.40736761689186096	0.8853843212127686	0.4186341166496277	0.6880145072937012	0.4511641263961792	0.3169674873352051	0.43618521094322205	0.5444297790527344	0.7973940968513489	0.2561740279197693	0.3371046781539917	0.3225734233856201	0.24943029880523682	0.7053766846656799	0.04394406080245972	0.5644090175628662	0.6464654803276062	0.6735584139823914	0.36794063448905945	0.26808422803878784	0.22931528091430664	0.378313809633255	0.4963396489620209	0.6282188892364502	0.5779052376747131	0.5804341435432434	1.2817319631576538	0.5524511933326721	0.25543126463890076	0.3422297537326813	0.6385723948478699	0.5800267457962036	0.3153526186943054	0.5471934676170349	0.5376087427139282	0.18556158244609833	0.5501498579978943	0.7286811470985413	0.6389235854148865	0.28769099712371826	0.27597859501838684	0.18522998690605164	0.5065962672233582	0.42427539825439453	0.41404154896736145	0.3755388557910919	0.27646446228027344	0.1719072312116623	0.16601219773292542	0.7107208371162415	1.3210264444351196	0.46992596983909607	1.1502498388290405	0.9596608281135559	0.4240780770778656	0.3996060788631439	0.6072500944137573	0.33512434363365173	0.3377775549888611	0.777508020401001	0.5419847369194031	0.326460599899292	0.34396329522132874	0.22970198094844818	1.0060243606567383	0.1836516261100769	0.5704649686813354	0.5750535130500793	0.6149142980575562	0.7532689571380615	0.28132325410842896	0.3539164364337921	1.1052942276000977	0.2701519727706909	0.13414576649665833	0.45123451948165894	0.34310707449913025	0.445051372051239	0.4084502160549164	0.658189058303833	0.5095869302749634	0.41402629017829895	0.4373553395271301	0.7801969647407532	0.3930230438709259	0.5779862403869629	0.3176446259021759	0.7287601828575134	0.15298360586166382	0.44324609637260437	0.8212517499923706	0.5375419855117798	0.25590407848358154	0.549671471118927	1.3979377746582031	0.23706510663032532	0.8462480902671814	0.20192110538482666	0.17159368097782135	0.3267424702644348	0.9739396572113037	0.40874892473220825	0.43898633122444153	0.1761852353811264	0.2627750635147095	1.2116963863372803	0.8146457672119141	0.30121925473213196	0.1581590175628662	0.7938613891601562	0.20871463418006897	0.3975069224834442	0.7454415559768677	0.2755606174468994	0.6229799389839172	0.5789481997489929	0.32856279611587524	0.4063665568828583	0.22649098932743073	0.7202498912811279	0.4154002368450165	0.6719723343849182	0.23074384033679962	0.6162266135215759	0.5601676106452942	0.4753376841545105	0.07446068525314331	0.5558146834373474	0.3728184103965759	0.2646782100200653	0.42949944734573364	0.6687902808189392	0.4196834862232208	0.8620736002922058	0.5340336561203003	0.21268527209758759	0.3384600877761841	0.3049328923225403	0.5999630689620972	0.3166373074054718	0.5996922850608826	0.9672098755836487	0.36838656663894653	1.0925356149673462	0.28665170073509216	0.4361540675163269	0.14984972774982452	0.5075309872627258	0.5845306515693665	0.5840307474136353	0.5170888304710388	0.8543195724487305	0.31548166275024414	0.9051796197891235	0.573183000087738	0.6866634488105774	1.1917065382003784	0.7871856093406677	0.08380844444036484	0.6535006761550903	0.6766549944877625	0.27468425035476685	0.05151645839214325	0.4240177869796753	0.3429557681083679	0.3786271810531616	0.9816583395004272	0.562354564666748	1.5175657272338867	0.26581522822380066	0.03173932433128357	0.06342555582523346	0.3024338185787201	0.5068454146385193	0.2960088849067688	1.0459307432174683	0.2027057409286499	0.7423316240310669	0.09136009216308594	1.554457187652588	0.6808112859725952	0.4041365683078766	0.24449282884597778	0.25295084714889526	0.14398041367530823	0.31352970004081726	0.36336296796798706	0.6817107796669006	0.31864139437675476	0.6273855566978455	0.43302786350250244	0.579380989074707	1.1190831661224365	0.3176490068435669	0.5509656071662903	0.42170506715774536	0.09617751091718674	0.336881160736084	0.5300217270851135	0.31616783142089844	0.24261486530303955	0.4369426667690277	0.5999073386192322	0.5851695537567139	0.3218517005443573	1.0796422958374023	0.26295822858810425	0.45626914501190186	0.39012831449508667	0.3155003488063812	0.4990800619125366	0.1878935694694519	0.8351636528968811	0.41913557052612305	0.3488594889640808	0.28318163752555847	0.28688421845436096	0.7103545665740967	0.44210416078567505	0.7006668448448181	0.17282916605472565	0.6821187734603882	0.6745233535766602	0.48235780000686646	0.8117448091506958	0.46610939502716064	1.0474225282669067	0.6532954573631287	0.629329264163971	0.322925865650177	0.29180943965911865	0.4289185702800751	0.5851364731788635	0.6760013103485107	0.5458641052246094	0.9099035263061523	0.8489735722541809	0.1777820587158203	0.19560110569000244	0.9895235300064087	0.16381852328777313	0.5709840059280396	0.2365826964378357
0.7152202129364014	0.7666844129562378	0.1738363355398178	0.05843127518892288	1.0585461854934692	0.2245970219373703	0.5582523941993713	0.23939304053783417	0.050585418939590454	0.137668639421463	1.4474507570266724	0.9873324632644653	0.45977839827537537	0.4901937246322632	0.24372325837612152	0.5832189321517944	0.18207234144210815	0.32439929246902466	0.3396075963973999	0.24696913361549377	0.5228691101074219	0.36271217465400696	1.0062309503555298	0.630350649356842	0.28920045495033264	0.6311301589012146	0.6506333351135254	1.0564603805541992	0.4176686406135559	0.4409153163433075	0.9907885193824768	0.39089199900627136	0.6721316576004028	0.28874078392982483	0.45889344811439514	0.24424190819263458	0.24127772450447083	0.544212281703949	0.748954176902771	0.2535945177078247	0.5452631711959839	1.0825432538986206	0.7012016177177429	0.3148714601993561	0.34499165415763855	1.2268222570419312	0.4973094165325165	0.2422640323638916	0.4889901876449585	0.32316482067108154	1.1616019010543823	0.3702213764190674	0.3720668852329254	0.362621545791626	0.2673405408859253	0.4999024271965027	0.759713351726532	1.2436063289642334	0.565342366695404	0.9613050818443298	0.3801993131637573	1.1286969184875488	0.2424721121788025	0.59183669090271	0.501862108707428	0.39088913798332214	0.35797548294067383	0.2492385357618332	0.3794504404067993	0.5760785341262817	0.33346274495124817	0.2085159868001938	1.6467832326889038	1.4766666889190674	0.3689434230327606	0.5347065329551697	0.2998182773590088	0.41148141026496887	0.3015148341655731	0.6155197024345398	0.8494497537612915	0.9988588094711304	0.4156976342201233	0.1116938591003418	0.6404361128807068	0.35002776980400085	0.9539157152175903	0.350784033536911	0.5874147415161133	0.36076247692108154	0.8518550992012024	0.6253491640090942	0.3185771703720093	0.3824215233325958	0.7058004140853882	1.5027434825897217	1.0345678329467773	0.2998504340648651	0.5111359357833862	0.9569010734558105	0.6645591855049133	0.9256560802459717	1.0365737676620483	0.15036819875240326	0.16462071239948273	1.154319405555725	0.9606648683547974	0.0064938124269247055	0.9570394158363342	0.3365970849990845	0.5234007239341736	1.2681951522827148	0.4337201714515686	0.2833019495010376	0.022093292325735092	0.6297197937965393	0.3753831088542938	0.9455624222755432	0.2427118420600891	0.7942638397216797	0.8611888885498047	0.4388909935951233	1.3319555521011353	0.9937088489532471	0.7947279214859009	0.3954011797904968	0.27849912643432617	0.7157725691795349	0.8881720304489136	1.581773281097412	0.44106796383857727	0.8618762493133545	0.4894441068172455	0.2866703271865845	0.5229237079620361	0.15892118215560913	0.7982682585716248	0.23391605913639069	0.3210146129131317	0.45836180448532104	0.642328143119812	0.0929182767868042	0.0	0.22022342681884766	0.7965498566627502	1.5457384586334229	0.8680502772331238	0.8345848321914673	0.887749433517456	0.5139538049697876	0.6119257807731628	0.29674792289733887	0.2603079676628113	0.7882025837898254	0.3507728576660156	0.3610692322254181	0.35043784976005554	0.3262406289577484	0.059478759765625	0.24879293143749237	0.8034776449203491	0.6880147457122803	0.43313902616500854	0.3048434853553772	0.5564833879470825	0.6807130575180054	0.5470375418663025	0.058758560568094254	1.3922513723373413	0.7666484713554382	0.5965480208396912	0.31479281187057495	0.5611312389373779	0.7451319098472595	0.37845975160598755	0.23927649855613708	0.4085063338279724	1.2794997692108154	0.17488695681095123	0.2548253536224365	0.7463328242301941	0.8886132836341858	0.17001254856586456	0.42771974205970764	0.47670939564704895	0.15963929891586304	0.8122052550315857	0.23157474398612976	1.1634708642959595	0.43916457891464233	0.45684725046157837	0.08854769170284271	0.14405158162117004	0.7634815573692322	0.3441672921180725	0.8755971193313599	0.026844318956136703	0.23359481990337372	0.9031469225883484	0.5164179801940918	0.6733475923538208	0.32125356793403625	0.5013217926025391	0.12505480647087097	0.8089810609817505	0.4244503974914551	0.2749820947647095	0.49286964535713196	0.0	0.5008363723754883	0.5583580136299133	0.3435388505458832	0.41776978969573975	0.35835498571395874	0.9473784565925598	0.5772468447685242	0.6108306050300598	0.013324365019798279	0.389008104801178	0.11825913190841675	0.5207582712173462	0.47526440024375916	0.1795978844165802	0.5215529799461365	0.3606813848018646	0.23159942030906677	0.4992419183254242	0.3809068500995636	0.4416089355945587	0.8820791244506836	0.40360674262046814	0.5162582397460938	0.37133780121803284	0.3962200880050659	0.47920507192611694	0.6431990265846252	0.42136555910110474	0.6872414350509644	0.34908729791641235	0.3350771367549896	0.3981724977493286	0.3337753117084503	0.5147753357887268	0.6301202774047852	0.5378119945526123	0.4773937463760376	1.0669276714324951	0.7336148619651794	0.17982369661331177	0.302645742893219	0.6403699517250061	0.19264134764671326	0.7727393507957458	0.45659106969833374	0.2562640905380249	1.0529499053955078	0.36104586720466614	0.7552026510238647	0.7677335143089294	0.3923586308956146	1.182396650314331	1.4768900871276855	0.42764395475387573	0.38024821877479553	0.7229160070419312	0.27581503987312317	0.28247305750846863	0.2093493938446045	0.22625461220741272	0.3262057602405548	0.3737800717353821	0.8203642964363098	0.9705303907394409	0.3671085834503174	0.036233216524124146	0.3499580919742584	0.18340325355529785	0.4751359820365906	0.33943381905555725	0.803517758846283	0.7433924078941345	0.05629172921180725	0.6705930233001709	0.2202397733926773	0.3300201892852783	1.437259316444397	0.2924359440803528	0.5533459782600403	1.1503463983535767	0.37325960397720337	0.6054702401161194	0.2713639736175537	0.55380779504776	0.2920391261577606	0.5807644128799438	1.3042553663253784	1.041883111000061	0.1931588053703308	0.5350034236907959	0.401077002286911	0.11084849387407303	0.5603383183479309	0.9884566068649292	0.7203027009963989	0.3007802367210388	0.15394827723503113	0.5249847769737244	1.1602941751480103	0.4654771387577057	0.0028602667152881622	1.0263102054595947	1.0336856842041016	0.31446322798728943	0.15544289350509644	0.06707794219255447	1.2848944664001465	0.4482479989528656	0.37430626153945923	0.7949112057685852	1.1389647722244263	1.0906431674957275	0.8916728496551514	0.5593045353889465	0.3974667191505432	0.643224835395813	0.38115161657333374	0.3133642077445984	0.7921786308288574	0.5097163915634155	0.8580095767974854	0.7287224531173706	0.4861125648021698	0.2878342568874359	0.6414403915405273	0.22063040733337402	0.31066930294036865	1.0679256916046143	0.41092103719711304	0.21355833113193512	0.5574244260787964	0.21123318374156952	0.3740561604499817	0.3392890691757202	0.5185678601264954	0.5030304789543152	0.26908084750175476	0.3811611831188202	0.3012906014919281	0.21712413430213928	0.32242363691329956	0.06920422613620758	0.06724094599485397	0.33864375948905945	0.41392001509666443	1.4145057201385498	0.3286280035972595	0.891994297504425	0.3729178309440613	0.28423017263412476	0.8612686395645142	1.3081620931625366	0.15341506898403168	0.549441933631897	0.32157889008522034	0.8634554147720337	0.7624063491821289	0.9007948637008667	1.1519938707351685	0.44565311074256897	0.3236956000328064	0.43633589148521423	0.7203063368797302	0.702696681022644	0.29646193981170654	0.4268088638782501	0.5621589422225952	1.4098223447799683	0.6414973139762878	0.9663084745407104	0.05955200642347336	0.5837517976760864	0.24178102612495422	0.7869285345077515	0.2539019286632538	0.2734662592411041	0.4081682562828064	0.07328812777996063	0.201560378074646	0.2246456742286682	0.4715149998664856	0.2797618806362152	1.0388767719268799	0.34507107734680176	0.6289808750152588	0.4390675723552704	0.8242560625076294	0.5189089775085449	0.23790985345840454	1.0494483709335327	0.7420614957809448	0.4334365129470825	0.9593855738639832	0.48351234197616577	0.8853315711021423	0.5363233685493469	0.5508178472518921	0.3356822729110718	0.9369680285453796	0.2447955161333084	0.11335362493991852	0.8413756489753723	0.4881604015827179	0.42844855785369873	0.1749119758605957	0.5176903605461121	0.18102800846099854	0.6424155235290527	0.3020895719528198	0.7476558685302734	0.061139412224292755	0.48444458842277527	0.8404175639152527	0.5412881374359131	0.5618049502372742	0.20686066150665283	0.3576110899448395	0.1666569709777832	0.9175894856452942	0.8105493187904358	0.8307034373283386	0.0501820333302021	1.200402021408081	0.6852433085441589	0.5135682821273804	0.43250226974487305	0.28051304817199707	0.4894740879535675	0.3780696392059326	0.10350801050662994	0.3672513961791992	0.9725806713104248	0.11931411176919937	0.09013742953538895	0.19849978387355804	0.39865803718566895	0.46226435899734497	1.3373602628707886	0.5970255136489868	0.8510252237319946	0.7648026943206787	0.25865402817726135	0.4647596776485443	1.2405743598937988	0.9945846199989319	0.5538186430931091	0.198325976729393	0.6743258833885193	0.22881165146827698	0.5720500946044922	0.5616359114646912	0.8757002949714661	0.46058979630470276	0.2069857120513916	1.3214223384857178	0.6487595438957214	1.0391439199447632	0.1407601535320282	0.24082490801811218	0.7521122694015503	1.2094216346740723	0.4688739776611328	0.4336329996585846	0.22639748454093933	0.4192855656147003	0.744445264339447	0.7599252462387085	0.5644934177398682	1.0024986267089844	0.235032320022583	0.44434401392936707	0.9864746928215027	0.47646933794021606	0.600877583026886	1.2766337394714355	1.6006544828414917	0.27689558267593384	0.888153076171875	0.6256425380706787	0.625704288482666	0.47126781940460205	0.5844579339027405	0.3002782464027405	0.7285786867141724	0.48466819524765015	0.5039023756980896	0.7435909509658813	0.3253544270992279	0.13013286888599396	0.29012802243232727	0.6960119009017944	0.47946983575820923	0.489919513463974	0.7248077988624573	0.17457963526248932	0.6324126720428467	0.6067034602165222	0.12182558327913284	0.5358103513717651	0.7399705648422241	0.1059122085571289	0.3427485227584839	0.12598823010921478	0.5639457702636719	1.3549048900604248	0.2953023314476013	0.13778287172317505	0.3810001611709595	0.6134549379348755	1.0059674978256226	0.5295584797859192	0.5178951621055603	0.9872621297836304	0.16911004483699799	0.7440953254699707	0.3553478717803955	0.6591678261756897	0.19711928069591522	0.7810299396514893	1.258428931236267	0.7203364372253418	0.2553086280822754	0.15703970193862915	0.7973939776420593	0.28057944774627686	0.3702891767024994	0.3853948712348938	0.23899175226688385	0.3139171898365021	0.562290370464325	0.4881139397621155	0.5607323050498962	0.18253245949745178	0.30673226714134216	0.09137752652168274	0.5787139534950256	0.8317813873291016	0.6902696490287781	0.3101726770401001	0.7904255986213684	0.9808748960494995	0.016194261610507965	0.6507164239883423	0.1931087225675583	0.5520665049552917	0.4306258261203766	0.49630579352378845	0.6695703268051147	0.49845364689826965	0.65273517370224	0.8139097094535828	0.577940046787262	0.12400408089160919	0.33401647210121155	0.07444115728139877	1.0468270778656006	0.36218300461769104	0.5336549282073975	0.21125860512256622	0.6518964171409607	0.9278672337532043	1.5326402187347412	1.1299880743026733	0.011559531092643738	0.9822418093681335	0.3245212435722351	0.4423421025276184	0.3678828775882721	0.28633952140808105	0.07464363425970078	0.2846730053424835	0.29247039556503296	0.6444728374481201	0.31087878346443176	0.6438897848129272	0.3919009864330292	0.6325944066047668	0.2432652860879898	0.12134584784507751	0.14772000908851624	0.9022842049598694	0.510809063911438	0.7044051289558411	0.8011355400085449	0.9124974012374878	0.6534213423728943	0.7481957077980042	0.9225913882255554	0.44412705302238464	0.7594699859619141	0.42438164353370667	0.532040536403656	1.5258680582046509	0.3151884377002716	0.7923858165740967	1.0780348777770996	0.5189036130905151	0.6858556866645813	0.49005353450775146	0.016956644132733345	1.4612500667572021	0.28862762451171875	0.553317129611969	1.1034971475601196	0.7434678673744202	0.4778387248516083	0.07206696271896362	0.18850944936275482	0.41432538628578186	0.03306785225868225	0.8152950406074524	0.3431386649608612	0.5048283338546753	0.845086932182312	0.42996957898139954	0.3023397922515869	0.40941885113716125	0.746235728263855	0.10488443076610565	0.7684713006019592	0.11089006066322327	0.6313130855560303	0.199837327003479	0.41604405641555786	0.3921268582344055	0.7263774871826172	0.347232460975647	0.9921729564666748	0.951686441898346	0.27717941999435425	0.40952396392822266	0.7611768245697021	0.32880088686943054	0.07047419250011444	0.9477748870849609	0.09306970983743668	0.6008939146995544	0.36521318554878235	0.6410898566246033	0.5792921185493469	0.05075899511575699	0.8282707333564758	0.6615284085273743	0.27294471859931946	0.4117089509963989	0.17206181585788727	0.6236903071403503	0.3370218276977539	0.857207179069519	1.1091336011886597	0.06300563365221024	0.31597450375556946	0.8823123574256897	0.20421777665615082	0.5458976030349731	0.34305867552757263	0.2605508863925934	0.5084513425827026	0.5750482678413391	0.7890377044677734	0.3263055980205536	0.2726970613002777	0.4853382110595703	0.2884780466556549	0.7070451974868774	0.40049079060554504	0.8757321238517761	0.17061693966388702	1.1451517343521118	0.01904137060046196	0.355440229177475	0.26497936248779297	0.6124461889266968	0.6771904826164246	0.33948057889938354	0.8783496022224426	0.4261550009250641	0.2348194569349289	0.6065142154693604	0.6624119281768799	0.3099660277366638	1.3796417713165283	0.4134393334388733	1.3151161670684814	0.5670084953308105	0.3041802644729614	1.046319603919983	0.8648959398269653	0.631512463092804	0.6325486302375793	0.7427082061767578	0.48311200737953186	0.3253871500492096	0.2275513857603073	0.3097009062767029	0.30356931686401367	0.35354021191596985	0.4173091650009155	0.555012583732605	0.08955959975719452	0.03789952024817467	0.3040623962879181	0.44511526823043823	0.16696204245090485	0.3337511122226715	0.3327171206474304	0.5348877310752869	0.592609167098999	0.44824784994125366	0.05888434872031212	0.9418146014213562	0.7296656370162964	0.21960632503032684	0.26623785495758057	0.6018701791763306	0.3325883448123932	0.3865881860256195	0.12496531009674072	0.14447419345378876	0.19318774342536926	0.45742207765579224	0.3387001156806946	0.6443800926208496	0.33128219842910767	0.9682819843292236	0.29877814650535583	0.12218877673149109	0.1942913830280304	0.24989059567451477	0.5370019674301147	0.2746759057044983	0.4541400969028473	0.3858703076839447	0.30849212408065796	0.8884928822517395	0.1305905133485794	0.4793385863304138	0.521045446395874	0.6972764730453491	0.46895021200180054	0.08001194894313812	0.2524876594543457	0.21533162891864777	0.334150493144989	0.12554216384887695	0.3644053041934967	0.8820444345474243	0.24552950263023376	0.20737776160240173	0.2629075050354004	1.2074896097183228	1.2002460956573486	0.24550631642341614	0.10845088958740234	0.5249241590499878	0.4619101881980896	0.1771341860294342	0.026452818885445595	0.5858247876167297	0.588782012462616	0.38139426708221436	0.3515370488166809	1.2246612310409546	0.5342145562171936	0.5347889065742493	0.30965539813041687	0.7238706350326538	0.9340375661849976	0.2571013271808624	0.14170393347740173	0.17160312831401825	0.879254162311554	0.38325610756874084	0.6010875105857849	0.48058009147644043	0.23009279370307922	0.5255253314971924	0.4169917106628418	0.4677676558494568	0.3986476957798004	0.7330806851387024	0.6185683608055115	0.6003803014755249	0.7214060425758362	0.9162507057189941	0.6408366560935974	0.7178029417991638	0.15218503773212433	0.9308377504348755	0.18166044354438782	0.9623391032218933	0.8276610374450684	0.29449090361595154	0.9596670269966125	0.22582422196865082	0.3417702317237854	0.8680946826934814	0.4014658033847809	0.7115855813026428	0.0723104476928711	0.6728783249855042	0.14376366138458252	0.7616405487060547	0.433478444814682	0.8490784764289856	0.016589956358075142	0.6485356688499451	0.8548364639282227	0.15574130415916443	0.29421770572662354	0.6398090720176697	0.4055159389972687	0.5815213322639465	0.3887343406677246	0.7920659780502319	0.9781267642974854	0.834108829498291	1.428057312965393	0.272502064704895	0.15130749344825745	0.4818178117275238	0.2591553330421448	0.21306699514389038	0.8413589000701904	0.2053316831588745	0.7042969465255737	0.4155186414718628	0.20549198985099792	0.26854208111763	0.1827096790075302	0.9471803307533264	0.6813952326774597	0.28988391160964966	0.3622964024543762	0.33234089612960815	0.8905550837516785	0.8403396606445312	0.2935713529586792	0.466393381357193	0.6787857413291931	0.5226175785064697	0.36610084772109985	0.6288012266159058	1.155134916305542	0.2963595986366272	0.9248402118682861	0.2980459928512573	0.231715589761734	0.27760806679725647	1.164549469947815	0.4296036958694458	0.9082460999488831	0.11758745461702347	0.4235485792160034	0.289186030626297	0.36735138297080994	0.3250059485435486	0.42572763562202454	0.18745070695877075	0.15159320831298828	1.1446757316589355	0.9316346645355225	0.7726123929023743	0.5633915066719055	1.1413013935089111	0.45105019211769104	0.5933509469032288	0.3990630805492401	0.5350956320762634	0.5532611012458801	0.3272475004196167	0.7248232364654541	0.519432544708252	0.8003470301628113	0.6487607955932617	0.3489990234375	0.5712259411811829	0.6218876242637634	0.21659307181835175	0.9481885433197021	0.7201970219612122	1.311568260192871	0.521460771560669	0.8028208613395691	0.3919652998447418	0.7087661027908325	0.6685699224472046	0.1845676600933075	0.05073501169681549	1.2706999778747559	0.5415506362915039	1.1798837184906006	0.1858014017343521	0.2821880877017975	0.5078806281089783	0.5280042886734009	0.2266440987586975	0.3772944509983063	0.44845259189605713	0.4229913651943207	0.47574859857559204	0.4656020998954773	0.6304484605789185	0.23355233669281006	0.1977439820766449	0.3559529483318329	0.19916003942489624	0.6673188209533691	0.07455606013536453	0.30511555075645447	1.076823353767395	0.5256131887435913	0.703557014465332	1.1170567274093628	0.2487645149230957	0.009034042246639729	0.22991740703582764	0.19955384731292725	0.28567007184028625	0.22129684686660767	0.43025273084640503	1.1310186386108398	0.018284063786268234	0.4349948763847351	0.1914491206407547	0.2569158673286438	0.3031882643699646	0.4121551811695099	0.2922632396221161	0.3893420994281769	1.0009750127792358	0.40339750051498413	0.5810834169387817	0.5299818515777588	0.1065596267580986	0.32269367575645447	0.14551880955696106	0.6982985138893127	0.5876541137695312	0.3985927104949951	0.5406444072723389	1.3546680212020874	0.37702351808547974	1.4287344217300415	0.49278774857521057	0.10155721753835678	0.3682671785354614	0.8320216536521912	0.23124821484088898	0.7075269818305969	1.008847713470459	0.31706303358078003	0.2869539260864258	0.7594729661941528	0.500969409942627	0.3435971140861511	0.6273627877235413	0.24252746999263763	0.20377217233181	1.487356185913086	0.39189454913139343	0.16915534436702728	0.19699108600616455	0.4084272086620331	0.2791439890861511	0.7606767416000366	0.6527286767959595	0.8909458518028259	0.2911141812801361	0.09771741181612015	0.24434871971607208	0.26453766226768494	0.38239800930023193	0.12865372002124786	0.3490058183670044	0.3379620909690857	0.4225471615791321	0.6304255723953247	1.5840028524398804	0.7993899583816528	1.0358104705810547	0.27142801880836487	1.2450617551803589	0.9898348450660706	0.5530100464820862	0.0872265100479126	0.7303446531295776	0.5666519403457642	0.6984149813652039	0.442096471786499	0.1541491150856018	0.3869970440864563	0.5653483867645264	0.10660486668348312	0.45045584440231323	0.3712354302406311	0.2940579056739807	0.5767397284507751	0.43154746294021606	0.5485743284225464	0.4589843451976776	0.630293071269989	0.40600600838661194	0.29120755195617676	0.34015795588493347	0.39331331849098206	1.0894607305526733	0.5885211825370789	1.0880037546157837	0.43653973937034607	0.8872110843658447	0.6973597407341003	0.37362417578697205	0.1512904018163681	0.28623729944229126	0.4396166503429413	0.10293211787939072	0.3405686020851135	0.6763436198234558	0.3439417779445648	0.1719769686460495	0.05312761291861534	0.702862560749054	1.3115726709365845	0.9433571100234985	0.595187783241272	0.4200073182582855	0.29167938232421875	0.1840769499540329	0.35440704226493835	0.3998265266418457	0.8000630736351013	0.480209618806839	0.6462475061416626	0.857072114944458	0.6054868698120117	0.7771838903427124	0.6736363172531128	0.0061795711517333984	0.26340222358703613	0.9632188081741333	0.677932858467102	0.6291308403015137	0.15776774287223816	0.4035230278968811	0.2825644910335541	0.49928802251815796	0.5987889766693115	0.858830451965332	0.7146477103233337	0.22713445127010345	0.5204523205757141	0.4601358473300934	0.38778749108314514	0.4829409718513489	0.7814671993255615	0.3661937117576599	0.16564339399337769	0.6902456283569336	0.36474859714508057	0.7171962261199951	0.782332181930542	0.3431702256202698	0.7856066226959229	0.5708581805229187	0.5352957248687744	1.4085869789123535	1.5766937732696533	0.7081542015075684	0.2153773456811905	0.14696668088436127	0.30119332671165466	0.404440701007843	0.1156148910522461	0.3543388545513153	0.5316040515899658	0.3734780251979828	0.7563591599464417	1.1667613983154297	1.006293773651123	0.2658260762691498	0.08371959626674652	0.8346888422966003	0.08242306858301163	1.0509964227676392	0.6869284510612488	0.38458654284477234	1.0887889862060547	0.21728771924972534	0.4281017482280731	0.8038968443870544	0.912979781627655	0.5218963623046875	1.2720847129821777	1.3904492855072021	0.0	0.7165157794952393	0.5720545053482056	0.013143949210643768	0.40134456753730774	0.6831417083740234	0.6457571983337402	0.40846747159957886	0.4841061234474182	0.3539326786994934	0.08330554515123367	0.22702406346797943	0.40896087884902954	0.4748466908931732	1.5455024242401123	0.38473302125930786	0.8521604537963867	0.1093558520078659	0.4840320944786072	0.38623887300491333	0.21599726378917694	0.19197405874729156	0.4489361643791199	0.8273794651031494	0.25467488169670105	0.08801314234733582	0.09708888828754425	0.06675957888364792	0.0	0.49876755475997925	0.37017297744750977	0.364021360874176	0.06484918296337128	0.8758389353752136	0.18393352627754211	1.1147053241729736	0.4574066400527954	0.6419350504875183	0.18081790208816528	0.995836079120636	0.4374873638153076	0.1662919670343399	0.6121933460235596	0.7227258682250977	0.17811225354671478	0.947917640209198	0.6770808100700378	0.2571210563182831	0.7037407755851746	0.5150349140167236	0.35124462842941284	0.24454209208488464	0.3444836735725403	1.1972781419754028	0.7657900452613831	0.7908499836921692	0.047355473041534424	0.4486295282840729	0.46987056732177734	0.6563262343406677	0.791396975517273	0.6226479411125183	0.9990024566650391	0.3791729807853699	1.0026808977127075	0.2979344129562378	0.4597621262073517	0.16985607147216797	1.0532405376434326	0.48836779594421387	0.8643451929092407	0.7364583015441895	0.3585669696331024	0.7375699281692505	0.8154192566871643	0.5155261754989624	0.6024528741836548	0.3334529995918274	0.45773112773895264	0.48654475808143616	0.47271984815597534	0.5496958494186401	1.4222486019134521	0.2034275084733963	0.48965075612068176	0.9555635452270508	0.42530059814453125	0.42782437801361084	0.3895629048347473	0.5078992247581482	0.4279770851135254	0.7176141738891602	0.48308464884757996	1.0804561376571655	0.7185117602348328	0.6898996829986572	0.7557579874992371	0.7362419366836548	0.6188855171203613	0.952174723148346	0.6690218448638916	0.3920271694660187	0.3010972738265991	0.6109647154808044	0.3813546895980835	0.5499691367149353	0.3971996009349823	0.7756389379501343	0.35669416189193726	1.1530224084854126	0.6523148417472839	0.1370268315076828	0.5490418672561646	0.3245605528354645	0.8454639315605164	0.8427442312240601	0.6981497406959534	0.27799516916275024	0.3344157934188843	1.0298264026641846	0.27351710200309753	0.7958739399909973	0.7781257629394531	1.0399713516235352	0.03473563864827156	0.5749226212501526	0.296936571598053	0.30534255504608154	0.3349383771419525	0.14602944254875183	0.7624243497848511	0.12859615683555603	0.3407132923603058	0.13165946304798126	0.8187611699104309	1.3331655263900757	0.8640650510787964	0.0717049315571785	0.15566134452819824	0.7393310070037842	0.10976380109786987	0.2866361737251282	0.47664105892181396	0.3853646516799927	0.4737435281276703	1.1614309549331665	0.24033603072166443	0.6329970955848694	1.215402603149414	0.5354117155075073	0.9283260107040405	0.3982018828392029	0.34435510635375977	0.4558198153972626	0.1665847897529602	0.9205601215362549	0.728853702545166	0.5961554646492004	1.3320553302764893	0.2448764592409134	0.27483808994293213	0.3200886845588684	0.43142104148864746	0.34683847427368164	0.26208481192588806	0.09526574611663818	0.7808998823165894	0.9997814893722534	0.4234229028224945	0.3634240925312042	1.020544171333313	0.1862587332725525	0.36693835258483887	0.1921863704919815	0.4123610854148865	0.33944201469421387	0.40729373693466187	0.3340877890586853	0.1692293882369995	0.4845411777496338	0.05171270668506622	0.07816416025161743	0.7936419248580933	0.18785151839256287	0.6529394388198853	0.32920828461647034	0.6515990495681763	0.2942345142364502	0.13152679800987244	0.15036161243915558	1.2678159475326538	0.5393262505531311	0.6369442939758301	0.38607537746429443	0.14465825259685516	0.29991331696510315	0.3362157344818115	0.017607729882001877	0.19486241042613983	0.5844710469245911	0.4547733664512634	0.42852547764778137	0.3734669089317322	0.38732045888900757	0.1810547262430191	0.4999842047691345	0.810907244682312	0.1426718831062317	0.6184810400009155	1.4124170541763306	0.9112565517425537	0.49187034368515015	0.1838172972202301	0.4254758358001709	0.2530602216720581	0.0	1.0839204788208008	0.6703858375549316	1.0440255403518677	0.4290350377559662	0.34480077028274536	0.4036372900009155	0.14983630180358887	0.344833642244339	0.1846124529838562	0.2758813500404358	0.4206808805465698	0.5592532157897949	1.3495460748672485	0.14710596203804016	0.5771297216415405	0.26915672421455383	0.4134822189807892	0.12285201251506805	0.789178729057312	0.5770472884178162	0.3938133418560028	0.6379357576370239	0.8705968260765076	0.3392469584941864	0.19689512252807617	0.40277737379074097	0.41483670473098755	1.4193103313446045	1.2619996070861816	0.8453521132469177	0.5695961117744446	0.4126218259334564	0.23826302587985992	0.24972045421600342	0.3150588274002075	0.35215306282043457	0.14679549634456635	0.9081792235374451	0.6753038167953491	0.7391047477722168	0.9036278128623962	0.07871638238430023	0.8322126269340515	1.0477912425994873	0.4455089569091797	0.18509235978126526	0.3566451668739319	0.4832340478897095	0.8997761011123657	0.516578733921051	0.1763584017753601	0.47610604763031006	0.4486522674560547	0.6607966423034668	0.8198938369750977	0.48876360058784485	0.046243395656347275	0.4099631607532501	0.10136997699737549	0.1094842180609703	0.29789841175079346	1.3025641441345215	1.5630860328674316	0.11499862372875214	0.2970082461833954	0.29957279562950134	0.5600878596305847	0.5521959066390991	0.2519574761390686	0.28839796781539917	0.4567967355251312	1.3662934303283691	0.5108174085617065	0.32121741771698	0.9253206253051758	1.2362016439437866	0.39233553409576416	0.30162161588668823	0.47751742601394653	0.24571451544761658	1.4221254587173462	0.7665966153144836	0.4322454631328583	0.674712061882019	1.0835298299789429	0.3184725046157837	0.09844857454299927	0.4272187352180481	0.4475257396697998	0.12908604741096497	0.8727484941482544	0.3203791081905365	0.3586711883544922	0.721959114074707	0.23571501672267914	0.3668929934501648	0.44702374935150146	0.5408313274383545	0.4787471890449524	1.051853895187378	0.38760876655578613	0.14254841208457947	0.19401931762695312	0.2053009271621704	0.37839698791503906	0.20181013643741608	0.19200894236564636	0.4496089816093445	0.39930349588394165	0.5680201649665833	0.06844671070575714	0.34350520372390747	0.34220367670059204	0.5234661102294922	0.5046959519386292	0.8234777450561523	0.8039327263832092	0.8240797519683838	0.7105475664138794	0.4746781587600708	0.6510238647460938	0.5821397304534912	0.9427948594093323	0.3570890426635742	0.529979944229126	1.0264695882797241	0.5521068572998047	0.9701873660087585	1.089672327041626	0.613161027431488	0.4653511643409729	1.2736085653305054	0.4102175831794739	0.42727532982826233	0.4456365406513214	0.8957816362380981	0.15473680198192596	0.5387560725212097	0.25122207403182983	0.8803495168685913	1.278906226158142	0.45929938554763794	1.224595308303833	0.4998719394207001	0.594038188457489	0.9682399034500122	0.3089239299297333	0.455809623003006	0.2892211675643921	1.0687090158462524	0.4132568836212158	0.37198030948638916	0.4953325092792511	0.37927693128585815	0.18447686731815338	0.0036170005332678556	0.5993634462356567	0.5427725911140442	0.1992807686328888	0.9075887203216553	0.8347455263137817	0.6402885913848877	0.7908209562301636	0.831000566482544	0.3753918409347534	0.20537489652633667	0.5846027731895447	1.2240731716156006	0.6346417665481567	0.10252802073955536	0.6912627220153809	0.818146824836731	0.42032474279403687	0.2688262164592743	0.64689040184021	0.4479694366455078	0.9931178689002991	0.9866625070571899	0.19350512325763702	0.3060232996940613	0.6771487593650818	0.11541782319545746	0.886222779750824	0.3604717552661896	0.38354358077049255	0.5374084115028381	0.37699198722839355	0.8214095234870911	0.8653160929679871	1.1113001108169556	0.7481648921966553	0.46725884079933167	0.7404211759567261	0.2145710587501526	0.37482112646102905	0.14873455464839935	0.7745263576507568	0.5546483993530273	0.5389077663421631	0.272365927696228	0.2526310384273529	0.16224566102027893	0.8834593296051025	0.5151294469833374	0.5617268085479736	0.7377390265464783	0.32609835267066956	0.27596884965896606	0.3493526577949524	0.41250741481781006	0.533751904964447	0.7356634736061096	0.32169097661972046	0.9690263271331787	0.27103325724601746	0.08943365514278412	0.2157844454050064	0.9086946249008179	0.21519145369529724	0.20077718794345856	0.8007182478904724	0.4093570113182068	1.0432027578353882	0.4783455431461334	0.22235903143882751	0.5340450406074524	0.5675221681594849	1.1680617332458496	0.4727931022644043	0.2873806953430176	1.0004527568817139	0.6134567260742188	0.41723698377609253	0.5787090063095093	0.5704434514045715	0.3049336075782776	0.9763892889022827	0.7277969717979431	0.36021146178245544	1.1962134838104248	1.058231234550476	0.08988809585571289	0.7180830836296082	0.4733465909957886	0.15601204335689545	0.5360689163208008	0.6494980454444885	0.24453920125961304	0.6776489615440369	0.3058493137359619	0.3765324652194977	0.17596791684627533	0.20676040649414062	0.5927824974060059	0.6015357375144958	0.7269909381866455	0.09118823707103729	0.597518801689148	0.19474631547927856	0.721840500831604	0.48252013325691223	0.20774954557418823	0.22727802395820618	0.6134799122810364	0.38932865858078003	0.9922796487808228	0.3713738024234772	0.1368517428636551	0.16420453786849976	0.46172526478767395	0.5685876607894897	0.8293519616127014	0.45295751094818115	0.5978637337684631	0.3969029188156128	0.4238198697566986	0.31026312708854675	0.9314864873886108	0.6868102550506592	0.9055777192115784	1.1340982913970947	0.4730904996395111	0.6226165294647217	0.1277112513780594	0.28042522072792053	0.19588740170001984	0.2716101408004761	0.3497369885444641	0.27478694915771484	0.9649694561958313	0.4787151515483856	0.7388325929641724	0.407477468252182	0.7626239657402039	0.37686920166015625	0.3120455741882324	0.6967034339904785	0.08640830963850021	0.7516689896583557	0.5937653183937073	1.1124690771102905	0.6762083768844604	0.03943968564271927	0.8265134692192078	0.43464040756225586	0.5662878155708313	0.4266982674598694	0.5595037937164307	0.5265748500823975	0.7077640295028687	0.1988770216703415	0.8238846063613892	0.11535942554473877	0.684235692024231	0.40065741539001465	0.40359142422676086	0.7787272930145264	0.3506682217121124	0.9655076265335083	0.48105233907699585	0.29058581590652466	0.4897024631500244	0.4061276912689209	0.07988019287586212	0.1956036388874054	0.7341251373291016	0.22598153352737427	0.1923505663871765	0.16162662208080292	0.2176188826560974	0.268057256937027	1.5067532062530518	0.4201657474040985	0.3204371929168701	0.1434260755777359	0.15475991368293762	0.7705792784690857	0.7355344891548157	0.35718315839767456	0.6669042706489563	0.5514510273933411	0.3985418677330017	0.9339565634727478	0.748518705368042	0.4090147912502289	0.36797335743904114	0.26952052116394043	0.9135642647743225	0.5078839063644409	0.5329741835594177	0.7930107116699219	0.2566351294517517	0.25825583934783936	0.19212719798088074	0.7676793932914734	0.5456063747406006	0.753532886505127	0.2595753073692322	0.48929765820503235	1.2271442413330078	0.22607733309268951	0.12445598840713501	0.4327239394187927	0.6216909289360046	0.2744833528995514	0.5230291485786438	0.1878858506679535	0.18595482409000397	0.4605570435523987	1.103520393371582	0.10140444338321686	0.4194263815879822	0.4503961503505707	0.7186960577964783	0.8098140358924866	1.3446083068847656	0.5225851535797119	0.8270969986915588	0.7123908400535583	0.7277863621711731	0.7467782497406006	0.8749146461486816	0.8112313747406006	0.8915091156959534	0.45906493067741394	0.5223922729492188	0.1221330463886261	0.09938526153564453	0.3416050672531128	0.3909391164779663	1.2721372842788696	0.18917283415794373	0.150282084941864	0.36539560556411743	0.3818133473396301	0.29469406604766846	0.38235580921173096	0.4414072334766388	0.3344341814517975	0.6355211138725281	1.1262620687484741	1.0571050643920898	0.572670578956604	1.5837498903274536	0.15094342827796936	0.8073923587799072	0.41662439703941345	0.27974724769592285	0.5707274079322815	0.676283597946167	1.1233432292938232	0.24837051331996918	0.2891645133495331	0.08401097357273102	0.32051634788513184	0.40961000323295593	0.6076149940490723	0.3779039680957794	0.09064789116382599	0.2812005281448364	0.8734502792358398	0.36643144488334656	0.3979364335536957	0.30587759613990784	0.7723211646080017	0.2181587815284729	0.22254163026809692	0.03469664230942726	1.1526460647583008	1.0535383224487305	1.322772741317749	0.1855531930923462	0.2526768445968628	0.799712061882019	0.030050287023186684	0.09752987325191498	0.26478877663612366	0.3705384135246277	0.49956023693084717	0.21903769671916962	0.34700310230255127	0.4749196767807007	0.898703396320343	0.26617342233657837	0.4579182267189026	0.6232335567474365	0.7482215166091919	1.3831120729446411	0.28479576110839844	0.9641756415367126	0.4138556122779846	0.24753421545028687	0.7572407722473145	0.43832871317863464	0.8251134753227234	0.2050958275794983	0.31178635358810425	0.7100402116775513	1.0219721794128418	0.3982102572917938	0.4659726321697235	0.9405776858329773	0.6754015684127808	0.5220484733581543	0.5621325969696045	0.1371687948703766	1.0291521549224854	0.014581885188817978	0.9012095928192139	1.5786912441253662	0.05383706092834473	0.7824632525444031	0.04326701909303665	0.6418938040733337	0.27077972888946533	0.41063159704208374	0.9791709780693054	0.4400832951068878	0.6705748438835144	1.7051939964294434	0.33218201994895935	0.5485617518424988	0.7713663578033447	1.0236198902130127	1.5953994989395142	0.5009881854057312	0.41164490580558777	0.43656811118125916	0.27904415130615234	0.06404846906661987	0.32249724864959717	0.22785291075706482	0.7128388285636902	0.0	0.5715821385383606	0.5326305627822876	0.7778059244155884	0.21053841710090637	1.1776636838912964	0.5118167996406555	0.08133938163518906	0.14622510969638824	0.41887393593788147	0.42434602975845337	0.22641660273075104	0.5213561058044434	0.19355858862400055	0.6489298939704895	0.7824090123176575	1.1335819959640503	0.5499869585037231	0.20914551615715027	0.6065310835838318	1.132901668548584	1.0078591108322144	0.3691712021827698	0.7994725704193115	0.26046204566955566	0.2631082534790039	0.2652868628501892	0.023148275911808014	0.6177427768707275	0.009098732843995094	0.46591854095458984	0.18759116530418396	1.2779905796051025	0.19458246231079102	0.5216723084449768	0.47965285181999207	1.0476282835006714	0.44656074047088623	0.6789195537567139	0.8182700872421265	0.2913382649421692	0.006176231428980827	0.18938538432121277	0.017651766538619995	1.13557767868042	1.5309157371520996	0.0	0.5081316232681274	0.6410567760467529	0.8203202486038208	0.12406492233276367	0.41276663541793823	0.7689895629882812	0.8371633291244507	0.8130896687507629	0.5176549553871155	0.6557129621505737	0.3849347233772278	0.7152022123336792	0.42129266262054443	0.5563858151435852	1.2621994018554688	0.7185075283050537	0.6134603023529053	0.7916544675827026	0.8573150038719177	0.7262184023857117	0.6223234534263611	0.44818389415740967	0.41060495376586914	0.3289603888988495	0.5376020669937134	0.7747792601585388	0.16616012156009674	0.48597225546836853	0.25177961587905884	0.24093471467494965	0.12306886911392212	0.46667975187301636	0.1460677832365036	0.9524807929992676	0.6827461123466492	0.5248185396194458	0.993867039680481	0.4902347922325134	0.4078090190887451	0.5337490439414978	0.3667089641094208	0.29406067728996277	0.8781477808952332	0.7654711008071899	0.16376309096813202	0.22958515584468842	0.4567819833755493	1.1450331211090088	0.6045182943344116	0.6031980514526367	0.8408395051956177	0.9146975874900818	0.8049470782279968	0.994232177734375	0.4894997179508209	0.5896338820457458	0.24731338024139404	0.05364582687616348	0.8237781524658203	0.23056411743164062	0.2795957922935486	0.2941187918186188	0.6807315349578857	0.14518719911575317	0.49832576513290405	0.2923380136489868	0.695639431476593	0.5080649256706238	0.4724286198616028	0.35661908984184265	0.8405380249023438	1.3892009258270264	0.8992805480957031	0.7523912191390991	0.5007022619247437	0.2267034947872162	0.3441137671470642	0.24774709343910217	0.23821866512298584	0.6323962807655334	0.695859432220459	0.40144458413124084	0.1378079503774643	0.5839644074440002	0.3082617223262787	0.08586275577545166	1.1868354082107544	0.34082847833633423	0.9494159817695618	0.3835635781288147	0.15190087258815765	0.4741521179676056	0.20089858770370483	0.3622989356517792	0.2608218491077423	0.7790638208389282	1.2244797945022583	0.9171518087387085	0.24164779484272003	1.0923409461975098	0.08789892494678497	0.40606746077537537	0.6931986808776855	0.1432638317346573	1.099343180656433	0.5420329570770264	0.8935276865959167	0.5546988248825073	0.5506706833839417	0.454692542552948	0.6867432594299316	0.41313636302948	0.39199328422546387	1.1035079956054688	0.6480991244316101	0.14604809880256653	0.7541561126708984	0.2973041534423828	0.03371229022741318	0.41529610753059387	0.8663228750228882	1.0402040481567383	0.40071508288383484	0.42126181721687317	0.006491372361779213	0.4015503227710724	0.3628816604614258	0.9360474348068237	0.8933801054954529	0.2761123776435852	0.4034624695777893	0.2902820408344269	0.8160584568977356	0.33331990242004395	0.34111645817756653	0.352518230676651	0.25126850605010986	0.8084455728530884	0.3617593050003052	0.33207178115844727	0.4117904305458069	0.6451210379600525	0.8047599196434021	0.5414558053016663	0.5794289708137512	0.8169658184051514	1.3779181241989136	0.22777336835861206	0.5049893260002136	0.3867731988430023	0.1412622034549713	1.196128249168396	1.1702284812927246	0.266543984413147	0.8811426758766174	0.7468363046646118	0.9615971446037292	0.469027042388916	0.39504337310791016	0.26223158836364746	0.4306231737136841	0.5898879170417786	1.2227240800857544	0.2564331889152527	1.1151819229125977	0.30249303579330444	0.6086233854293823	0.6317345499992371	0.31316515803337097	0.42891037464141846	0.2878255844116211	0.12038932740688324	0.7598363757133484	0.6730382442474365	0.20363134145736694	0.6806421279907227	0.48918744921684265	0.4821231961250305	0.3833732604980469	0.3514453172683716	0.8326295018196106	0.9346951842308044	0.7042371034622192	0.7352677583694458	0.6221526861190796	0.608681321144104	0.5388959050178528	0.22048312425613403
0.5245314240455627	0.2318747639656067	0.5272897481918335	1.4960439205169678	0.07992284744977951	0.2545216679573059	0.1641272008419037	0.38840484619140625	0.961601972579956	0.4286997318267822	0.615328311920166	0.9748161435127258	0.8924400806427002	0.2694472670555115	0.17616532742977142	0.6307924389839172	0.8589849472045898	0.13283295929431915	1.3664597272872925	0.5106778740882874	0.34516650438308716	0.4344976842403412	0.05298067256808281	0.02207767218351364	0.400531530380249	0.028675131499767303	0.34849050641059875	0.8329986333847046	0.4323517680168152	0.7631252408027649	0.815759003162384	0.4035974442958832	0.2055525779724121	0.6268377304077148	0.4323604106903076	0.4024369418621063	0.5378890633583069	0.4656970500946045	0.22019460797309875	0.13869723677635193	0.4771873354911804	0.1613321304321289	0.5233123302459717	0.6349366307258606	0.4200673997402191	0.880057156085968	0.3438584506511688	0.7140784859657288	0.8457829356193542	1.055625081062317	0.46220266819000244	0.44102707505226135	0.20990978181362152	1.1174899339675903	0.4437030255794525	0.22972463071346283	0.7167957425117493	1.0301103591918945	0.3367496132850647	0.46627601981163025	0.19138851761817932	1.100615382194519	0.8391937017440796	0.4324389100074768	0.8420419096946716	0.21954666078090668	0.9655605554580688	0.7629055976867676	0.29777881503105164	0.8343290090560913	0.2992812991142273	0.20510302484035492	0.9795727729797363	1.7498693466186523	0.4450991451740265	0.4607629179954529	0.9717430472373962	0.5370441675186157	0.8403680920600891	1.178666353225708	1.2898046970367432	0.383187860250473	0.43179476261138916	0.30780112743377686	0.6117587685585022	0.5281201601028442	0.42828133702278137	1.0481523275375366	0.4152756631374359	0.5643344521522522	0.10915946960449219	1.1569089889526367	0.3155708312988281	0.6080033183097839	0.3592584431171417	1.2424535751342773	0.3621732294559479	0.5206696391105652	0.3061358332633972	0.5749725699424744	0.9511945247650146	0.9673207998275757	0.3685302436351776	0.5730366110801697	0.7446858286857605	0.7272273302078247	0.1494494527578354	1.1921182870864868	0.068057581782341	0.8285160660743713	0.5584967732429504	1.182746171951294	0.875625491142273	0.913432240486145	0.9130392074584961	0.4046200215816498	0.5680400729179382	0.18211477994918823	1.1202070713043213	0.15979018807411194	0.9589850902557373	0.5443661212921143	0.9108848571777344	0.948489785194397	1.1955803632736206	0.3807322680950165	0.14549410343170166	0.3607141971588135	0.733622670173645	0.5381856560707092	0.588222086429596	1.3298101425170898	0.28246182203292847	0.5417087078094482	0.688275933265686	0.4535689651966095	0.3995774984359741	0.7948198914527893	0.7638450860977173	0.5381702780723572	0.5328675508499146	0.4256168305873871	0.013079695403575897	0.5947762727737427	1.085235595703125	0.20261339843273163	0.6184544563293457	0.1070098876953125	0.06635947525501251	0.6519993543624878	0.8426500558853149	0.43141934275627136	1.038781762123108	0.5097527503967285	0.29005974531173706	0.6190062165260315	0.218324676156044	0.09165509045124054	0.4534509479999542	0.23117034137248993	0.9391157031059265	0.8379088640213013	0.7008768916130066	0.43618711829185486	0.3725276291370392	1.3973524570465088	0.9578124284744263	0.42775166034698486	0.1410377323627472	0.07321123778820038	0.4764815866947174	0.4158623218536377	0.26065343618392944	0.3486422002315521	0.38452592492103577	0.35730037093162537	0.5727553367614746	0.9143281579017639	0.8218287825584412	0.3234556317329407	0.4870467782020569	0.2932561933994293	0.6800320148468018	1.14931058883667	0.594713568687439	0.24604153633117676	0.36332276463508606	0.14099712669849396	0.9265568852424622	0.6631610989570618	0.6208980083465576	0.3837857246398926	0.6187201738357544	0.9164827466011047	0.3816244900226593	1.239862084388733	0.026385515928268433	0.23064184188842773	0.22543050348758698	0.39271631836891174	0.6452062129974365	0.061105091124773026	0.13177096843719482	0.46653109788894653	1.4083369970321655	0.29724958539009094	0.4200378954410553	0.6644240617752075	0.027166351675987244	0.4192003905773163	0.05615077540278435	0.34929895401000977	0.6074104905128479	0.819059431552887	0.30618786811828613	0.23824819922447205	0.9694075584411621	0.7917211055755615	0.5437932014465332	0.04496609419584274	0.5252808332443237	0.20477698743343353	0.7952516674995422	0.06272507458925247	0.23361307382583618	0.4053429961204529	0.6969742178916931	0.37557926774024963	0.30782872438430786	0.7976824641227722	0.3929485082626343	0.7986745834350586	0.144814133644104	0.026547633111476898	0.41854119300842285	0.5470172166824341	0.20985804498195648	0.26092329621315	0.16748492419719696	0.32181888818740845	0.5731966495513916	0.5857585668563843	0.1457805633544922	0.48448359966278076	0.8527532815933228	0.6666988134384155	0.762152373790741	0.7918932437896729	0.13389798998832703	0.7893544435501099	0.6349377632141113	0.36139240860939026	1.2280895709991455	0.014743903651833534	0.2414538562297821	1.1941649913787842	1.3542311191558838	1.329710602760315	0.08183962851762772	0.31451794505119324	1.165149450302124	0.7306913137435913	0.46652546525001526	0.3048778772354126	0.005964495241641998	0.33090320229530334	1.1915582418441772	0.29976657032966614	0.3020104169845581	0.20974336564540863	0.5986403822898865	0.5583143830299377	0.05489441752433777	0.6326960921287537	0.8495384454727173	0.28683996200561523	0.46631157398223877	1.4785943031311035	0.30436912178993225	0.1538616418838501	0.41287437081336975	0.8849451541900635	0.41216060519218445	0.1695987433195114	1.1112288236618042	0.9191998839378357	0.363395631313324	0.46274933218955994	1.1221020221710205	1.0538990497589111	0.5972100496292114	0.7225276827812195	0.37465858459472656	0.6612250804901123	0.41950803995132446	0.2436075210571289	1.698918104171753	0.6264524459838867	0.5572264194488525	0.23967236280441284	0.17932243645191193	0.21380865573883057	0.23510116338729858	0.7397780418395996	0.867571234703064	0.29621434211730957	1.205056071281433	0.17894618213176727	0.37276771664619446	0.4718713164329529	0.2858012914657593	0.4021271765232086	0.8138993382453918	1.457195520401001	0.8736836314201355	0.1613713800907135	0.5121654272079468	0.11452898383140564	0.21784600615501404	0.029318764805793762	0.2363874912261963	0.318037748336792	0.17126813530921936	0.5192862749099731	0.3670387864112854	0.5303612351417542	0.5703116655349731	0.6373465061187744	1.0811185836791992	0.3534654974937439	1.1738290786743164	0.23180781304836273	0.3148033916950226	0.29685431718826294	0.27258679270744324	0.8502657413482666	0.9357607364654541	0.0	1.0192030668258667	0.2751542329788208	0.2990497946739197	0.6622945070266724	0.5970628261566162	0.3195755183696747	0.4331931471824646	0.24509823322296143	0.963813841342926	0.30645638704299927	0.28047269582748413	0.48974448442459106	0.8628324866294861	0.9858307838439941	0.33617234230041504	0.8247693777084351	1.026974081993103	0.15605702996253967	0.5252009630203247	0.23293958604335785	0.24383355677127838	0.9052915573120117	0.2975746691226959	0.8127766847610474	0.4548857808113098	0.5578711628913879	0.5981661677360535	0.26960620284080505	0.9258977174758911	1.2624198198318481	0.6482619643211365	0.3856775164604187	0.3809463381767273	0.3927167057991028	0.678167998790741	0.835040807723999	0.499705046415329	0.6133618354797363	0.09884171932935715	0.41715654730796814	0.08377277106046677	0.8938723802566528	0.18119896948337555	0.9498368501663208	1.0842429399490356	0.2536453902721405	0.4328899681568146	0.2489486038684845	0.7488133907318115	0.7399069666862488	0.13005729019641876	0.23807726800441742	0.5973156690597534	0.8370053768157959	0.03757210820913315	0.10240273177623749	0.7648521065711975	0.42180296778678894	0.49685779213905334	0.4095257818698883	0.7859529852867126	0.8146205544471741	0.6339466571807861	0.6285086870193481	0.37522900104522705	0.785010039806366	0.18920636177062988	1.0089507102966309	0.9143050312995911	0.16383613646030426	0.45198142528533936	0.3135353624820709	0.499874472618103	0.0028559332713484764	0.9014785289764404	0.11120446026325226	0.40440648794174194	0.5946929454803467	0.8111301064491272	1.2053440809249878	0.6114731431007385	0.24524210393428802	0.580692708492279	0.8774974346160889	0.7193408608436584	0.40119096636772156	0.6679246425628662	0.37601256370544434	0.6064918637275696	1.2036124467849731	0.321405291557312	0.8628503680229187	0.8777681589126587	0.7399362325668335	0.4660147428512573	0.4091380536556244	0.49532368779182434	0.6880099773406982	0.5620930790901184	0.3303188383579254	0.4250476062297821	0.5845913290977478	0.9009552001953125	1.2681833505630493	1.019139289855957	0.7355878353118896	0.2900755703449249	0.507495105266571	0.101446732878685	1.1606204509735107	0.48181435465812683	0.3607754707336426	0.3707175850868225	0.4000837802886963	0.11678768694400787	0.6587139368057251	0.38735631108283997	0.26370203495025635	0.20038414001464844	0.35074806213378906	0.0540323406457901	0.7983720898628235	0.34988242387771606	0.8316023945808411	0.284083753824234	1.1889803409576416	0.8947598934173584	0.29576539993286133	0.7045780420303345	0.5352112054824829	0.004270358942449093	0.23379306495189667	0.5729182958602905	0.6050061583518982	0.3960197865962982	0.7178313732147217	0.12951381504535675	0.2537824511528015	1.0110245943069458	1.4159326553344727	0.3264032304286957	0.23502610623836517	0.28543931245803833	0.2551890015602112	1.1028472185134888	1.2969080209732056	0.17036856710910797	1.0114011764526367	0.4152293801307678	1.4989039897918701	0.3706352412700653	0.4273315668106079	0.5124645233154297	0.3115611970424652	1.280212163925171	0.9573176503181458	0.4473162591457367	0.5026885271072388	0.5142619609832764	0.6071545481681824	0.34503376483917236	0.47832247614860535	0.17713522911071777	0.6314184069633484	0.014082886278629303	0.6225950121879578	0.42504334449768066	0.3867795765399933	0.9837005138397217	0.39576438069343567	0.5823876857757568	0.43802177906036377	0.3037056028842926	0.26453903317451477	0.11191915720701218	0.7136757373809814	0.23330172896385193	0.39216774702072144	0.2964617609977722	0.7501041293144226	0.2969551980495453	0.9058708548545837	0.46362119913101196	0.9064160585403442	0.30031612515449524	0.11387374997138977	0.3922996520996094	0.34542056918144226	0.3083817958831787	0.8221938610076904	0.11397218704223633	0.2344575822353363	0.8018519878387451	0.36857378482818604	1.016920804977417	0.8541781306266785	0.34163400530815125	0.33282801508903503	0.651504635810852	0.7515016794204712	0.36516278982162476	0.15230312943458557	0.5297752022743225	0.9422163963317871	1.0966169834136963	0.06696193665266037	0.5164602994918823	0.5980545878410339	1.2469475269317627	0.365715891122818	0.034993626177310944	0.06793399155139923	0.408174991607666	0.7731698155403137	0.33479052782058716	0.36002102494239807	0.548705518245697	0.37797847390174866	0.6287581920623779	1.1067299842834473	0.6870296001434326	0.5000629425048828	0.46218958497047424	0.7329885363578796	0.5795022249221802	0.05950374901294708	0.9914757609367371	0.30307623744010925	0.4722951352596283	0.16461893916130066	0.32121703028678894	0.052631087601184845	0.1742674559354782	1.4808207750320435	0.9634028673171997	0.518681526184082	1.322742223739624	0.46378251910209656	0.053793322294950485	0.39282435178756714	0.25680506229400635	0.43952375650405884	1.1178127527236938	0.8020230531692505	0.7259918451309204	0.5922966003417969	0.5454909205436707	0.5146881937980652	0.21066036820411682	0.6030282378196716	0.023831311613321304	0.12298229336738586	0.4697883427143097	0.8234896659851074	0.7812706828117371	0.35937851667404175	0.6921387314796448	0.09861600399017334	0.4842388331890106	0.9418400526046753	0.3935478925704956	0.48902627825737	0.22702914476394653	1.4540367126464844	0.22158992290496826	0.6358233094215393	0.6351914405822754	0.9923111796379089	0.18168553709983826	0.44160744547843933	1.0636790990829468	0.5626843571662903	0.2902159094810486	0.514146625995636	0.45376843214035034	0.17438311874866486	0.6465665102005005	0.585978627204895	0.11715539544820786	0.2419191598892212	0.45986735820770264	0.43602240085601807	0.5179799199104309	0.3733445107936859	0.5386366248130798	0.6298450827598572	0.26393672823905945	0.36575278639793396	0.7290590405464172	0.8086452484130859	0.4050138294696808	0.40498819947242737	0.30988940596580505	0.19647642970085144	0.1911812275648117	1.0112593173980713	0.07464330643415451	0.3045251667499542	0.654450535774231	0.5271904468536377	0.16614283621311188	0.6326444149017334	0.659410834312439	0.5121079087257385	0.622924268245697	0.36624154448509216	0.6241677403450012	0.12337793409824371	0.5055587887763977	0.8054273128509521	0.6273826956748962	1.2373318672180176	0.715535581111908	0.7724570631980896	0.19500984251499176	0.373603492975235	0.32082682847976685	0.5294375419616699	0.2550047039985657	0.2911089360713959	0.3225477337837219	0.6058922410011292	0.7327711582183838	0.729091227054596	0.6535925269126892	0.9349421858787537	0.5077604055404663	0.5375469923019409	0.8465837836265564	0.8112908005714417	0.1705489605665207	0.48834529519081116	0.5496006011962891	0.4380834996700287	0.20215840637683868	1.425880789756775	0.3515447676181793	0.09074214845895767	1.4542932510375977	0.35380399227142334	0.9222009778022766	0.2868198752403259	0.46435534954071045	0.607494056224823	0.6281958222389221	0.5794553756713867	0.2595185339450836	0.3512105643749237	0.9352967739105225	0.7015721797943115	0.8988738059997559	0.46155595779418945	0.07317894697189331	0.5616368055343628	1.1825388669967651	0.47083747386932373	0.27214962244033813	0.25143441557884216	0.3691232204437256	0.5241523385047913	0.6335405707359314	0.8199069499969482	0.5430408716201782	0.585036039352417	0.8300344944000244	0.5290623903274536	0.5467327237129211	0.3192434012889862	0.10940378904342651	0.7607777714729309	0.3848489820957184	0.7959532141685486	0.03981491178274155	0.839785099029541	0.5113546252250671	0.9951469302177429	0.1809823215007782	0.4830109477043152	1.2234846353530884	1.013370156288147	0.3551177382469177	0.7605084180831909	0.4134535491466522	1.0642904043197632	1.0581454038619995	0.5393999814987183	0.8676775693893433	0.1573648303747177	0.7448832988739014	1.185990571975708	0.9358879327774048	0.5581193566322327	0.2974408268928528	0.03130242973566055	0.4481301009654999	1.098508596420288	0.984188973903656	0.2224707305431366	0.48773759603500366	0.0	0.14675341546535492	0.34536677598953247	0.5629948973655701	0.9275554418563843	0.2566901445388794	0.22051386535167694	0.1827414333820343	0.5799398422241211	0.21302606165409088	0.5905892848968506	0.7403166890144348	0.9385654926300049	0.6513508558273315	0.26035723090171814	0.39666610956192017	0.12585048377513885	0.20695115625858307	0.42132484912872314	0.46987849473953247	0.40161561965942383	0.3570919930934906	0.9296371936798096	0.4607444703578949	0.26164424419403076	0.2439952790737152	1.102270245552063	0.24361009895801544	0.353100448846817	0.7936450242996216	0.40170395374298096	0.5927999019622803	0.36228013038635254	0.6808006167411804	0.17927543818950653	0.7253761887550354	0.36435914039611816	0.6755949258804321	1.5502210855484009	0.8699498176574707	0.20922453701496124	0.22075903415679932	0.34295332431793213	1.2150298357009888	0.4124979078769684	0.7236962914466858	0.4835648834705353	0.8624947667121887	0.4576256573200226	0.2556287348270416	0.2626941204071045	0.5450180172920227	0.43430599570274353	0.15083830058574677	0.6624253392219543	0.4200196862220764	0.6710146069526672	0.2814657688140869	0.12731221318244934	2.244335651397705	0.5999155044555664	0.17555758357048035	0.1384713053703308	0.5140154361724854	0.6010143756866455	0.2837895154953003	0.9803109169006348	0.70322585105896	0.9040906429290771	1.1995797157287598	0.16032767295837402	0.11673077195882797	0.22914497554302216	1.0880266427993774	0.48019301891326904	0.624325156211853	0.3458878695964813	0.39478644728660583	0.332461416721344	0.9318905472755432	0.3018054664134979	0.008116750046610832	0.30131956934928894	0.39988699555397034	0.36138561367988586	0.2324851155281067	0.782812774181366	0.4888986647129059	0.5689935684204102	0.6051368713378906	0.33181607723236084	0.03573990985751152	0.29156336188316345	0.45083320140838623	0.46949657797813416	1.0552191734313965	0.8297163844108582	0.7400882840156555	0.22169896960258484	0.8091596364974976	0.4833170175552368	0.9350342154502869	0.5595029592514038	0.6208194494247437	0.30581241846084595	0.17862504720687866	0.3638295531272888	0.10561826825141907	0.6848289370536804	0.2492733597755432	0.38541385531425476	1.0729789733886719	0.7928076982498169	0.47561734914779663	0.2025139033794403	0.857140064239502	0.3429439067840576	0.6925473213195801	0.4252859652042389	0.21677042543888092	1.0199837684631348	0.746375322341919	0.36201682686805725	0.3683031499385834	0.20192882418632507	0.16194894909858704	1.2637075185775757	0.3253535032272339	0.6074398159980774	0.44163405895233154	0.46141982078552246	0.3685157597064972	0.4458872675895691	0.3447478413581848	0.9274687170982361	0.4633646607398987	0.6709569692611694	0.7639244794845581	0.4251164495944977	0.5669759511947632	0.4337027966976166	0.32649874687194824	0.41222670674324036	0.543128490447998	0.41662460565567017	0.31894969940185547	1.308764934539795	0.472939670085907	0.9312050342559814	0.8661714792251587	0.4245026409626007	0.6304314136505127	0.26836687326431274	0.5367665886878967	0.546437680721283	0.07867950201034546	0.36645346879959106	0.16212782263755798	0.765594482421875	0.1486300677061081	0.4217335879802704	0.3425210416316986	0.733648955821991	0.9935284852981567	0.43940287828445435	1.8411370515823364	0.9008252620697021	0.6539773344993591	0.29439494013786316	0.44619664549827576	0.7753713726997375	1.0700130462646484	0.5605621933937073	0.04135797172784805	0.6931107044219971	0.4004376530647278	0.9400897026062012	0.8454066514968872	0.5646684169769287	0.4150112271308899	0.09042906016111374	0.5714573264122009	0.7987596392631531	0.32876479625701904	0.17283739149570465	0.10486525297164917	0.24550585448741913	0.5306822061538696	0.43503791093826294	0.2901438772678375	0.8028267025947571	0.4957999587059021	0.8292799592018127	0.8150510191917419	0.08384938538074493	0.47966986894607544	0.603568434715271	0.3111145496368408	0.5694506168365479	0.284880131483078	0.5138128995895386	0.25333914160728455	0.48258811235427856	0.4833294153213501	0.7683872580528259	0.49956294894218445	0.28649383783340454	0.1715419888496399	0.7196921110153198	0.43080976605415344	0.5890210270881653	0.4612855315208435	0.5465036034584045	0.9918083548545837	0.9904192686080933	0.0760994404554367	0.21662235260009766	0.38387584686279297	1.3354456424713135	0.45749932527542114	0.5693511962890625	0.2319507896900177	0.10147570073604584	0.3472841680049896	0.6473997235298157	0.6251080632209778	0.7997526526451111	0.31604278087615967	0.8524037003517151	0.746884286403656	0.44687896966934204	0.08197508752346039	0.8288514018058777	0.06832868605852127	0.8851395845413208	0.22281117737293243	0.5277685523033142	0.7144888639450073	1.04425847530365	1.2955913543701172	0.22094643115997314	1.071303129196167	0.08940383046865463	0.36532923579216003	1.2052016258239746	0.04520270228385925	0.9648869037628174	0.1822853535413742	0.23325568437576294	0.6957241296768188	0.773039698600769	0.3358042240142822	0.21379557251930237	0.5884705185890198	0.6657371520996094	0.8035830855369568	0.9528418779373169	0.4716443419456482	0.10206374526023865	0.691766619682312	0.4173518419265747	0.3601847290992737	0.5734665989875793	0.20170386135578156	0.4652612805366516	0.8586752414703369	0.37152284383773804	0.5870171785354614	0.16700169444084167	0.9911234974861145	0.41840243339538574	0.9676962494850159	0.47466063499450684	0.10992615669965744	0.20122399926185608	0.03578294813632965	0.5198765993118286	0.3343234956264496	0.15818244218826294	0.34277841448783875	0.21347641944885254	1.034591794013977	0.6524679660797119	0.40838849544525146	1.0190519094467163	0.3264119029045105	0.29657232761383057	0.8107927441596985	0.4241099953651428	0.4326436221599579	0.9246589541435242	0.45137929916381836	0.7566305994987488	0.25890347361564636	0.5486237406730652	0.623075008392334	0.9726319313049316	0.6981093883514404	0.9365890622138977	0.20792639255523682	0.2616032660007477	0.9984002113342285	0.38521629571914673	0.5020586252212524	0.35482603311538696	0.8368289470672607	0.9805787205696106	0.212585911154747	1.0528228282928467	0.5666049718856812	0.32776114344596863	0.10123386979103088	0.5499433875083923	0.20201344788074493	0.04380222409963608	0.7237375974655151	0.3875308632850647	0.40176117420196533	0.7277769446372986	0.3074941635131836	0.6322813630104065	0.11613282561302185	0.2160603255033493	0.4349903464317322	0.5727526545524597	0.47447067499160767	0.36508381366729736	0.6641496419906616	0.32114553451538086	0.09113442152738571	0.38933056592941284	0.17220692336559296	0.8773763179779053	0.0	0.1565244346857071	0.5484753251075745	0.2869904637336731	0.6831473112106323	0.02915714494884014	0.6564662456512451	0.6351951956748962	0.8321937322616577	0.20694729685783386	0.26908910274505615	1.2543023824691772	0.06394267082214355	0.5127263069152832	0.1519699990749359	0.5562941431999207	0.21912746131420135	1.3081510066986084	0.05106063559651375	0.6880868673324585	0.6084204912185669	1.2112157344818115	0.11646255850791931	0.8455830216407776	0.25605058670043945	0.29924607276916504	0.2062128186225891	1.7429291009902954	0.27258002758026123	0.6798201203346252	0.8230780363082886	0.6809926629066467	0.6113744974136353	1.4592092037200928	1.3839002847671509	0.6859511733055115	0.8682757616043091	0.947178304195404	1.2146239280700684	0.09760425239801407	0.7736026644706726	0.5679341554641724	0.24898283183574677	0.8450767993927002	0.37250036001205444	1.0668089389801025	0.33679041266441345	0.7910385131835938	1.4429198503494263	0.7802548408508301	1.0633111000061035	0.9882763624191284	0.3133360743522644	0.2767350673675537	0.6057809591293335	0.375565767288208	0.7205363512039185	0.044203877449035645	0.6544209718704224	0.24327068030834198	0.3807904124259949	0.7655380964279175	0.038096752017736435	0.3098129630088806	0.32828477025032043	0.3599749505519867	0.09644638001918793	0.44275838136672974	0.15578290820121765	0.39481639862060547	0.24761836230754852	0.21499596536159515	0.1770794540643692	0.18770729005336761	0.6480147838592529	0.26428738236427307	0.6528830528259277	0.7333192825317383	0.23101070523262024	0.49689745903015137	0.713557243347168	0.6320017576217651	0.36322808265686035	0.5732227563858032	0.3927326798439026	0.7399890422821045	0.6411239504814148	0.20697468519210815	0.9854960441589355	0.9395209550857544	0.6410782933235168	1.0618163347244263	0.18104033172130585	0.4999111592769623	0.012102555483579636	1.442861557006836	0.9249972701072693	0.49771949648857117	1.2473409175872803	0.05699454993009567	0.5888790488243103	0.9443066716194153	0.20760886371135712	0.2906236946582794	0.7734841108322144	0.7643417716026306	0.24435651302337646	0.3764515817165375	1.0202465057373047	0.9172044396400452	1.0895988941192627	0.74906986951828	0.3887355923652649	0.3803972005844116	0.5035538077354431	0.49744337797164917	0.8498625755310059	1.079793930053711	0.40183591842651367	0.9117909073829651	1.0509614944458008	0.05031243711709976	0.6608719229698181	0.3966992199420929	0.2767854332923889	0.24038946628570557	0.3619166612625122	0.22387951612472534	0.6204835772514343	0.6294889450073242	0.28420063853263855	0.5024776458740234	0.48353826999664307	0.3487025201320648	0.39678332209587097	0.29718053340911865	0.42469164729118347	0.5325232744216919	0.3902164101600647	0.9506537914276123	0.1498374193906784	0.914306104183197	0.31050583720207214	0.5336878299713135	1.1043474674224854	0.38181620836257935	0.6243815422058105	0.9718917012214661	0.18411146104335785	0.441097617149353	0.5686730146408081	0.6112244129180908	0.33474427461624146	0.7117872834205627	0.7754619121551514	0.5179697275161743	0.4811701476573944	0.6106653213500977	0.91290283203125	0.5883480310440063	0.29560768604278564	0.033337291330099106	0.6678306460380554	0.35707756876945496	0.9732347726821899	0.18862614035606384	0.42772752046585083	1.2100961208343506	0.7298113107681274	1.1045904159545898	0.7310267686843872	0.3774680197238922	0.16744601726531982	0.4380253255367279	0.24748167395591736	0.8005864024162292	0.22506484389305115	0.13228534162044525	0.8249433636665344	0.7779597043991089	1.0516281127929688	0.1686214804649353	0.24952100217342377	0.23863233625888824	1.178990125656128	0.16587518155574799	0.45725512504577637	0.37496864795684814	0.6121612787246704	0.5317950248718262	0.6891392469406128	0.7675237655639648	0.9227652549743652	0.43977493047714233	0.2577897608280182	0.38766390085220337	0.09905317425727844	0.10680995881557465	0.2528512477874756	0.7263694405555725	0.36773979663848877	0.6667147874832153	0.5248129963874817	0.3626050651073456	0.08851349353790283	0.7957083582878113	0.6153020858764648	0.11866473406553268	0.6434804797172546	0.19652129709720612	0.9219385385513306	0.31604257225990295	1.167075276374817	0.3084881901741028	0.44357800483703613	0.18974092602729797	0.06275734305381775	0.10741762816905975	0.5957194566726685	0.7128076553344727	0.5050674080848694	0.5024693608283997	0.34234726428985596	0.6873964667320251	0.8246372938156128	0.4796973764896393	0.2741990387439728	0.35636022686958313	0.856955885887146	0.7624598741531372	0.2588613033294678	0.07096540182828903	0.4911212623119354	0.807546079158783	0.34746354818344116	0.7954959869384766	0.6439027786254883	0.18639449775218964	0.260906457901001	0.007789911236613989	1.1754237413406372	0.6735302805900574	0.32609984278678894	1.25554621219635	0.6764420866966248	0.5395665168762207	0.2729697823524475	0.07809325307607651	0.6787541508674622	0.04411858692765236	0.303892582654953	0.4103517234325409	0.8746182918548584	0.42057839035987854	0.8780897855758667	0.7147279977798462	0.8684869408607483	0.14416347444057465	0.3557868003845215	1.067355990409851	0.123786561191082	0.7648935914039612	0.0007776475395075977	0.612626314163208	0.07584412395954132	0.19579768180847168	0.6353263258934021	0.6545155048370361	0.1136765107512474	0.44825467467308044	0.3366679549217224	0.40569812059402466	0.07635004073381424	0.44395238161087036	0.1570560336112976	1.5043665170669556	0.811516523361206	0.09897469729185104	0.0681067556142807	0.5255076885223389	0.5732215642929077	0.5070877075195312	0.4498083293437958	0.3913384675979614	0.8529300093650818	0.7574639916419983	0.526167631149292	0.3715272545814514	0.8431553840637207	0.554722785949707	0.3736262619495392	0.07229183614253998	0.7220183610916138	0.5929176211357117	0.3746497631072998	0.34023424983024597	0.7348030209541321	0.10520808398723602	0.5046717524528503	0.6826943755149841	0.622923731803894	0.39372530579566956	0.5440581440925598	1.06271493434906	0.7102026343345642	0.6447305083274841	0.3605210483074188	0.8371402621269226	0.8908368945121765	0.8097813129425049	0.37224340438842773	0.9489876627922058	0.11654898524284363	0.009330498054623604	0.5574997067451477	0.2981957793235779	0.9430205821990967	0.9599224925041199	0.16950605809688568	0.25622808933258057	0.645667552947998	1.0837414264678955	0.6864776611328125	0.8083639144897461	1.0896302461624146	0.07717692106962204	0.7162360548973083	0.25944530963897705	0.43105432391166687	1.069512128829956	1.2674115896224976	0.3266983926296234	0.2409045696258545	0.5300266146659851	0.4409736692905426	0.6383528709411621	0.9193294644355774	1.2716041803359985	0.4362746477127075	1.0878229141235352	0.0902019664645195	0.7925257682800293	0.13588541746139526	1.0141745805740356	1.5203042030334473	0.9373711347579956	0.24826879799365997	0.48258957266807556	1.078515887260437	1.9897021055221558	0.25084128975868225	0.6428632736206055	0.5751982927322388	0.4377361238002777	1.078041911125183	0.9447206854820251	0.40634119510650635	0.7654922008514404	0.6797825694084167	0.4459912180900574	1.2165724039077759	0.20357972383499146	0.49977728724479675	0.4027940034866333	0.9308685660362244	0.4651159644126892	0.0182788148522377	0.17607250809669495	0.9652687907218933	0.3197641372680664	1.355420470237732	0.14697271585464478	0.9901272058486938	0.3453334867954254	1.1284143924713135	0.22630777955055237	0.5464389324188232	0.47885584831237793	0.4933573603630066	1.0980935096740723	0.3115778863430023	0.6726362109184265	0.695315420627594	0.2351202368736267	0.38454368710517883	0.0	0.0485658124089241	0.08836939185857773	1.2396701574325562	0.8090031743049622	0.09650586545467377	0.5631864070892334	0.0010057993931695819	0.1950986087322235	0.04675402119755745	0.30282384157180786	0.7360032796859741	0.3313601016998291	0.10709065198898315	0.36168336868286133	0.819707453250885	0.5098358988761902	0.7419564127922058	0.26182371377944946	0.19828379154205322	0.9158351421356201	0.4746563732624054	0.6562526822090149	0.884735107421875	0.6970484852790833	0.5990538597106934	0.38702768087387085	1.05547034740448	0.718388020992279	0.5535953640937805	0.45798879861831665	0.5305227637290955	1.1954777240753174	0.016982808709144592	0.8279072046279907	0.31581762433052063	0.012429149821400642	0.3274567425251007	0.4038294851779938	0.547340989112854	0.4222908020019531	0.7907108664512634	0.6622430086135864	0.38657522201538086	0.29587322473526	0.8001812696456909	0.8121958374977112	0.9264336824417114	0.6746014952659607	0.2376403659582138	1.0008325576782227	0.47701793909072876	0.24013568460941315	0.963603675365448	1.0698519945144653	0.32601603865623474	0.26442697644233704	0.8855078816413879	0.44068342447280884	0.4793560802936554	0.7580198645591736	0.7237822413444519	0.5613545179367065	0.6012642979621887	0.4049043357372284	0.35655736923217773	0.1564294397830963	0.7205027341842651	0.274991512298584	0.7329260110855103	0.49194446206092834	0.6552058458328247	0.7188685536384583	0.4544568359851837	0.008689401671290398	0.3791608512401581	1.0571961402893066	0.4051503837108612	0.7687240839004517	0.2484906017780304	0.5949256420135498	0.0	0.30168086290359497	0.15752528607845306	0.21554912626743317	0.19485241174697876	0.7137324810028076	0.03489656001329422	0.8128606677055359	0.862423300743103	0.5612584352493286	0.2966010570526123	0.0200800821185112	0.47545647621154785	0.3750358521938324	0.6821081042289734	0.6349980235099792	0.6192249655723572	0.7006479501724243	0.26392635703086853	0.37523671984672546	0.2710369825363159	0.48749423027038574	0.8043857216835022	1.1438769102096558	1.169471025466919	0.9772825837135315	0.3363179564476013	1.3367602825164795	0.2827061712741852	0.14768530428409576	0.23517879843711853	0.22077076137065887	0.9401508569717407	0.3322344124317169	0.35091328620910645	1.3314714431762695	0.16977481544017792	0.41210561990737915	0.3504684269428253	0.40897977352142334	1.094111680984497	0.47626182436943054	0.10049521923065186	0.47907277941703796	0.2868741452693939	0.6864339113235474	0.2146673947572708	0.841643750667572	0.5053069591522217	0.1487867534160614	0.9225011467933655	0.8352472186088562	0.646228551864624	0.092058464884758	0.5793479084968567	0.7814140319824219	0.5517210960388184	1.3525925874710083	0.6902361512184143	0.48231032490730286	0.23699191212654114	0.3537288308143616	0.6917446255683899	0.16544081270694733	1.2940999269485474	0.20338955521583557	0.019507212564349174	0.35382720828056335	0.2988786995410919	0.5059593319892883	0.13115352392196655	0.26083293557167053	0.6806920170783997	1.0001710653305054	0.4581597149372101	1.2918152809143066	0.3949269652366638	0.5491944551467896	0.7014830112457275	1.0607635974884033	0.9161617159843445	1.4169540405273438	0.04021124541759491	0.08134402334690094	0.004738391377031803	0.12697599828243256	0.6495846509933472	1.0668601989746094	0.6674624681472778	0.26031601428985596	0.5627519488334656	0.35240375995635986	1.1892080307006836	0.30431032180786133	0.5091795921325684	0.397257536649704	0.2050059288740158	0.5463463068008423	0.7396898865699768	0.3268062174320221	0.8496016263961792	0.5955495238304138	0.7517626285552979	0.7805472016334534	0.17917369306087494	0.14166611433029175	0.20686373114585876	0.7180704474449158	0.19073358178138733	0.5264337062835693	0.26733192801475525	0.518769383430481	0.8888051509857178	0.1848997175693512	0.6313509941101074	0.6984478235244751	0.30586594343185425	0.7222461700439453	0.20838633179664612	0.7527300119400024	0.1879121959209442	0.225547194480896	1.5342373847961426	0.6709563136100769	0.40145164728164673	0.668462336063385	1.4178720712661743	0.26962924003601074	0.32201769948005676	0.6614619493484497	1.465277075767517	0.01421053521335125	0.2937517464160919	0.40798917412757874	0.2645435631275177	0.11970418691635132	0.4570924639701843	0.7388221025466919	0.4160548746585846	0.41565385460853577	0.05707525089383125	0.34366440773010254	0.32978418469429016	0.4826310873031616	1.2290420532226562	1.0348984003067017	0.2885742485523224	0.3778710663318634	0.43928802013397217	0.23465944826602936	0.2654859721660614	0.20841167867183685	1.62957763671875	0.43773865699768066	0.16173480451107025	0.46021008491516113	1.1849696636199951	0.2539578676223755	1.3321654796600342	0.1124490424990654	0.0	0.7774150371551514	0.003603598102927208	1.3293474912643433	1.0962462425231934	0.4188152551651001	0.6069634556770325	0.8465579152107239	0.22867366671562195	0.6812365651130676	0.19277983903884888	0.4350983202457428	0.8882253170013428	0.3501836955547333	0.19527819752693176	0.4246739149093628	0.5210729837417603	0.8616827726364136	0.10062065720558167	1.3150105476379395	0.48330172896385193	0.7827662229537964	0.811504602432251	0.6743277311325073	0.6326043605804443	0.5891294479370117	0.0	0.4571158289909363	0.1578931361436844	0.11307834833860397	1.0506500005722046	0.40238985419273376	0.4141947031021118	0.5873690843582153	0.22839857637882233	1.029283046722412	0.38590118288993835	0.23001477122306824	0.6089988350868225	0.35025492310523987	0.281895250082016	0.7521979212760925	0.12823984026908875	0.1771622896194458	0.8952659368515015	0.4652402997016907	0.4782325029373169	0.13892117142677307	0.6626763939857483	0.0978749617934227	0.2584628760814667	0.14877918362617493	0.5916931629180908	0.990223228931427	0.02185247465968132	0.9159491658210754	0.8299546837806702	0.6557128429412842	0.6450791954994202	0.4230378270149231	0.8391667008399963	0.010947862640023232	0.47467368841171265	0.26957571506500244	0.36714938282966614	1.0777772665023804	0.6366623044013977	0.7083804607391357	0.30613768100738525	0.2710162401199341	0.12838147580623627	0.6634697914123535	0.4119313955307007	0.9484596848487854	0.49807512760162354	0.2830966114997864	0.3484400808811188	0.5468712449073792	0.6792575120925903	1.2228493690490723	0.4660133421421051	0.011038001626729965	0.3425913453102112	0.3424532115459442	0.49644482135772705	0.8246826529502869	0.73065584897995	0.421664297580719	0.2184053361415863	0.19206054508686066	1.1607935428619385	0.6126173734664917	0.18898530304431915	1.131615400314331	0.024259597063064575	0.5148992538452148	0.48933812975883484	0.6536102890968323	0.2525601089000702	0.28638821840286255	0.6226335763931274	1.1501108407974243	0.1537674367427826	0.9848889112472534	0.4461594820022583	0.8658748865127563	1.326794147491455	0.307497501373291	0.8278647661209106	0.8475242853164673	1.1494594812393188	0.5442054271697998	0.6142046451568604	0.5713315010070801	0.8811639547348022	0.45609837770462036	0.6186360120773315	0.7205833196640015	0.28679725527763367	0.020465198904275894	0.5825756788253784	0.23791059851646423	1.2570490837097168	0.9875463247299194	0.8650603294372559	0.6817718744277954	0.8981379866600037	0.3173860013484955	0.4319460690021515	0.1880842000246048	0.20961952209472656	0.3203567862510681	0.6227802038192749	1.504270076751709	2.206531286239624	0.10450253635644913	0.23491744697093964	0.02524375356733799	1.367180585861206	0.6705421209335327	0.588698148727417	0.3731815814971924	0.957716703414917	0.8487656116485596	1.5416946411132812	0.12541836500167847	0.030729250982403755	1.5287914276123047	0.797784686088562	0.9634811878204346	0.30540895462036133	0.28359541296958923	0.8073911070823669	0.843803346157074	0.37861359119415283	0.7639275789260864	0.7679892182350159	0.7964473366737366	0.5749471783638	0.5861846804618835	0.4624052047729492	1.4238746166229248	1.309812068939209	1.1649118661880493	0.2321206033229828	0.667990505695343	0.7909253239631653	1.4401476383209229	0.4628378748893738	1.0828220844268799	0.16188935935497284	0.21140503883361816	0.13934169709682465	0.8647674322128296	0.43745577335357666	0.6113246083259583	0.9024836421012878	0.3245142102241516	0.659669816493988	0.40143001079559326	0.6196273565292358	0.4441530108451843	0.2637897729873657	0.9838894605636597	0.9493610262870789	0.5068477392196655	0.4324054718017578	0.24905699491500854	0.4474034905433655	0.7932103276252747	0.2964204251766205	0.6852878928184509	0.34726715087890625	0.37887823581695557	0.26719194650650024	0.5176296234130859	0.20297189056873322	0.5333123803138733	0.7361090183258057	0.8691838383674622	0.670982301235199	0.4006897807121277	0.13155518472194672	0.38880789279937744	0.5523297786712646	0.5983489751815796	0.48308172821998596	0.3255363404750824	0.6848383545875549	1.0063233375549316	0.7798075079917908	0.7118328213691711	0.20397384464740753	0.7284101247787476	0.15008078515529633	0.018843315541744232	0.27662208676338196	0.8096815347671509	0.29910385608673096	0.3344930112361908	0.8086996078491211	0.7525161504745483	0.5167344808578491	0.7839192748069763	1.1376768350601196	0.5714764595031738	0.2846563756465912	1.3106942176818848	0.9409853219985962	0.6527537703514099	0.6875386238098145	0.5369406342506409	0.6244754791259766	0.5647097229957581	0.9983728528022766	1.225583553314209	0.5654824376106262	0.2686081528663635	0.25336596369743347	0.18546898663043976	0.3050185441970825	0.43238890171051025	0.8304582238197327	0.6858263611793518	0.40522056818008423	0.7421837449073792	0.6349711418151855	0.7023323178291321	0.246112659573555	1.2237879037857056	0.7563284039497375	0.25124120712280273	0.04519493505358696	0.47459888458251953	0.5189595818519592	0.6086807250976562	0.26397818326950073	0.49713632464408875	0.38143864274024963	0.7173805236816406	0.3987389802932739	0.10608230531215668	0.8922411203384399	0.059795089066028595	0.7445681691169739	0.14848993718624115	0.5426232814788818	0.026310956105589867	0.858791708946228	1.0071998834609985	0.4655342102050781	0.1479426920413971	0.22579370439052582	0.4003857374191284	0.11302012205123901	0.30854377150535583	0.057106539607048035	0.6647841334342957	0.9708119034767151	0.10849927365779877	0.9030840992927551	0.2237093448638916	0.1878032088279724	0.9145852327346802	0.36610397696495056	0.5095999836921692	0.30315595865249634	0.4178294241428375	0.0	0.7308736443519592	1.0747625827789307	0.811339259147644	0.8040550947189331	0.13506576418876648	0.3927212357521057	0.4019158184528351	1.0822412967681885	0.855516254901886	0.5033926367759705	0.5997664928436279	0.5611207485198975	1.3261077404022217	0.19277149438858032	0.571749210357666	0.36388665437698364	0.9773626923561096	0.10737884044647217	0.4512667953968048	0.39758414030075073	0.24781955778598785	0.6001308560371399	0.4455663859844208	0.9815120697021484	0.7155323028564453	0.11086238920688629	0.08061090111732483	0.13152343034744263	0.5091477036476135	0.9243370294570923	0.4457946717739105	0.9475290179252625	1.5774236917495728	0.41117793321609497	0.5719876289367676	0.07045681774616241	0.0890384390950203	0.31946203112602234	0.2661970257759094	0.7593396902084351	0.36474213004112244	0.452406644821167	0.529057502746582	0.4945341944694519	0.9248213768005371	0.45570188760757446	1.1131583452224731	0.05840867757797241	0.6103441119194031	0.38830962777137756	0.6973477602005005	0.400942325592041	0.5823705792427063	0.30373650789260864	0.47380417585372925	0.9984945058822632	0.9688040018081665	0.82979816198349	0.796779990196228	0.8252716064453125	0.28594306111335754	0.47615039348602295	0.22565528750419617
0.9041749835014343	1.033884882926941	0.5734833478927612	0.02343657985329628	0.8664262294769287	0.2615031599998474	0.5746603012084961	0.6296159029006958	0.12025119364261627	0.13133575022220612	1.0739421844482422	0.8631867170333862	0.5240529179573059	0.3419586420059204	0.2032572627067566	0.727953314781189	0.0338895358145237	0.4196015000343323	0.7287977933883667	0.2599836587905884	0.45954862236976624	0.5273007750511169	0.9602397084236145	0.42793408036231995	0.32572129368782043	0.65828937292099	0.961089015007019	0.6656476855278015	0.36229953169822693	0.5016109943389893	0.7041005492210388	0.5021771192550659	0.7962563037872314	0.08615842461585999	0.48055464029312134	0.3912592828273773	0.35316118597984314	0.5703929662704468	0.7933000922203064	0.37690269947052	0.3945792019367218	1.5584561824798584	0.7795178294181824	0.42791613936424255	0.17368508875370026	0.536266565322876	0.5322472453117371	0.5051506161689758	0.26464372873306274	0.6402677297592163	1.0709367990493774	0.4549676179885864	0.5454702973365784	0.44540005922317505	0.7656713724136353	0.6013014316558838	0.905126690864563	1.4062097072601318	0.40676504373550415	0.9342311024665833	0.29720473289489746	0.8508593440055847	0.28778308629989624	0.730607807636261	0.8160971403121948	0.5131712555885315	0.631043553352356	0.22162750363349915	0.25115394592285156	0.5951617360115051	0.2278607040643692	0.18328502774238586	1.5237513780593872	1.5021969079971313	0.33348971605300903	0.5056207180023193	0.3385681211948395	0.4912511706352234	0.459166556596756	0.6718654036521912	0.5560082793235779	0.9462828636169434	0.3557799458503723	0.19462950527668	0.9495983719825745	0.3744433522224426	0.6133348941802979	0.37850022315979004	0.39543360471725464	0.35542356967926025	0.4793258309364319	0.41124820709228516	0.31883299350738525	0.5456576347351074	0.593944251537323	0.7448765635490417	0.7583327889442444	0.42649373412132263	0.3182859420776367	0.6857764720916748	0.46344566345214844	0.7747215628623962	0.9263091087341309	0.22209575772285461	0.35251039266586304	0.8927032351493835	1.0482957363128662	0.11952055245637894	1.2073942422866821	0.4201902151107788	0.42972612380981445	0.7546085119247437	0.6470978260040283	0.46040597558021545	0.18159280717372894	0.4684627056121826	0.38130611181259155	0.9725383520126343	0.5166993141174316	1.0772664546966553	0.6351334452629089	0.268777072429657	1.2031784057617188	1.1021678447723389	0.8843597173690796	0.37514403462409973	0.38459718227386475	0.7460765838623047	0.5412956476211548	0.9294657707214355	0.49754729866981506	0.7689399719238281	0.3831050992012024	0.24939319491386414	0.6503142714500427	0.49721550941467285	0.4550320506095886	0.2702522277832031	0.3983311355113983	0.3891163468360901	0.6580249071121216	0.09690441191196442	0.12876062095165253	0.3204309344291687	0.6724252700805664	1.4767059087753296	1.1478058099746704	0.624325156211853	0.6280376315116882	1.0248280763626099	0.5931175351142883	0.2700622081756592	0.09593435376882553	1.1750969886779785	0.3199848234653473	0.42375612258911133	0.329662948846817	0.5657284259796143	0.22528770565986633	0.33505499362945557	1.1657646894454956	0.41141483187675476	0.4990813434123993	0.25378885865211487	0.35694149136543274	0.5295417308807373	0.4072820246219635	0.23748324811458588	1.7672820091247559	0.918578028678894	0.6398277282714844	0.597427487373352	0.49265003204345703	0.8773418664932251	0.45222505927085876	0.2735244631767273	0.6023028492927551	1.1241734027862549	0.23997396230697632	0.1520649790763855	0.7032880187034607	0.6901863217353821	0.201378732919693	0.4048624634742737	0.24043016135692596	0.18605707585811615	0.3687416911125183	0.32600900530815125	1.4104384183883667	0.839945912361145	0.33236265182495117	0.2898353338241577	0.2596297264099121	0.5254589915275574	0.41137728095054626	1.222596526145935	0.33887672424316406	0.1861618459224701	0.8651337623596191	0.5630365014076233	0.7927989959716797	0.47503334283828735	0.6238697171211243	0.3533181846141815	0.47023582458496094	1.0407944917678833	0.6067027449607849	0.4697445333003998	0.15077148377895355	0.6004297137260437	0.3319365680217743	0.44657057523727417	0.36805540323257446	0.44955208897590637	0.7015174031257629	0.8619139790534973	0.9114964604377747	0.060346417129039764	0.5593153238296509	0.1274055689573288	0.563413679599762	0.7108334898948669	0.6361210346221924	0.7908763289451599	0.4939761757850647	0.15772537887096405	0.7176780700683594	0.7007968425750732	0.22225695848464966	1.196277379989624	0.7514467239379883	0.3756714165210724	0.21151317656040192	0.5738205313682556	0.39293229579925537	0.5514863133430481	0.2940438985824585	0.6850335597991943	0.811439037322998	0.25089600682258606	0.5702767372131348	0.2758083939552307	0.5894128084182739	0.5880332589149475	0.6668381690979004	0.22440454363822937	0.8429465293884277	0.9721701145172119	0.2505066990852356	0.414996474981308	0.7642197608947754	0.5778260827064514	0.4725567698478699	0.37800925970077515	0.5568096041679382	0.6980278491973877	0.2887813150882721	0.8218340873718262	1.0016449689865112	0.409796804189682	0.910585880279541	0.9929488301277161	0.28622788190841675	0.6121609210968018	0.949194610118866	0.21412351727485657	0.5412518978118896	0.4119701385498047	0.45924973487854004	0.5120877027511597	0.7753584980964661	1.0710113048553467	0.9351643919944763	0.6046388149261475	0.05613522231578827	0.5923112034797668	0.16986709833145142	0.48375949263572693	0.39411965012550354	0.7202929258346558	0.7083189487457275	0.2139512002468109	0.8792299628257751	0.3045022189617157	0.5019956231117249	0.8533661961555481	0.49851569533348083	0.37924230098724365	1.252706527709961	0.38754040002822876	0.8259513974189758	0.36284807324409485	0.5516074895858765	0.2097179889678955	0.649019718170166	1.557593584060669	1.19341242313385	0.29860150814056396	0.5226936936378479	0.5269374251365662	0.17673440277576447	0.8805000185966492	0.8512136340141296	0.4683885872364044	0.47498050332069397	0.21654832363128662	0.33988475799560547	1.0260746479034424	0.4271629750728607	0.24345344305038452	0.3283335864543915	0.8114091157913208	0.6394304633140564	0.1465320885181427	0.24799364805221558	2.003802537918091	0.4084050953388214	0.26453959941864014	0.579232394695282	1.2206724882125854	0.9277974367141724	0.848101019859314	0.6464724540710449	0.4232327938079834	0.482391893863678	0.3026934564113617	0.4431464970111847	0.7122823596000671	0.9519513845443726	0.9810175895690918	0.5139886736869812	0.3644627332687378	0.32558751106262207	0.47295746207237244	0.4717821478843689	0.24388200044631958	0.8375283479690552	0.7742143273353577	0.26074308156967163	0.6250820159912109	0.21035289764404297	0.47163867950439453	0.18908677995204926	0.15563030540943146	0.35198670625686646	0.4179666340351105	0.2894553542137146	0.1803198605775833	0.69589763879776	0.4028722047805786	0.2162850946187973	0.20675350725650787	0.2750932276248932	0.5494939684867859	1.2339273691177368	0.28931114077568054	0.7839351892471313	0.27032485604286194	0.26787057518959045	0.8994445204734802	1.2070903778076172	0.34628909826278687	0.8883708119392395	0.3924602270126343	1.2268006801605225	1.2579233646392822	1.0496526956558228	0.8945071697235107	0.7776398658752441	0.3661457598209381	0.4627653658390045	0.5989205837249756	0.5190141797065735	0.43300163745880127	0.26756972074508667	0.5715757608413696	2.0592782497406006	0.4472600221633911	0.9154344797134399	0.04517066851258278	0.4701288938522339	0.8510445952415466	1.154788613319397	0.4940434396266937	0.46454906463623047	0.560794472694397	0.567874550819397	0.33403047919273376	0.2840670049190521	0.4054384231567383	0.48622095584869385	1.3170775175094604	0.43291178345680237	1.2585835456848145	0.2692781686782837	0.522683322429657	0.4790329337120056	0.49045053124427795	1.4123108386993408	0.777971088886261	0.26136577129364014	0.7956230044364929	0.5245300531387329	0.523220419883728	0.27861419320106506	0.3832150101661682	0.38339680433273315	0.681721568107605	0.4156742990016937	0.16627943515777588	0.9131734371185303	0.4150647521018982	0.3719169795513153	0.38488563895225525	0.5242571830749512	0.21377834677696228	0.8320979475975037	0.30060333013534546	0.6791955828666687	0.5201359391212463	0.244196817278862	0.7097794413566589	0.4954572319984436	0.5005732774734497	0.22122621536254883	0.503998339176178	0.2768101096153259	0.8503279685974121	0.8801011443138123	1.019628882408142	0.09964855015277863	1.2236201763153076	0.4465830326080322	0.34263914823532104	0.3133467435836792	0.3094470500946045	0.44546011090278625	0.23910103738307953	0.1467597633600235	0.4004482328891754	0.7255464196205139	0.6562012434005737	0.15645404160022736	0.2832939624786377	0.3755328953266144	0.42718034982681274	1.0411722660064697	0.9937431812286377	0.6856046319007874	0.6418730020523071	0.20521461963653564	0.32204321026802063	1.6750688552856445	0.9217460751533508	0.7982937097549438	0.19454734027385712	0.4995591938495636	0.22943750023841858	0.5782669186592102	0.2501433491706848	1.1893680095672607	0.5025023221969604	0.19583873450756073	1.2378475666046143	0.9145434498786926	1.0687370300292969	0.4605053663253784	0.24785740673542023	0.6858084201812744	1.5951124429702759	0.4974812865257263	0.5078803300857544	0.4657890796661377	0.3560561537742615	0.7098486423492432	1.1167017221450806	0.6020467877388	0.5551856160163879	0.4493896961212158	0.5173308253288269	0.6164094805717468	0.4230348467826843	0.5016036629676819	1.1957521438598633	1.7496633529663086	0.39947623014450073	0.9317200183868408	0.3267393112182617	0.6571705341339111	0.31137537956237793	0.7566656470298767	0.35643476247787476	0.4101901650428772	0.3726159334182739	0.4714631736278534	0.9252454042434692	0.3689734637737274	0.49481505155563354	0.3609910011291504	0.893075168132782	0.6068964600563049	0.4928625822067261	0.8052312135696411	0.24519258737564087	0.595585823059082	0.5576728582382202	0.012769161723554134	0.3983132541179657	0.7802044749259949	0.17986637353897095	0.2874293923377991	0.4011821448802948	0.4823802411556244	1.1506460905075073	0.23108099400997162	0.11691810190677643	0.4356687366962433	0.6053900718688965	0.6933588981628418	0.23405349254608154	0.5975313782691956	1.117719054222107	0.44940051436424255	0.735743522644043	0.3349403440952301	0.5851497650146484	0.3586684763431549	0.5923527479171753	1.1014821529388428	0.931330144405365	0.09242323786020279	0.29562997817993164	0.7035905718803406	0.28385114669799805	0.6126593351364136	0.2942672073841095	0.36285600066185	0.307964950799942	0.5345816016197205	0.5316380262374878	0.5124226808547974	0.31778019666671753	0.25144708156585693	0.5660298466682434	0.4342740476131439	0.8467185497283936	0.8427313566207886	0.25514769554138184	0.7668409943580627	0.674385666847229	0.02284340374171734	0.4097342789173126	0.2763993740081787	0.4139201045036316	0.27815601229667664	0.6479701995849609	0.6034324169158936	0.3975071609020233	0.7605476379394531	0.5374947786331177	0.6223645210266113	0.4681233763694763	0.38626962900161743	0.15379557013511658	1.4005287885665894	0.4960712492465973	0.8017940521240234	0.24388258159160614	0.7687361240386963	0.5524640083312988	1.1916046142578125	1.0631557703018188	0.08054416626691818	1.352697491645813	0.6015775203704834	0.5371471643447876	0.4120868742465973	0.21029746532440186	0.2669418454170227	0.280824214220047	0.5714883804321289	0.47622716426849365	0.22380578517913818	0.5926157236099243	0.3445936143398285	0.3838293254375458	0.3392263650894165	0.1671118140220642	0.2755277752876282	1.073530912399292	0.5928101539611816	0.6059632301330566	0.5103126168251038	1.1999284029006958	0.44710037112236023	0.9325178861618042	0.9872019290924072	0.6483910083770752	0.694774866104126	0.34540772438049316	0.4191362261772156	1.3190667629241943	0.24648074805736542	0.6695480942726135	1.1378957033157349	0.38382774591445923	0.7877529859542847	0.4399946331977844	0.06683126837015152	1.5596686601638794	0.2071273922920227	0.4828532338142395	1.0648722648620605	0.49951618909835815	0.3290218114852905	0.10926636308431625	0.39197179675102234	0.6164553165435791	0.14084912836551666	0.7036097645759583	0.6259888410568237	0.5207638740539551	1.0710781812667847	0.892476499080658	0.3613073229789734	0.5049102902412415	0.35795295238494873	0.3240765929222107	1.3079195022583008	0.4784314036369324	0.7563037872314453	0.1468675285577774	0.2547771632671356	0.5073280930519104	0.8882673382759094	0.3647992014884949	0.6948438882827759	0.5239328742027283	0.21971765160560608	0.5802947878837585	0.8214539289474487	0.2792881727218628	0.16300244629383087	0.49623730778694153	0.7477362155914307	0.7280323505401611	0.30982112884521484	0.7515066862106323	0.3438031077384949	0.20273903012275696	1.063510537147522	0.48541033267974854	0.513771116733551	0.5829317569732666	0.5072657465934753	0.4636121392250061	0.3767983317375183	0.8186762928962708	1.2217844724655151	0.22576582431793213	0.2749782204627991	0.6233066320419312	0.28369686007499695	0.4732392430305481	0.5707505345344543	0.5895469784736633	0.679621160030365	0.7287794947624207	0.648078441619873	0.2754819989204407	0.17129351198673248	0.3836921751499176	0.19083711504936218	0.5964584350585938	0.3845781981945038	1.0806242227554321	0.019878143444657326	0.8051449060440063	0.17845357954502106	0.373106986284256	0.40339910984039307	0.5508273839950562	0.5466786026954651	0.5195091962814331	0.8916580677032471	0.811223566532135	0.13787958025932312	0.5850339531898499	0.6322200894355774	0.25624874234199524	1.421378493309021	0.3990271985530853	1.3286089897155762	0.48258358240127563	0.34717828035354614	1.1368855237960815	0.47239792346954346	0.5393028855323792	0.6291283369064331	0.6474419236183167	0.6508975028991699	0.41870686411857605	0.1724834144115448	0.36776986718177795	0.36370018124580383	0.3342750668525696	0.4521869719028473	0.5377187132835388	0.07364830374717712	0.5325717926025391	0.3763222396373749	0.4232141673564911	0.5725601315498352	0.3307296931743622	0.47402089834213257	0.7065332531929016	0.8276252150535583	0.3252566456794739	0.339356005191803	0.8169176578521729	0.5901983976364136	0.5872011780738831	0.5003571510314941	0.5079348683357239	0.32460418343544006	0.5839626789093018	0.16615059971809387	0.19844551384449005	0.1529964804649353	0.4882655739784241	0.3415725827217102	0.5993996262550354	0.1771470159292221	0.7496520280838013	0.4971092939376831	0.07252033799886703	0.41913843154907227	0.5306409597396851	0.5142297744750977	0.26620444655418396	0.35882607102394104	0.6221673488616943	0.9559927582740784	0.7267709970474243	0.3576478064060211	0.7611566781997681	0.8091147541999817	0.8115872740745544	0.4305182993412018	0.4329526424407959	0.40127381682395935	0.5450930595397949	0.27324527502059937	0.1409176141023636	0.2882777154445648	0.7024613618850708	0.47504550218582153	0.1436438262462616	0.16745540499687195	1.4758704900741577	1.741281509399414	0.2920541763305664	0.16150617599487305	0.6222785711288452	0.5696520209312439	0.3309789299964905	0.08402130752801895	0.48918330669403076	0.47159725427627563	0.3839128315448761	0.4325297176837921	1.5279721021652222	0.6196556687355042	0.6397939920425415	0.30356839299201965	0.30955570936203003	0.5639801025390625	0.3646240830421448	0.2029147446155548	0.294811874628067	0.9804225564002991	0.19193321466445923	0.8101860284805298	0.334658145904541	0.21532633900642395	0.23491042852401733	0.36045077443122864	0.33370691537857056	0.23907998204231262	0.6359905004501343	0.7684123516082764	0.7656803727149963	0.84847092628479	1.0172592401504517	0.5521434545516968	0.7295927405357361	0.2970460057258606	0.9043617248535156	0.3346576690673828	0.4063810706138611	0.5145435333251953	0.2532268464565277	1.460545539855957	0.17156606912612915	0.21312303841114044	0.8501133918762207	0.8325726985931396	0.7645065188407898	0.5017467737197876	0.6597170829772949	0.2756756544113159	0.46445125341415405	0.49588993191719055	0.7646929025650024	0.13036803901195526	0.5598834753036499	1.0791548490524292	0.5090540051460266	0.5237683057785034	0.639538586139679	0.3543057441711426	0.4899182617664337	0.45719778537750244	0.9038423895835876	1.1824737787246704	0.8492022156715393	1.725814700126648	0.35452213883399963	0.16255424916744232	0.5095817446708679	0.3186461627483368	0.1273108422756195	0.8237441778182983	0.26625460386276245	0.7530595064163208	0.5368763208389282	0.2841535806655884	0.30395227670669556	0.21830295026302338	0.38010653853416443	0.553642988204956	0.495636910200119	0.24515506625175476	0.293256551027298	0.8129506707191467	0.492734432220459	0.36527350544929504	0.423026978969574	0.8749723434448242	0.42087382078170776	0.42055296897888184	0.7422088384628296	0.7841396927833557	0.2410658746957779	0.9229297637939453	0.5184525847434998	0.30440303683280945	0.4354810118675232	1.1692228317260742	0.46073266863822937	1.0462623834609985	0.1826155036687851	0.35826894640922546	0.11811281740665436	0.5447017550468445	0.3011834919452667	0.22095201909542084	0.2357359528541565	0.2824295163154602	1.241158366203308	1.0983521938323975	0.8270716667175293	0.5314924120903015	0.824466347694397	0.18219448626041412	0.5341247320175171	0.3412822186946869	0.3287961483001709	0.9120345711708069	0.31088411808013916	0.7732476592063904	0.2979695796966553	1.094797134399414	0.6437212228775024	0.14865726232528687	0.40472716093063354	0.5505380630493164	0.2759043574333191	1.1727631092071533	0.7775264382362366	0.9320076704025269	0.6031009554862976	0.7133433222770691	0.4932280480861664	0.5541289448738098	0.61455899477005	0.14110466837882996	0.2850548028945923	1.2259060144424438	0.4608612060546875	0.8874145746231079	0.21374711394309998	0.41148141026496887	0.4942566156387329	0.3642023205757141	0.45878833532333374	0.5608741641044617	0.4398360848426819	0.5629729628562927	0.5250046253204346	0.4647446870803833	0.49518710374832153	0.20543989539146423	0.09655159711837769	0.2012411653995514	0.33876579999923706	0.5540340542793274	0.10535917431116104	0.3042367100715637	0.8181827664375305	0.3313036262989044	0.5964517593383789	1.2620482444763184	0.399088591337204	0.039345622062683105	0.23870262503623962	0.26212063431739807	0.3369680941104889	0.48592081665992737	0.4274273216724396	0.9325652122497559	0.5442870259284973	0.5072327852249146	0.3985746204853058	0.40641289949417114	0.4032452702522278	0.31940680742263794	0.2722761034965515	0.08777697384357452	0.7332577705383301	0.2121158093214035	0.718318521976471	0.5831613540649414	0.16243402659893036	0.11636043339967728	0.08315736055374146	0.9407743215560913	0.4829167127609253	0.233216792345047	0.5186418294906616	1.4074389934539795	0.6615656018257141	0.9094485640525818	0.6749109029769897	0.2164991945028305	0.6561819314956665	0.6325763463973999	0.24923063814640045	0.6049132347106934	0.6548343300819397	0.1364528387784958	0.2304593026638031	0.5432919263839722	0.5741630792617798	0.4059753715991974	0.45161306858062744	0.3270889222621918	0.3420044481754303	1.8198878765106201	0.21016693115234375	0.22264191508293152	0.2921806871891022	0.30546316504478455	0.48619163036346436	0.5792257189750671	0.569010317325592	0.8402295112609863	0.6637716293334961	0.2181345522403717	0.2795140743255615	0.6712662577629089	0.5199329257011414	0.4465492367744446	0.3548658788204193	0.5762896537780762	0.3385111391544342	0.6052151918411255	1.4131300449371338	0.27890491485595703	1.1810617446899414	0.35465139150619507	1.1607279777526855	1.0619704723358154	0.9976015090942383	0.029689159244298935	0.5689542889595032	0.8476719260215759	0.5312473773956299	0.2472866177558899	0.1832992434501648	0.41162925958633423	0.39078593254089355	0.3075273633003235	0.5264543890953064	0.31708312034606934	0.25527796149253845	0.42491021752357483	0.2892760634422302	0.6600260734558105	0.27855709195137024	1.0231605768203735	0.20511138439178467	0.3812829554080963	0.6662365794181824	0.43674224615097046	0.8057436943054199	0.30408743023872375	1.309696912765503	0.4418087899684906	0.7583448886871338	0.6942269802093506	0.2041487991809845	0.31516414880752563	0.2763199806213379	0.4307423233985901	0.2990969717502594	0.2904735505580902	0.6956305503845215	0.5394490957260132	0.2699197232723236	0.19555962085723877	0.6376343965530396	0.7677901387214661	0.7141163945198059	0.8318791389465332	0.4606245160102844	0.4326013922691345	0.19711600244045258	0.25420671701431274	0.44916585087776184	0.8698753118515015	0.4733789563179016	0.474882036447525	0.5274061560630798	0.4196945130825043	0.42990919947624207	0.6084941625595093	0.0847763642668724	0.22415384650230408	1.1416888236999512	0.6078864932060242	1.0102168321609497	0.1189068853855133	0.3594628572463989	0.5606064200401306	0.4823448359966278	0.876472532749176	0.8975774645805359	0.43060991168022156	0.22642792761325836	0.40116557478904724	0.5374326705932617	0.35440793633461	0.7287366390228271	0.4524228870868683	0.746257483959198	0.14804933965206146	0.6040923595428467	0.25703147053718567	0.8716955780982971	0.9054222106933594	0.2328738570213318	0.5566920042037964	0.463727205991745	0.3319719433784485	1.5772267580032349	2.1633548736572266	0.5496990084648132	0.1964845508337021	0.44449591636657715	0.24654792249202728	0.3404615521430969	0.2550610303878784	0.4701637625694275	0.3504592776298523	0.37347468733787537	0.6795172691345215	1.4340846538543701	0.5994325280189514	0.34841057658195496	0.2025412917137146	0.458883136510849	0.5789794921875	0.42196935415267944	0.3858545124530792	0.39660584926605225	0.8195328712463379	0.4088165760040283	0.38023728132247925	0.6141067147254944	0.838991105556488	0.7425165772438049	1.4450114965438843	1.5840981006622314	0.05890582501888275	0.7969337701797485	0.20738448202610016	0.06170179694890976	0.4890146553516388	0.6495340466499329	0.6900420188903809	0.4229142367839813	0.502302885055542	0.2807040214538574	0.2742919623851776	0.38763025403022766	0.8373730778694153	0.41473209857940674	1.4783544540405273	0.5020460486412048	0.7878403663635254	0.43818625807762146	0.7635576128959656	0.488176167011261	0.37429696321487427	0.4518660008907318	0.4325017035007477	0.46554726362228394	0.26965364813804626	0.1579848676919937	0.07465364784002304	0.08615870028734207	0.15618470311164856	0.598638653755188	0.3587062656879425	0.5231028199195862	0.08437532931566238	0.8802927136421204	0.1766277551651001	1.1263206005096436	0.36476632952690125	0.7864257097244263	0.14589105546474457	0.8849952816963196	0.22752632200717926	0.2397133708000183	0.6766073107719421	0.32717519998550415	0.24250926077365875	1.0807791948318481	0.39829379320144653	0.3801240622997284	0.3567501902580261	0.42598533630371094	0.8521444797515869	0.4248342514038086	0.2979782223701477	1.3599011898040771	0.4149210453033447	1.0614800453186035	0.28741884231567383	0.6094730496406555	0.6151536107063293	0.4157240688800812	0.4955638349056244	0.35081207752227783	0.6959646344184875	0.45910751819610596	0.6218101382255554	0.4997119605541229	0.45540401339530945	0.32047560811042786	0.9176848530769348	0.21007061004638672	1.0026836395263672	0.5999439358711243	0.2388162910938263	0.5412479639053345	0.6105032563209534	0.5274444818496704	0.9422903060913086	0.506676197052002	0.2783215641975403	0.5663534998893738	0.3558637201786041	0.4731765687465668	0.8018868565559387	0.2916221618652344	0.5623169541358948	1.0488150119781494	0.3447035253047943	0.6344212889671326	0.2780427038669586	0.5709884762763977	0.35050168633461	0.9148325324058533	0.37076306343078613	1.0077253580093384	0.36793193221092224	0.4402475953102112	0.936885416507721	0.6185076236724854	1.069851279258728	0.6793972253799438	0.5830243825912476	0.5395991206169128	0.6738284826278687	0.5941076278686523	0.7040184140205383	0.5308444499969482	0.6257752180099487	0.4095609486103058	0.21118547022342682	1.212132453918457	0.46722328662872314	0.2663958966732025	0.5376921892166138	0.6651978492736816	0.832841157913208	0.9132132530212402	0.31502342224121094	0.43971431255340576	0.3420763313770294	1.693026065826416	0.9051693677902222	0.9152941703796387	1.191975712776184	0.9382947683334351	0.21539926528930664	0.4343894124031067	0.27186959981918335	0.42482027411460876	0.26366719603538513	0.42047351598739624	0.31221437454223633	0.33244359493255615	0.19384993612766266	0.5550937056541443	0.9665441513061523	1.3649415969848633	1.145151138305664	0.2858958840370178	0.5014881491661072	0.6151426434516907	0.25956690311431885	0.4550381600856781	0.3323134779930115	0.33798331022262573	0.42820289731025696	0.8057738542556763	0.1759769320487976	0.5712992548942566	1.229467511177063	0.33910757303237915	0.8146369457244873	0.3371807336807251	0.3525152802467346	0.48922351002693176	0.1618880331516266	0.7737661600112915	0.5620367527008057	0.5427137017250061	0.4349357783794403	0.2644778788089752	0.3136463165283203	0.25692182779312134	0.3531436324119568	0.3507879376411438	0.15917089581489563	0.323157399892807	0.9848622679710388	0.8135225772857666	0.6225426197052002	0.4484294652938843	1.1284935474395752	0.4586315155029297	0.38541901111602783	0.20548738539218903	0.46773087978363037	0.49444064497947693	0.39748382568359375	0.46230730414390564	0.22857342660427094	0.5158734917640686	0.45148563385009766	0.3557548224925995	0.37870773673057556	0.14640909433364868	0.6545231938362122	0.25768548250198364	0.9221076369285583	0.2880851924419403	0.27868974208831787	0.3516944944858551	0.7567263245582581	0.4725069999694824	0.5336463451385498	0.45698779821395874	0.15929098427295685	0.6962605714797974	0.42916804552078247	0.11149131506681442	0.5749180316925049	0.5897197127342224	0.36825788021087646	0.6227717399597168	0.5610311031341553	0.4514957666397095	0.1848384439945221	0.441987007856369	0.6299983859062195	0.12281455844640732	0.7134556174278259	1.5964711904525757	0.8042564392089844	0.2910238206386566	0.2820494472980499	0.4328133165836334	0.3008567690849304	0.4088215231895447	1.0180668830871582	0.423846572637558	1.2975797653198242	0.6015926003456116	0.5114238858222961	0.7009870409965515	0.20251789689064026	0.38427430391311646	0.31764325499534607	0.3811439275741577	0.2754130959510803	0.42450347542762756	1.2357449531555176	0.305715948343277	0.4636536240577698	0.2776903212070465	0.6072628498077393	0.38763025403022766	0.9125946760177612	0.28631964325904846	0.38515692949295044	0.6749443411827087	0.9729411005973816	0.5092505812644958	0.6693084836006165	0.4113851487636566	0.4087768495082855	1.2077382802963257	1.6516139507293701	1.2047499418258667	0.6486574411392212	0.26913201808929443	0.47248026728630066	0.2792952060699463	0.4764167368412018	0.41048452258110046	0.48633021116256714	1.2597910165786743	0.35036665201187134	0.5779178142547607	0.9912072420120239	0.41191279888153076	0.7238520383834839	1.1494905948638916	0.5565585494041443	0.3060242831707001	0.20941698551177979	0.380648136138916	1.0621055364608765	0.60518479347229	0.22532421350479126	0.46376028656959534	0.2886967658996582	0.5347761511802673	1.047270655632019	0.9187816381454468	0.2671223282814026	0.43746650218963623	0.2507535219192505	0.744936466217041	0.2886541187763214	1.4402389526367188	1.685272216796875	0.1515163779258728	0.389328271150589	0.27208104729652405	0.5765975713729858	0.5612146258354187	0.3138633668422699	0.3155019283294678	0.5662281513214111	1.216065526008606	0.5364444255828857	0.2532374858856201	0.9434499740600586	0.8636035323143005	0.489296555519104	0.43397897481918335	0.7024662494659424	0.26088741421699524	1.3100457191467285	0.7031229734420776	0.5566959381103516	0.8043287992477417	1.5398081541061401	0.3273216784000397	0.05580488219857216	0.6291228532791138	0.28169792890548706	0.2556278705596924	1.442304253578186	0.3319537341594696	0.3322492241859436	0.8892406225204468	0.23111745715141296	0.3306795656681061	0.4283130168914795	0.5608436465263367	0.5233902335166931	1.3965141773223877	0.22747431695461273	0.10818637907505035	0.2047588974237442	0.3474411368370056	0.24822603166103363	0.4288865625858307	0.2267494648694992	0.2665409743785858	0.5708956122398376	0.659550666809082	0.14565357565879822	0.5458493232727051	0.35651370882987976	0.5276201963424683	0.710151731967926	1.1639928817749023	0.4520755112171173	0.5969179272651672	1.0091761350631714	0.3429641127586365	0.7180871963500977	0.48034730553627014	0.96999591588974	0.42006915807724	0.3349630534648895	0.7237231135368347	0.4003790020942688	0.9124172925949097	1.0475618839263916	0.6436051726341248	0.3993929326534271	0.9986701607704163	0.810486912727356	0.44849473237991333	0.5442742705345154	0.5619455575942993	0.3636784553527832	0.4272339642047882	0.8062043786048889	0.37018394470214844	1.6644443273544312	0.33727753162384033	1.3403193950653076	0.672065258026123	0.5033727288246155	1.0208098888397217	0.4180072844028473	0.35134977102279663	0.1964060366153717	1.537156581878662	0.32741084694862366	0.26506033539772034	0.21251539885997772	0.3176252841949463	0.3720775842666626	0.05698995292186737	0.6609269976615906	0.739356517791748	0.20418064296245575	0.6951926946640015	0.9423104524612427	0.6290792226791382	0.9496464133262634	0.44399356842041016	0.3689892888069153	0.21588462591171265	0.5117895603179932	1.7797605991363525	0.3779974579811096	0.2084619402885437	0.7215546369552612	0.8835749626159668	0.2488732486963272	0.3257439136505127	0.8214743733406067	0.4997749924659729	0.8832005858421326	0.8945000767707825	0.3927537202835083	0.4720595180988312	0.5961437821388245	0.04260508716106415	0.8004539012908936	0.2843414843082428	0.28840088844299316	0.21844841539859772	0.26713401079177856	0.8313280940055847	0.6026794910430908	1.0236554145812988	1.031392216682434	0.6966625452041626	0.5037803053855896	0.40733087062835693	0.3816295862197876	0.44098788499832153	0.8703339099884033	0.5286969542503357	0.43526121973991394	0.35853028297424316	0.4519121050834656	0.4486021101474762	0.6770739555358887	0.3969371020793915	0.4800199866294861	0.8635563850402832	0.2342354953289032	0.5409020781517029	0.4746227562427521	0.39271026849746704	0.6008641123771667	0.6907806992530823	0.3940654695034027	0.6304134130477905	0.4318177402019501	0.12432129681110382	0.3652089834213257	0.9233294725418091	0.2408125400543213	0.3541499674320221	0.9844557642936707	0.40856489539146423	1.0099716186523438	0.4839799404144287	0.37910130620002747	0.8461939096450806	0.3688962459564209	1.609480381011963	0.7393348813056946	0.7552832961082458	1.1555532217025757	0.7804580926895142	0.4066820740699768	0.7470490336418152	0.6772503852844238	0.42121538519859314	0.8514434099197388	0.933414876461029	0.48371419310569763	0.9616888761520386	1.3535957336425781	0.4417531192302704	0.6650031805038452	0.434228777885437	0.39476698637008667	0.45374447107315063	0.6059402227401733	0.40698617696762085	0.5794720649719238	0.262757271528244	0.5285282731056213	0.19239075481891632	0.23494353890419006	0.2816649079322815	0.4543297588825226	0.6860504150390625	0.09143315255641937	0.5140751600265503	0.35289865732192993	0.4593314528465271	0.7254332304000854	0.20888233184814453	0.32701241970062256	0.5347340106964111	0.28666308522224426	1.0075714588165283	0.24670889973640442	0.24833804368972778	0.2473207712173462	0.2532566487789154	0.5008514523506165	0.8344494104385376	0.4367300271987915	0.36794808506965637	0.2115251123905182	0.3496396839618683	0.3400022089481354	0.93292236328125	0.4834659993648529	1.119211196899414	1.2969696521759033	0.5240840911865234	0.8401927947998047	0.40817347168922424	0.59910649061203	0.19461089372634888	0.6656054258346558	0.21987833082675934	0.12428632378578186	0.982395350933075	0.8716570138931274	0.6564802527427673	0.43999701738357544	0.6678812503814697	0.36347532272338867	0.5082294940948486	0.325996071100235	0.17878536880016327	0.9155333042144775	0.5039925575256348	1.5383254289627075	0.7955940365791321	0.0	1.0528327226638794	0.8728879690170288	0.6637229919433594	0.22554297745227814	0.5995818376541138	0.32862046360969543	0.6610034704208374	0.1863132268190384	0.6704422831535339	0.3643854260444641	0.8566117882728577	0.4385262131690979	0.4648013710975647	0.5779968500137329	0.22573721408843994	0.8939207196235657	0.29975730180740356	0.3427629768848419	0.37453165650367737	0.6048051714897156	0.07761111855506897	0.18193377554416656	0.5987462997436523	0.19395564496517181	0.2430722713470459	0.08498388528823853	0.364248663187027	0.331513375043869	1.415633201599121	0.589516818523407	0.32016411423683167	0.22779573500156403	0.29012250900268555	1.3496451377868652	0.6669596433639526	0.7427468299865723	0.6655005812644958	0.30944734811782837	0.3346159756183624	0.34055566787719727	0.6566483974456787	0.7481003403663635	0.5651583075523376	0.5589525699615479	0.672400712966919	0.7817337512969971	0.4672250747680664	0.9635432958602905	0.19242677092552185	0.563411295413971	0.3974728584289551	0.8629404902458191	0.7288985252380371	0.6326807737350464	0.3783300220966339	0.2799358665943146	1.2061524391174316	0.320161372423172	0.31081563234329224	0.32574498653411865	0.5962215662002563	0.6543916463851929	0.4964328110218048	0.10407494753599167	0.3610256612300873	0.6704651713371277	0.6994787454605103	0.5336067080497742	0.43769538402557373	0.34573894739151	0.43852123618125916	0.6293773055076599	1.0649641752243042	0.6813925504684448	0.533054530620575	0.8156557083129883	0.6032641530036926	0.48079952597618103	0.6448051333427429	0.6083884239196777	0.5540928840637207	0.5628674030303955	0.43839436769485474	0.32717594504356384	0.15462623536586761	0.3209986388683319	0.5864114165306091	1.1588701009750366	0.2280038297176361	0.3414357304573059	0.21225087344646454	0.6635860204696655	0.14666421711444855	0.4267306327819824	0.8024754524230957	0.3011751174926758	0.47884050011634827	1.1814097166061401	0.8958965539932251	0.7729148864746094	2.052838087081909	0.11108297109603882	0.4134693145751953	0.3464498221874237	0.3419486880302429	0.556434690952301	0.7265444993972778	1.3362534046173096	0.7833435535430908	0.32060423493385315	0.27557069063186646	0.35293853282928467	0.5401478409767151	0.8276114463806152	0.37387484312057495	0.17954877018928528	0.23956160247325897	0.5440766215324402	0.2703864872455597	0.2788727581501007	0.2128429263830185	0.45059099793434143	0.4581056535243988	0.1814953088760376	0.45249298214912415	1.15157949924469	1.2007942199707031	1.146760106086731	0.32548800110816956	0.26537972688674927	0.8901512622833252	0.388528436422348	0.166102796792984	0.22041326761245728	0.2880806624889374	0.5410608649253845	0.11382761597633362	0.5576691627502441	0.6521540880203247	1.2253098487854004	0.4149174690246582	0.24057930707931519	0.6431199908256531	0.9666075706481934	1.082645058631897	0.26942479610443115	0.9368319511413574	0.4514942765235901	0.17290577292442322	0.9968819618225098	0.5919944047927856	0.9016097784042358	0.6396744251251221	0.4795037806034088	0.6545487642288208	0.9580041170120239	0.23766078054904938	0.43754464387893677	0.8110716342926025	0.8199100494384766	0.440478652715683	0.39445722103118896	0.42910629510879517	0.8315317630767822	0.09131810069084167	0.5518773198127747	1.0312330722808838	0.4774731397628784	0.7500100135803223	0.09672766923904419	0.7477325201034546	0.2764871120452881	0.39096856117248535	0.8458548188209534	0.4822697043418884	0.4004228413105011	0.777856171131134	0.331045001745224	0.46845269203186035	0.6456922292709351	1.1226789951324463	1.212915062904358	0.6385164260864258	0.3212689459323883	0.6555044651031494	0.5172735452651978	0.019308796152472496	0.20292244851589203	0.44528812170028687	0.5179749131202698	0.08854970335960388	0.5561106204986572	0.5512096285820007	0.7280951738357544	0.2777293622493744	0.7766978740692139	0.454022079706192	0.19545632600784302	0.22156444191932678	0.6683887839317322	0.43482068181037903	0.2213706374168396	0.512898862361908	0.1748194694519043	0.45232951641082764	0.5832057595252991	0.9819208979606628	0.5355454683303833	0.5140522718429565	0.41432464122772217	0.8058204650878906	0.9724273085594177	0.7771582007408142	0.7505286931991577	0.5876389741897583	0.38194090127944946	0.47676587104797363	0.12066102772951126	0.5197416543960571	0.08415039628744125	0.40098440647125244	0.3858635723590851	0.7504144310951233	0.19112281501293182	0.5958356261253357	0.7312151789665222	0.88510662317276	0.520924985408783	0.8183062672615051	0.8497554063796997	0.4595591425895691	0.2267540693283081	0.49854856729507446	0.018258562311530113	1.4376161098480225	1.5638110637664795	0.04040615260601044	0.6178559064865112	0.8825463056564331	0.8120180368423462	0.03141717612743378	0.47735506296157837	0.3973810076713562	0.7422134280204773	0.7127493023872375	0.876619815826416	0.7819623351097107	0.6084122657775879	0.7923005223274231	0.4272897243499756	0.37990400195121765	1.285393476486206	0.4611969292163849	0.5473020672798157	0.60189288854599	0.7535182237625122	0.6743212938308716	0.9585460424423218	0.4333229660987854	0.4203244745731354	0.4338466227054596	0.40656375885009766	0.3645091950893402	0.1560661792755127	0.2461635321378708	0.28964632749557495	0.23176153004169464	0.1534281224012375	0.5587244033813477	0.40296876430511475	0.7706753015518188	0.7404588460922241	0.36989688873291016	0.7301044464111328	0.5855161547660828	0.5338124632835388	0.39022716879844666	0.48944053053855896	0.28052541613578796	1.081699252128601	0.5652276277542114	0.30540406703948975	0.28159084916114807	0.4320617616176605	1.099613904953003	0.7220591306686401	0.28817659616470337	1.0054477453231812	1.1452794075012207	0.6193851828575134	0.9684615731239319	0.5013014078140259	0.48986151814460754	0.6158449053764343	0.19638724625110626	0.7480764389038086	0.1619860827922821	0.31190499663352966	0.40978699922561646	0.47398170828819275	0.17517824470996857	0.4618341028690338	0.1457107663154602	0.7213982939720154	0.5505616068840027	0.5282576084136963	0.3127377927303314	1.2114410400390625	0.9145421981811523	0.636856198310852	0.7601620554924011	0.7669563293457031	0.3513454794883728	0.4675062596797943	0.24400576949119568	0.6281511187553406	0.6532274484634399	0.9108556509017944	0.47605422139167786	0.201836496591568	1.080289602279663	0.40778180956840515	0.12809039652347565	1.068919062614441	0.30507782101631165	1.5379447937011719	0.3432402014732361	0.16558396816253662	0.5629810690879822	0.25710225105285645	0.3430756628513336	0.3217371702194214	0.6627163887023926	0.7708666324615479	1.0444921255111694	0.28563377261161804	1.0752336978912354	0.034939661622047424	0.49166104197502136	0.3427177667617798	0.1973801553249359	0.9430109262466431	0.622115433216095	1.0444331169128418	0.34475234150886536	0.44849956035614014	0.2741782069206238	0.6190649271011353	0.4805380702018738	0.37643352150917053	0.981273353099823	0.6751713156700134	0.16159507632255554	0.8233363032341003	0.33182814717292786	0.08043567836284637	0.2727738618850708	1.0685782432556152	0.6902664303779602	0.5098585486412048	0.5221878290176392	0.2350655198097229	0.40195077657699585	0.38996046781539917	0.5769156217575073	1.195375919342041	0.20692771673202515	0.4913611114025116	0.2342003583908081	0.9171551465988159	0.4470916986465454	0.4711090326309204	0.40610751509666443	0.37765929102897644	0.5325968265533447	0.24636757373809814	0.4654836058616638	0.5572884678840637	0.47412580251693726	0.7955725789070129	0.6514787673950195	0.5772345066070557	0.6932059526443481	1.0159105062484741	0.43709903955459595	0.7025411128997803	0.6350000500679016	0.36317479610443115	1.1783573627471924	0.9946266412734985	0.32367539405822754	0.4706985056400299	0.6632779836654663	1.2514394521713257	0.40870869159698486	0.3181179463863373	0.48817938566207886	0.5129696130752563	0.7754955291748047	1.1150552034378052	0.43557116389274597	0.8980052471160889	0.16455872356891632	0.805180549621582	0.7149943113327026	0.19797861576080322	0.23218147456645966	0.3300453722476959	0.1967049092054367	1.0327439308166504	0.5267142653465271	0.2885120213031769	0.767522931098938	0.7769020199775696	0.49159756302833557	0.43422532081604004	0.2303590029478073	1.236884593963623	0.620587944984436	0.7224932909011841	0.4590451419353485	0.6305884122848511	0.9077543020248413	0.5331818461418152	0.457576721906662
0.4614388942718506	0.6339356303215027	0.4803244173526764	0.9563431739807129	1.3986594676971436	0.3527894616127014	0.31745457649230957	0.6765026450157166	0.9804936647415161	0.41308730840682983	0.16059689223766327	0.2192920595407486	1.0898159742355347	0.35481613874435425	0.38347485661506653	0.18538428843021393	0.8820205926895142	0.6108847856521606	0.2670367956161499	0.2653234004974365	0.49707260727882385	0.36073845624923706	0.7709122896194458	0.31995564699172974	0.4744335412979126	0.7283174395561218	1.2445125579833984	1.05064058303833	0.3212026357650757	0.4040476977825165	1.011542797088623	0.22239559888839722	0.9167957305908203	0.5351775884628296	0.6937400102615356	0.32611122727394104	0.2675439417362213	0.5024033188819885	1.146997332572937	0.8099371194839478	0.2110883593559265	0.585039496421814	0.3519739806652069	0.7833212614059448	0.23368850350379944	0.696485161781311	0.34917038679122925	0.2831336259841919	0.4670340418815613	0.668938159942627	0.8336279988288879	0.49957728385925293	0.770476222038269	0.1242467388510704	0.6021257638931274	0.37915900349617004	0.30270594358444214	0.19814874231815338	0.48733875155448914	1.3112343549728394	0.37373611330986023	1.3253405094146729	0.8406015634536743	0.9806357026100159	0.3351556062698364	0.9117475748062134	1.0546140670776367	0.5011345744132996	0.5028558969497681	0.5519272685050964	0.42762690782546997	0.41439172625541687	0.12787289917469025	0.3561038076877594	0.4937897026538849	0.8691080212593079	0.29525405168533325	1.1047933101654053	0.5773457884788513	0.8832998275756836	0.7436646819114685	0.7239516377449036	0.5156365633010864	0.44744664430618286	0.5159816145896912	0.13941079378128052	1.0022659301757812	0.7788923978805542	0.1770917922258377	0.21965038776397705	0.6190271377563477	0.6134376525878906	0.017694659531116486	0.4624558091163635	0.6940014958381653	0.758033812046051	0.6742681860923767	0.3962356746196747	1.2892873287200928	0.14065909385681152	0.937059223651886	1.5492396354675293	0.547820508480072	0.412494957447052	0.5043562650680542	1.1236755847930908	0.3684674799442291	0.1716572642326355	0.2694629430770874	0.24373596906661987	0.670835018157959	0.291206419467926	1.2709856033325195	0.4456772208213806	0.654094934463501	0.4468579590320587	0.3038456439971924	0.8522070646286011	1.0600765943527222	0.4075201153755188	1.4621671438217163	0.32452747225761414	0.1705009788274765	0.8097619414329529	0.3556657135486603	0.8264911770820618	0.2506897449493408	0.38850441575050354	0.540800929069519	0.2712673544883728	0.39960676431655884	0.707770824432373	0.5524611473083496	0.2939353883266449	0.29460573196411133	0.7245886921882629	0.5548627376556396	0.2786310315132141	0.5586827993392944	0.3071753680706024	0.40935903787612915	0.3222639262676239	0.25142520666122437	0.41962534189224243	0.580000102519989	0.5223238468170166	0.7392553687095642	0.6149048805236816	1.0350403785705566	0.4930324852466583	0.45128023624420166	0.543984055519104	0.20753197371959686	0.094698965549469	0.5373243689537048	0.32355594635009766	0.48812901973724365	1.3295332193374634	0.2982282042503357	0.3727802634239197	0.9547997117042542	0.4653511643409729	0.21177448332309723	0.6101158857345581	0.5848966836929321	0.37367671728134155	0.8040564060211182	0.3146741986274719	0.14926651120185852	1.7426164150238037	0.38445034623146057	0.33498263359069824	0.5402570366859436	1.0243654251098633	0.23633980751037598	0.2228693664073944	0.5235981345176697	1.1313687562942505	0.8401118516921997	0.349688857793808	0.4013579487800598	1.2055459022521973	0.5058863162994385	0.38184499740600586	0.7885727882385254	0.9973958134651184	0.17452406883239746	0.2348075807094574	0.9557352662086487	0.3626931607723236	0.720711350440979	0.08515531569719315	0.501283586025238	0.713529109954834	0.49670377373695374	1.1190093755722046	0.2795299291610718	0.40366223454475403	0.7734173536300659	0.5748456120491028	0.8749226331710815	1.1964552402496338	0.5358734726905823	0.3781304359436035	0.3349381685256958	0.36747145652770996	0.3001088500022888	0.4145280122756958	1.027791976928711	0.2531391382217407	0.5387517213821411	0.583599865436554	0.10756780207157135	0.20891325175762177	0.9425418972969055	0.5651094913482666	0.48380252718925476	0.18838024139404297	0.530338704586029	0.2773163914680481	0.29100289940834045	0.30774539709091187	0.275407999753952	0.6680673956871033	0.5017095804214478	0.33223074674606323	0.6019648313522339	1.0437864065170288	0.7288689613342285	0.7550212144851685	0.3998294174671173	0.6339162588119507	0.4615670442581177	1.477270483970642	0.5446895360946655	0.6784728169441223	0.3803223967552185	0.6796099543571472	0.45829838514328003	0.18116600811481476	0.492928683757782	0.4571280777454376	0.18954336643218994	0.34610715508461	0.2676743268966675	0.46312224864959717	0.47164279222488403	0.5284861326217651	0.49371272325515747	0.6612050533294678	0.19733549654483795	0.8131217956542969	0.33185845613479614	1.1706582307815552	0.6085671186447144	0.3008067309856415	0.11010085791349411	0.9546967148780823	0.44578826427459717	0.26337525248527527	0.8302754163742065	0.4971429109573364	0.5607208013534546	0.31200292706489563	0.21930472552776337	0.20375685393810272	0.5899219512939453	0.21894143521785736	0.7172670364379883	0.3883698880672455	0.4089776575565338	0.34489431977272034	0.2048412263393402	0.5203223824501038	0.22451251745224	0.4887276887893677	0.521114706993103	0.12571734189987183	0.35801512002944946	0.8332061171531677	0.4293009638786316	0.5615355968475342	0.5059752464294434	0.5442662239074707	0.7691010236740112	0.4166991114616394	0.2152126282453537	0.8426347970962524	0.05670579895377159	0.4924536347389221	0.6455423831939697	0.5144293904304504	0.32677680253982544	0.4934321641921997	0.3954715430736542	0.3144846260547638	0.640322744846344	0.2514042854309082	1.0558547973632812	0.8107033371925354	0.3187043368816376	0.5339427590370178	0.8634835481643677	0.3453978896141052	0.25562456250190735	0.2407272309064865	0.2967413365840912	1.0755105018615723	0.45625656843185425	1.1881510019302368	0.8857405185699463	0.5140926837921143	0.7065806984901428	0.5190199613571167	0.5921120047569275	1.1292376518249512	0.5685954689979553	0.7219343781471252	0.860898494720459	1.8187110424041748	0.3455498218536377	0.5044515132904053	0.3117825984954834	0.8168138265609741	0.7629653811454773	0.4149400591850281	0.4019709527492523	0.49938732385635376	0.32667994499206543	0.4477306604385376	1.0051101446151733	0.2861230671405792	0.42360758781433105	0.9019833207130432	1.1587789058685303	0.5544424653053284	0.9957079291343689	0.53548663854599	0.46382367610931396	0.382904589176178	0.2258412092924118	0.6004974842071533	0.199896901845932	0.511279284954071	0.2114412486553192	0.5728141069412231	0.3759821951389313	0.411761999130249	0.95805424451828	0.22543735802173615	0.9816220998764038	0.225126251578331	0.21001237630844116	0.1615620106458664	0.4311628043651581	0.4317105710506439	0.3921501040458679	0.35195088386535645	0.09668058902025223	0.3249160349369049	0.8380011916160583	0.6700405478477478	1.0275464057922363	0.28013673424720764	0.7164404392242432	1.2378647327423096	1.0985921621322632	0.007457398343831301	0.5864393711090088	0.2662724554538727	0.5425617098808289	0.8019298315048218	0.570297122001648	0.6475192308425903	0.0972311943769455	0.568267822265625	1.2864909172058105	0.41248825192451477	0.5958091616630554	0.2933795154094696	0.38005074858665466	0.6111534237861633	0.4477613866329193	0.33278989791870117	0.8479541540145874	0.24571146070957184	0.4290149509906769	0.3302985727787018	0.7772241234779358	0.4020116329193115	0.6938730478286743	0.8866035342216492	0.5496634244918823	1.4710679054260254	0.678618848323822	0.8626292943954468	0.7699133157730103	0.3252876400947571	1.0727694034576416	0.7309587597846985	0.32020485401153564	0.2966281771659851	0.6325260996818542	0.30959540605545044	0.7248401045799255	0.499167263507843	0.7071956396102905	0.8833339214324951	0.9112046360969543	0.22806036472320557	1.1418613195419312	0.04393879696726799	0.6050832867622375	0.33064496517181396	0.2984030544757843	1.1533299684524536	0.17585650086402893	1.1254878044128418	0.9411675333976746	1.0663641691207886	0.2541477680206299	0.286851167678833	1.0194003582000732	0.6367008686065674	0.5236499905586243	0.49533811211586	0.5157557725906372	0.33756062388420105	0.5897125601768494	0.5532931685447693	0.2998190224170685	1.174757957458496	0.5583522915840149	0.572271466255188	0.30859455466270447	0.3743954300880432	0.3447381258010864	1.0641558170318604	0.8471224904060364	0.25048425793647766	1.0589693784713745	0.3824034035205841	0.1710125356912613	0.5784943103790283	0.6855199337005615	0.5504277348518372	1.1872767210006714	0.3113858699798584	0.5370818972587585	0.2922673225402832	0.7820041179656982	0.4184051752090454	0.6891568303108215	0.49650242924690247	0.24130210280418396	0.1345674693584442	0.25897809863090515	0.5093205571174622	0.16638630628585815	0.07445787638425827	0.81316077709198	0.19170933961868286	0.4967391788959503	1.0282788276672363	0.4103589653968811	0.11242754012346268	0.44163593649864197	0.5991962552070618	0.08571683615446091	0.9590666890144348	0.42712974548339844	0.5312482118606567	0.4531438946723938	0.35596922039985657	0.8636932373046875	1.291893482208252	0.7569084763526917	0.749804675579071	0.2957897484302521	0.5206342935562134	0.2307443916797638	0.4569035768508911	0.7984411716461182	0.45799461007118225	0.2533077895641327	0.24048985540866852	0.7952625751495361	1.2528059482574463	0.5293142199516296	0.49016234278678894	0.6864712834358215	0.2680065631866455	0.5844256281852722	0.7836344242095947	0.5391601920127869	0.5965672731399536	0.5322230458259583	0.35753828287124634	0.3240639269351959	0.4872765839099884	0.6540364027023315	0.35838907957077026	0.16450002789497375	0.5661733150482178	0.0004466148093342781	1.1346763372421265	1.1532561779022217	0.7623732089996338	0.1425853669643402	0.7062956094741821	0.4288856089115143	0.89715975522995	0.990894079208374	0.6056663990020752	0.6164346933364868	0.15455055236816406	0.2211095094680786	0.8639394044876099	0.5110190510749817	0.5544720888137817	0.6197360754013062	1.6364907026290894	0.43483901023864746	0.6157110333442688	0.3983088433742523	0.1986553966999054	1.05239737033844	0.39799994230270386	0.8550578951835632	0.600604772567749	1.4090452194213867	0.653880774974823	0.5261754393577576	0.1644262820482254	0.31739455461502075	0.36893776059150696	0.2959389090538025	0.30767324566841125	0.43982434272766113	0.5454646348953247	0.8355923891067505	0.8135557174682617	0.5150737762451172	0.814965009689331	0.13086950778961182	0.5807517170906067	0.5226793885231018	0.3604375422000885	1.3857749700546265	1.4431082010269165	1.0105810165405273	0.4088688790798187	0.3333113193511963	0.44919174909591675	0.4851031005382538	0.6160345673561096	0.2957674264907837	0.35471227765083313	0.619006335735321	0.3649526536464691	0.26291510462760925	1.206742525100708	0.4448856711387634	0.5287354588508606	1.0744966268539429	0.19392453134059906	0.45205140113830566	0.26834043860435486	0.2709607183933258	1.6691854000091553	1.0751781463623047	1.014723777770996	1.2662529945373535	0.14255285263061523	0.5513060092926025	0.3857254683971405	0.3524671494960785	0.12645754218101501	0.6144677996635437	0.4368360936641693	0.8592393398284912	0.5663211345672607	0.4312829375267029	0.44796425104141235	0.749422550201416	0.39377883076667786	0.6210367679595947	1.038038969039917	0.5928919315338135	0.7814453840255737	0.34096968173980713	0.16985830664634705	0.6902720928192139	0.8817669153213501	0.37377700209617615	0.3097391426563263	1.0231858491897583	0.20917299389839172	0.42645975947380066	0.49493274092674255	0.5142061710357666	0.17592573165893555	0.7234703302383423	0.7190160155296326	0.8867181539535522	0.2226901352405548	0.7658633589744568	0.29379409551620483	0.21523447334766388	1.2347748279571533	0.2633875608444214	0.6125236749649048	0.12049505859613419	0.9214376211166382	0.07989764958620071	1.1418431997299194	0.4211943447589874	0.5942441821098328	0.3234119713306427	0.7325220704078674	0.27459895610809326	0.4134255349636078	0.6632804870605469	0.4816225469112396	0.4643053114414215	0.40204957127571106	1.2135893106460571	0.09571036696434021	1.0608279705047607	0.7932809591293335	0.6645756959915161	0.16159190237522125	0.25188493728637695	0.9232380390167236	0.7625370025634766	0.4251544177532196	0.6751155257225037	1.0508577823638916	0.1572745144367218	0.3000658452510834	0.9753233194351196	0.41924580931663513	0.2612248659133911	0.913967490196228	1.9244160652160645	0.4649827480316162	0.2660846412181854	0.2661973536014557	0.775869607925415	0.28842034935951233	0.3112342655658722	0.5653396844863892	0.6488749980926514	0.647527813911438	0.8771737217903137	0.3046596646308899	0.7096521258354187	0.7309746742248535	0.39044320583343506	0.5416572093963623	0.21211788058280945	0.23316219449043274	0.5530760288238525	0.411497563123703	0.847796618938446	1.2881438732147217	0.43558886647224426	0.8644970059394836	1.3868494033813477	0.5402966737747192	0.3476622700691223	0.39363834261894226	0.5289968252182007	0.2658020853996277	0.5937387347221375	1.2243616580963135	0.6943506002426147	0.4979822337627411	0.49506086111068726	0.27052196860313416	0.4670845866203308	0.39603543281555176	0.47556862235069275	0.41317644715309143	0.47847795486450195	0.5238355994224548	0.38390281796455383	0.3444176912307739	0.36407119035720825	0.30522421002388	1.7255343198776245	0.8906313180923462	0.4427878260612488	0.4481936991214752	0.34980064630508423	0.6359176635742188	0.5573902726173401	0.7978020310401917	0.5202560424804688	0.1181660071015358	0.2816087007522583	1.7682865858078003	0.5485926866531372	0.12680017948150635	0.5727443695068359	0.5773934721946716	0.5178568363189697	1.3070882558822632	0.3977983593940735	0.7858880758285522	1.1194524765014648	0.5757431983947754	0.9589853286743164	0.2884073555469513	0.3013726770877838	0.23232559859752655	0.38435477018356323	0.5705872178077698	1.0334813594818115	0.8017616271972656	0.6828516721725464	0.614625096321106	0.3370254635810852	0.4802807867527008	0.4617677628993988	0.9866324663162231	1.02871572971344	0.1019527018070221	0.49961504340171814	0.5113575458526611	0.24946732819080353	0.5949195623397827	0.44621196389198303	0.37233781814575195	0.7643799185752869	0.8932092189788818	0.4128519892692566	1.1887625455856323	0.7277729511260986	0.3203929662704468	0.6968754529953003	1.0987324714660645	1.0208858251571655	0.917506992816925	0.14388225972652435	0.5706417560577393	0.37634405493736267	0.43390145897865295	0.5520682334899902	0.18291684985160828	0.6282910108566284	0.4321868121623993	0.6751272678375244	0.23759421706199646	0.29739347100257874	0.3576430082321167	0.5395796298980713	0.5172469615936279	0.4366522431373596	0.462816059589386	1.045109510421753	0.46007412672042847	0.24138525128364563	0.6270613670349121	0.728778064250946	0.2941327691078186	0.46068310737609863	0.9229872822761536	0.166334331035614	0.6003995537757874	0.31652969121932983	0.5404569506645203	0.5078336000442505	0.5915222764015198	0.6586053371429443	0.16501028835773468	0.6616023778915405	0.23563584685325623	0.198604017496109	0.0473538339138031	0.6097528338432312	0.22965267300605774	1.169101357460022	0.5013538002967834	0.5655761361122131	0.8989700078964233	0.1505754142999649	0.3560302257537842	0.09650100767612457	0.6759389042854309	0.6973555088043213	0.4182930588722229	0.9299111366271973	0.7460201978683472	1.1002243757247925	0.5871788263320923	1.0968809127807617	0.8191166520118713	0.20532020926475525	0.9504612684249878	0.7574775218963623	0.2831001877784729	0.708058774471283	0.4185599684715271	0.27446630597114563	0.17258772253990173	0.8888849020004272	0.9955406188964844	0.396908164024353	0.4305404722690582	0.07129796594381332	0.9527206420898438	0.31164127588272095	0.5741317272186279	0.21464623510837555	0.709564208984375	0.697796106338501	0.8958529829978943	0.15152382850646973	0.05943894758820534	0.5439567565917969	0.5183950662612915	0.46436578035354614	0.7734039425849915	0.5180627107620239	0.8730152249336243	0.7001749277114868	0.3707645833492279	1.183763027191162	0.26488447189331055	0.29321351647377014	0.47273802757263184	0.7553064227104187	1.1463470458984375	0.61247718334198	0.8042730093002319	0.24515168368816376	1.0216031074523926	0.2393549382686615	0.2754659056663513	1.0548022985458374	0.3598126173019409	1.014479637145996	0.26332446932792664	1.4446470737457275	0.6121169328689575	0.6405476927757263	0.4538193345069885	0.3410567045211792	0.13690628111362457	0.6473151445388794	0.4288492500782013	0.8056246638298035	0.7259603142738342	0.47702303528785706	0.6561662554740906	0.5373252034187317	0.5741600394248962	0.7269302606582642	0.6118350028991699	0.6434170007705688	0.09775757789611816	0.29070308804512024	0.7818036675453186	0.2891116738319397	0.31699106097221375	0.7401348352432251	0.20224805176258087	0.40404802560806274	1.1395015716552734	0.499444842338562	1.0242314338684082	0.15380188822746277	0.6127331256866455	0.6418383717536926	0.7174132466316223	0.3777194023132324	0.7063133120536804	0.7085343599319458	0.3903946876525879	0.28825077414512634	0.9909292459487915	0.47734126448631287	0.40514737367630005	0.35320207476615906	0.35128283500671387	0.4966244399547577	0.4595866799354553	1.1182643175125122	0.30333754420280457	0.4394960105419159	0.6042398810386658	0.4619254171848297	0.8407726287841797	1.0316565036773682	0.5033597946166992	0.17726626992225647	0.048752620816230774	1.3815526962280273	1.2093415260314941	0.20958128571510315	0.6899833679199219	0.6065629124641418	0.3211515545845032	0.29831528663635254	1.1366249322891235	0.6826425790786743	0.5554020404815674	0.7091875076293945	0.8027828931808472	0.3266252875328064	0.8353164196014404	0.18082520365715027	0.2836502492427826	0.3832957446575165	0.28449007868766785	0.32987236976623535	0.13442732393741608	0.22367191314697266	0.7858458161354065	1.0168908834457397	0.5643077492713928	0.13667096197605133	0.19598574936389923	0.03313104063272476	0.5558266043663025	0.7601951360702515	0.54574054479599	0.5891958475112915	0.35471320152282715	0.4433135986328125	1.0505276918411255	0.46714290976524353	0.328397661447525	0.3709525465965271	0.4344834089279175	0.3400903046131134	0.5475866198539734	0.2782353162765503	0.6295503973960876	0.8439432382583618	0.48308995366096497	0.7263047099113464	0.4247235059738159	0.36566826701164246	0.4702513515949249	1.0140687227249146	0.5683313012123108	0.6607668995857239	0.5376521944999695	1.1029664278030396	0.48043832182884216	1.0250405073165894	0.6873918771743774	0.46854081749916077	0.1240992322564125	1.144214391708374	0.3837928771972656	0.361258327960968	0.7106822729110718	0.17562292516231537	0.5382959842681885	0.6261017322540283	0.4412982165813446	0.2739861309528351	1.1336182355880737	0.5845791697502136	0.25433313846588135	1.7615966796875	0.6439444422721863	0.08287680894136429	0.3303793966770172	0.6947510838508606	0.4464355707168579	0.28322064876556396	0.06367434561252594	0.5274658203125	0.21590733528137207	0.470367431640625	0.17564038932323456	0.4664478898048401	0.5793635249137878	0.5653637647628784	0.5618038177490234	0.7566616535186768	0.3468378186225891	0.8001642823219299	0.39719536900520325	0.9046988487243652	1.0246943235397339	0.4426279664039612	0.30004042387008667	1.282342553138733	0.5637987852096558	1.3466391563415527	0.5056808590888977	0.3205951154232025	0.39889657497406006	0.3679271936416626	0.2049906849861145	0.5211073756217957	0.4380488693714142	0.6778368949890137	0.3427869975566864	0.1533016413450241	0.1799960732460022	0.27988773584365845	0.3020343780517578	0.5706997513771057	0.22756871581077576	1.097170352935791	0.06830798089504242	1.0211701393127441	0.38119229674339294	0.5981448292732239	1.315624475479126	0.6669044494628906	0.6138778924942017	0.5272111892700195	0.1252429336309433	0.5044795274734497	0.10495132952928543	0.5222755670547485	0.39801836013793945	0.4407555162906647	0.25903812050819397	0.6034539341926575	0.3402087688446045	0.3428192734718323	0.36455100774765015	0.22788429260253906	0.6689506769180298	0.4526010751724243	0.582546591758728	1.1992607116699219	0.4693422019481659	0.5079603791236877	0.9492447376251221	0.14468984305858612	0.5321569442749023	0.3771234154701233	0.7642130851745605	0.8637076616287231	1.022325873374939	0.8298681378364563	0.19870257377624512	0.2394799143075943	1.3610243797302246	0.1823018491268158	1.1268101930618286	0.9434431791305542	1.1122591495513916	1.117671012878418	0.6177657842636108	0.6763420701026917	0.7463443875312805	0.5107312202453613	0.24860334396362305	0.6068695187568665	0.4076317250728607	0.9340764284133911	0.3421940505504608	0.15267814695835114	0.9606934189796448	0.6422436833381653	0.3867724537849426	0.14422808587551117	0.3721628487110138	0.5035367608070374	0.3093322813510895	0.8055155873298645	0.5022781491279602	0.32941383123397827	1.0778515338897705	0.32936200499534607	1.4622044563293457	1.5604745149612427	0.3937883675098419	0.5356965661048889	0.394874632358551	0.26816555857658386	1.027921438217163	1.4704705476760864	0.6506418585777283	0.17599579691886902	0.3927394449710846	0.3979678750038147	0.9771764874458313	1.083616018295288	0.19379769265651703	0.36766910552978516	0.48495516180992126	0.9172182679176331	0.6946688294410706	0.17168885469436646	0.5380359888076782	1.065161943435669	0.5244041681289673	1.015449047088623	0.8609606623649597	0.33738642930984497	0.275039404630661	0.31063130497932434	0.3257490396499634	1.2183797359466553	0.16168752312660217	1.0804896354675293	0.5298908948898315	0.37071889638900757	0.2759930491447449	0.20382456481456757	0.7845722436904907	0.35587650537490845	0.2736658751964569	1.0344212055206299	0.5545676946640015	0.788597583770752	0.7112325429916382	1.5433218479156494	1.3671809434890747	0.16611583530902863	1.0860246419906616	0.6774877309799194	0.44722992181777954	0.5229044556617737	0.22008681297302246	0.3644334077835083	0.49776118993759155	0.5282361507415771	0.10961434990167618	0.4998544752597809	0.31165969371795654	0.7440708875656128	0.2912673354148865	0.7105830311775208	0.21493273973464966	0.8230985999107361	1.229660987854004	0.27234047651290894	0.6103304624557495	0.3560994863510132	0.6327943801879883	0.27307653427124023	1.3184044361114502	0.6622224450111389	0.171790212392807	0.7177274227142334	0.9698860049247742	0.2659554183483124	0.26951608061790466	0.4484008252620697	0.3082020878791809	0.600594162940979	0.20939204096794128	0.7136821150779724	0.4746592938899994	0.1948150098323822	1.5426456928253174	0.920846164226532	0.23152229189872742	0.5980185270309448	0.2637386918067932	0.17423518002033234	0.47236740589141846	0.911403477191925	0.48958176374435425	0.6066685318946838	0.8531785011291504	0.08386918157339096	0.2197439968585968	0.26537224650382996	0.6301125884056091	0.17234963178634644	0.4581359326839447	0.6454113721847534	0.89747554063797	0.3558410108089447	1.1627787351608276	0.21681013703346252	0.4572685658931732	0.7203986048698425	0.29275158047676086	0.28035828471183777	0.4893772602081299	0.40720120072364807	0.8562917113304138	1.023517370223999	0.5363048911094666	0.2589576244354248	0.48566266894340515	0.3551301956176758	0.10189823061227798	0.37176603078842163	0.2403174191713333	0.38664913177490234	0.5019816756248474	0.3314889371395111	0.8268739581108093	0.8872662782669067	0.393181711435318	0.41944947838783264	0.8511315584182739	0.6483146548271179	0.5809838771820068	0.3987170457839966	0.5358102917671204	0.44447723031044006	0.3197723627090454	0.22151543200016022	0.4295731782913208	0.4594675600528717	0.11744028329849243	0.43582990765571594	1.1982074975967407	1.0009963512420654	0.5958998799324036	0.3514240086078644	0.6395175457000732	0.5709645748138428	0.7914234399795532	0.46355944871902466	0.13906832039356232	0.27584633231163025	1.372998833656311	0.6419148445129395	0.6377668976783752	0.26965823769569397	0.8604621291160583	0.016555286943912506	0.6112797260284424	0.25474223494529724	0.6513360738754272	0.0808112844824791	1.1146825551986694	0.351018488407135	0.4791238307952881	0.3627128601074219	0.35070452094078064	0.617708683013916	0.6284821033477783	0.4323474168777466	0.43752849102020264	0.3958924412727356	0.5048862099647522	1.225487470626831	0.4962751269340515	0.8852877020835876	0.4554819166660309	0.7322309613227844	0.12367400527000427	0.7668084502220154	0.6302598714828491	0.9117985963821411	0.2411714345216751	0.37843605875968933	0.29462987184524536	0.29152584075927734	0.3808181583881378	0.488809198141098	0.538712203502655	0.4991631507873535	0.7083083987236023	0.9715609550476074	0.1297861933708191	0.7034860253334045	0.1743321716785431	0.6840041875839233	0.2739364206790924	0.33049359917640686	0.05251273885369301	0.3710385262966156	0.2514611482620239	0.6377800703048706	0.432033896446228	0.38349053263664246	1.0145597457885742	0.17598269879817963	1.419192910194397	0.3132171630859375	0.5861588716506958	0.6130384206771851	0.3734186291694641	0.10028401762247086	0.6549398303031921	0.26635420322418213	0.86885666847229	1.1645644903182983	0.5983632206916809	0.2603437900543213	0.9209555387496948	0.625197172164917	0.6112187504768372	0.5056566596031189	1.0567991733551025	0.16545502841472626	0.29924315214157104	0.5777797698974609	0.6145526170730591	0.7104348540306091	0.8680211305618286	0.23938538134098053	0.22349576652050018	0.5816000699996948	0.5227059721946716	0.27965641021728516	0.30096402764320374	0.24552124738693237	0.8685137033462524	0.23274530470371246	0.1944052278995514	0.34848469495773315	0.584919273853302	0.6835576295852661	1.4399943351745605	0.7364553809165955	0.3358687460422516	0.453911691904068	0.23102152347564697	0.36658793687820435	1.2921199798583984	1.020451545715332	0.6750941276550293	0.5119472146034241	0.4300244450569153	0.4492117762565613	0.8695297241210938	0.9092719554901123	0.9877089262008667	0.21599136292934418	0.36427274346351624	0.22434920072555542	0.2659901976585388	1.4506357908248901	0.3058454990386963	1.1759309768676758	0.17980332672595978	0.15940476953983307	0.30028197169303894	0.7003313899040222	0.9540080428123474	0.5555264949798584	0.5479138493537903	0.21782466769218445	0.5945270657539368	1.5203007459640503	0.5413419604301453	0.5571139454841614	0.7054380178451538	1.112631916999817	0.7096279859542847	0.3777095377445221	0.1685505211353302	0.4591633081436157	0.3336739242076874	0.5482585430145264	0.8567567467689514	1.524213433265686	0.8981615304946899	1.1403402090072632	0.6184250712394714	0.45933660864830017	0.5313175320625305	0.430163711309433	0.9404510855674744	0.7566421627998352	0.33763450384140015	0.4796994924545288	0.2985006272792816	0.6559029221534729	0.7511136531829834	0.6173354983329773	0.330659955739975	0.651544451713562	0.3053606152534485	0.7565166354179382	0.6702090501785278	0.9194239974021912	0.5803046822547913	0.7708885073661804	0.7020410299301147	0.21413515508174896	1.046818494796753	1.2445383071899414	1.191862940788269	0.6985946893692017	0.33731409907341003	0.3899671733379364	0.3015659749507904	0.4250730872154236	0.5302452445030212	0.45683881640434265	0.33136171102523804	0.46720007061958313	0.49358025193214417	0.9678821563720703	0.8896744251251221	0.49385982751846313	0.9215360283851624	0.6604953408241272	1.2049921751022339	0.4293252229690552	0.3698297441005707	0.08970171213150024	0.03571454808115959	0.493078351020813	0.21260887384414673	0.7477841973304749	0.20519670844078064	0.21247798204421997	0.5100692510604858	1.0901215076446533	0.31099438667297363	0.36298561096191406	0.22552114725112915	0.2170495092868805	0.49445146322250366	0.750317394733429	0.540508508682251	0.6467335224151611	0.2541409730911255	0.49426835775375366	0.1620481163263321	0.25451549887657166	0.6612247228622437	0.6133081912994385	0.9833834767341614	0.23591676354408264	0.3078679144382477	0.9005023837089539	0.3122113347053528	0.4378165900707245	0.7369356155395508	0.5269300937652588	0.33359161019325256	0.522939145565033	0.2555323839187622	0.5110670328140259	0.7586994171142578	0.26242709159851074	0.12702271342277527	0.28818464279174805	0.7109740376472473	0.6396409869194031	0.4064371883869171	0.10681222379207611	0.7411389946937561	0.7405191659927368	0.8958121538162231	0.9522239565849304	0.24984896183013916	0.05613122507929802	0.9000417590141296	0.6140081286430359	0.09641894698143005	0.4538247883319855	1.042332649230957	0.5089884996414185	0.24894820153713226	1.5844945907592773	0.7688761949539185	1.1370662450790405	0.24565792083740234	1.3547109365463257	0.2209513783454895	0.4552702009677887	1.015938401222229	0.5554652810096741	0.3986082077026367	0.46551474928855896	0.15870705246925354	0.6103019118309021	0.6023910045623779	0.5529595613479614	0.6391456127166748	0.11045453697443008	0.6983482837677002	0.36380329728126526	0.7902334332466125	0.6779215931892395	0.10255687683820724	0.2814245820045471	0.4303239583969116	0.7765196561813354	1.2615265846252441	0.5587020516395569	0.3959845006465912	0.9189959764480591	0.7893530130386353	0.6491585373878479	0.260359525680542	0.15616042912006378	0.4204895794391632	0.5197972655296326	0.5436984300613403	1.0241460800170898	0.6162780523300171	0.5738052725791931	0.4127505421638489	0.6155590415000916	0.7409102320671082	0.4672550857067108	0.17274072766304016	0.7954345941543579	0.16895493865013123	0.19640403985977173	0.908238410949707	0.4331493377685547	0.35298576951026917	0.6344581842422485	1.2497341632843018	0.4380978047847748	0.7864780426025391	0.6341060400009155	0.38745415210723877	0.7207154035568237	1.1699559688568115	0.4190065860748291	0.8005504608154297	0.14837436378002167	0.448068767786026	0.7623649835586548	0.1487850695848465	1.0193628072738647	0.5157957673072815	0.41537949442863464	0.674899160861969	0.32976284623146057	0.42805415391921997	0.5592447519302368	0.36408236622810364	0.18369612097740173	0.7465810775756836	0.38226187229156494	0.7656973004341125	0.37938204407691956	0.1286773979663849	0.8729610443115234	0.5023473501205444	1.0934982299804688	0.37960875034332275	0.417547345161438	0.8374860286712646	0.71329665184021	0.27024978399276733	0.6124086976051331	0.7926449179649353	0.4849764108657837	0.3597865402698517	0.6651365756988525	0.4458785653114319	0.2619284391403198	0.17311438918113708	0.47007012367248535	0.7896757125854492	0.2795705795288086	1.396475076675415	0.49587491154670715	0.7909905910491943	0.7305407524108887	0.893339216709137	1.1197835206985474	0.38636770844459534	0.15392598509788513	0.35949623584747314	0.10571281611919403	0.3462022542953491	0.12457345426082611	0.3961055874824524	0.5218824744224548	1.271419644355774	0.7460753917694092	0.40617719292640686	0.6396287679672241	0.6655990481376648	0.5203232765197754	0.38883495330810547	0.9444069862365723	0.5853868126869202	0.702447235584259	0.6087157726287842	0.3645012676715851	0.2638111412525177	0.46640267968177795	0.18541879951953888	0.2686028480529785	1.4543215036392212	0.41121771931648254	0.7804036140441895	0.9814892411231995	0.8135990500450134	0.5281857252120972	0.4396832585334778	0.6188384294509888	0.3174937069416046	0.1739068627357483	0.42252838611602783	0.17158490419387817	0.825101912021637	0.5385611653327942	1.0476746559143066	0.6821385025978088	0.8133871555328369	0.22181206941604614	0.5285974144935608	0.3494411110877991	0.8795111179351807	0.46208709478378296	0.1836647242307663	0.7396959662437439	0.6577554941177368	0.40986284613609314	0.6048510074615479	0.3230810761451721	0.36786168813705444	0.7005077004432678	0.19490692019462585	0.45012930035591125	1.290041446685791	0.13966244459152222	0.3672809302806854	0.03630528599023819	1.3667173385620117	0.10770074278116226	1.5629245042800903	0.9489901065826416	0.6706132888793945	0.3080303966999054	0.7165657877922058	0.5507095456123352	0.41439107060432434	0.07703939080238342	0.6300017833709717	0.47026965022087097	0.4927248954772949	0.5393299460411072	0.541451632976532	0.5513800382614136	0.3270113468170166	0.6716896891593933	0.5213703513145447	0.36543428897857666	0.46227917075157166	0.8487223386764526	0.5610291957855225	0.16504952311515808	0.5640163421630859	0.4168510437011719	0.16475389897823334	0.3929486870765686	0.6469786167144775	0.17753085494041443	1.317720890045166	0.20287320017814636	0.14977970719337463	0.18592101335525513	0.6664115786552429	0.17233887314796448	0.874336302280426	0.5106794834136963	0.6225013732910156	0.41227298974990845	0.27359649538993835	0.2263474464416504	1.5476008653640747	0.764503002166748	0.9058183431625366	1.2088408470153809	0.7565200924873352	1.153346061706543	0.4214194118976593	0.6453005075454712	0.347926527261734	1.343920350074768	0.41133221983909607	0.48304659128189087	0.7685449719429016	1.0992873907089233	0.35628312826156616	0.8987360596656799	0.5412733554840088	1.6211007833480835	0.6157436966896057	0.6974526643753052	0.6869890093803406	0.5090534687042236	0.6335300207138062	0.10695138573646545	0.3692206144332886	0.13680751621723175	0.6283712387084961	1.484175205230713	0.7116316556930542	0.3811675012111664	0.4443148672580719	0.12571419775485992	1.1278315782546997	0.2715408504009247	1.3815767765045166	1.065028190612793	0.7055783867835999	0.6342142820358276	0.8471763134002686	0.8414978981018066	1.1019550561904907	0.35648012161254883	0.4891417622566223	0.9075763821601868	0.15215367078781128	0.9188618063926697	0.44620636105537415	0.6054717302322388	0.23968113958835602	0.33055126667022705	0.3584243357181549	0.5474789142608643	0.19590026140213013	0.42795687913894653	0.5654380917549133	0.7842882871627808	0.5150869488716125	0.2161468118429184	0.865254282951355	0.40886229276657104	1.7013273239135742	0.1662972867488861	0.8481242656707764	0.4483247399330139	0.16336259245872498	0.6171994805335999	0.3647910952568054	0.2642883062362671	1.5479177236557007	0.3376779556274414	0.2395264208316803	0.4081088602542877	0.3893168568611145	0.42451953887939453	0.6332494616508484	0.13543325662612915	0.2735745310783386	0.45608657598495483	1.0339621305465698	0.3675244450569153	0.4135100841522217	0.3674626648426056	1.366502046585083	0.18705995380878448	0.3776862323284149	0.1596798598766327	1.218116283416748	1.1757806539535522	0.7924889922142029	0.5794395208358765	0.5552421808242798	0.5511288642883301	0.733063280582428	0.6485137343406677	0.7651578187942505	0.7103065252304077	0.22676622867584229	0.5770225524902344	0.918854832649231	0.8874823451042175	0.35001450777053833	0.6452205777168274	0.8008544445037842	0.49385589361190796	1.2379348278045654	0.39221474528312683	0.3664478361606598	0.18326419591903687	0.2871718108654022	1.0013943910598755	1.1488285064697266	0.3886445164680481	0.40448349714279175	0.2594074010848999	1.250290870666504	1.0822588205337524	0.18354862928390503	0.8066778779029846	0.36703675985336304	0.6167193055152893	0.3868303596973419	0.4034247398376465	0.6026803851127625	0.5507884621620178	0.6228970885276794	0.20453797280788422	1.2049591541290283	1.9862024784088135	0.263766348361969	0.1306189000606537	0.9931400418281555	0.21549764275550842	0.5665486454963684	0.596919596195221	0.23008763790130615	0.44153687357902527	1.4095144271850586	0.36851951479911804	0.8581908345222473	0.7972495555877686	1.4349026679992676	0.5547281503677368	0.28250905871391296	0.240920752286911	0.5920943021774292	0.9720219373703003	0.1948775351047516	0.6522120237350464	0.30375000834465027	0.2229393571615219	0.2107686698436737	0.5738347172737122	0.19499444961547852	0.4938369393348694	0.2870523929595947	0.9440223574638367	0.2845383584499359	0.1705038994550705	0.6662598848342896	0.8457086086273193	0.4493967592716217	0.18192040920257568	0.4912966787815094	0.2431448996067047	0.7294542789459229	0.363052099943161	1.1778907775878906	0.7306433320045471	0.17189648747444153	0.7298848628997803	1.1325480937957764	0.20823952555656433	0.6149343848228455	0.23336298763751984	0.5175110697746277	0.32829827070236206	0.4156002700328827	1.2457208633422852	0.7548322677612305	0.5569350123405457	0.5666219592094421	1.802398920059204	0.8579153418540955	0.23843175172805786	0.9163305759429932	0.9314923882484436	0.741777777671814	0.5649584531784058	0.2516934275627136	0.16814637184143066	0.452097624540329	0.33056801557540894	0.296197772026062	0.24616746604442596	0.12157300114631653	0.7518635988235474	0.161042258143425	0.47498956322669983	0.381210058927536	0.8072792291641235	0.44245898723602295	0.2678518295288086	0.8376500010490417	0.9950482249259949	0.7677920460700989	0.44305989146232605	0.5177069306373596	0.46919676661491394	0.5669095516204834	1.1184026002883911	0.6339684128761292	0.26881659030914307	0.7347325682640076	0.42369475960731506	0.4911114573478699	0.48551589250564575	0.6475671529769897	0.7731702327728271	0.4589400887489319	0.34724682569503784	0.7422938942909241	0.893565833568573	1.7464101314544678	0.3814884424209595	0.5904128551483154	0.5842574834823608	0.3284565508365631	0.7581894397735596	0.5573452115058899	0.4036811888217926	1.048638939857483	0.37008851766586304	0.3583773076534271	0.9647711515426636	0.4238849878311157	0.5373234152793884	0.7502788305282593	0.5514152646064758	0.48860880732536316	0.8809658885002136	0.5276886224746704	0.35057610273361206	0.3360691964626312	0.5671806335449219	0.13284733891487122	0.796393632888794	0.6629738211631775	1.4229228496551514	0.37046316266059875	0.7458189129829407	0.7579776048660278	0.7394148111343384	0.3065086305141449	0.3184884488582611	0.8181774020195007	1.397339105606079	0.7108728289604187	0.5659691691398621	0.3078501224517822	0.3787621259689331	0.9326833486557007	0.4061533212661743	0.32003575563430786	0.39322739839553833	0.4098544716835022	0.48131754994392395	0.5007965564727783	0.18281623721122742	1.1870381832122803	1.0542148351669312	0.8128933310508728	0.6284456849098206	0.590349555015564	0.19153031706809998	0.31957632303237915	0.7242571711540222	0.7947179079055786	0.6992501020431519	0.29190030694007874	0.4606751799583435	0.559714138507843	0.2121017724275589	0.24285662174224854	1.6054562330245972	0.24779246747493744	0.7082114815711975	0.21703563630580902	0.25474631786346436	0.3885459899902344	0.38906562328338623	0.5460988879203796	0.6160447597503662	0.8646679520606995	0.07510051876306534	0.5888408422470093	0.2195715755224228	0.8121144771575928	1.135873556137085	1.0499664545059204	0.43513283133506775	0.2929879426956177	0.4701656997203827	0.2436259239912033	1.234125018119812	0.36237195134162903	0.4847254157066345	0.8734216690063477	0.8392527103424072	0.42745304107666016	0.057279352098703384	0.35345959663391113	0.20235276222229004	0.0881873071193695	0.611480712890625	0.21646814048290253	0.6794898509979248	0.3087988495826721	0.3813377022743225	0.6790802478790283	0.6068373918533325	0.39457836747169495	1.099329948425293	0.3435465693473816	0.5478237867355347	0.9318966865539551	0.9951507449150085	0.2539944350719452	0.7565856575965881	0.2299090027809143	0.7220668792724609	0.6836759448051453	0.7814503908157349	0.30831587314605713	0.42094293236732483	0.7937097549438477	0.5273560285568237	0.7102171182632446	0.3052234947681427	0.3758823275566101	0.6575373411178589	0.8693800568580627	0.38641440868377686	0.39062830805778503	0.23307836055755615	1.3880013227462769	0.2838893532752991	0.5172126293182373	1.0513545274734497	0.160039022564888	0.8934566974639893	0.5620118975639343	0.5886510014533997	0.37473565340042114	0.7858585119247437	0.414710134267807	0.39376020431518555	0.18278484046459198	0.6290489435195923	0.9133886098861694	0.34090563654899597	0.4784921109676361	0.2972429394721985	0.21665114164352417	0.6339552402496338	0.42333704233169556	0.29461485147476196	0.5514960885047913	0.4296515882015228	1.049432635307312	1.5655665397644043	0.7051957249641418	0.611385703086853	0.6225263476371765	0.42555245757102966	0.41253796219825745	0.58926922082901	0.24414598941802979	0.8744416832923889	0.4766848683357239	0.8145194053649902	0.9219172596931458	0.38305041193962097	0.43270277976989746	0.5075740814208984	0.4912913143634796
0.3989066183567047	0.6342446208000183	0.594433069229126	0.4998091757297516	0.22593671083450317	0.19151224195957184	0.10459327697753906	0.3245285749435425	0.34453633427619934	0.11602135747671127	0.9980525374412537	0.95469069480896	0.9503868818283081	0.24606184661388397	0.3022685945034027	0.7133635878562927	0.6595816612243652	0.3204359710216522	0.7490518093109131	0.3546607494354248	0.46185988187789917	0.4644152820110321	0.6043403148651123	0.18514753878116608	0.3880513310432434	0.49092090129852295	0.46111416816711426	1.002938985824585	0.28579479455947876	0.27373355627059937	1.0780695676803589	0.3934299349784851	0.18415096402168274	0.5250880718231201	0.28616955876350403	0.35251495242118835	0.26164528727531433	0.6290936470031738	0.5177507400512695	0.1776922196149826	0.4353153705596924	1.0014078617095947	0.3868277966976166	0.4295550584793091	0.23951373994350433	1.3273602724075317	0.443855345249176	0.6398901343345642	0.46649879217147827	0.8957386016845703	0.6540408730506897	0.6015421152114868	0.643788754940033	0.6482130289077759	0.5413843989372253	0.4234936535358429	1.0287331342697144	1.6215074062347412	0.38858547806739807	0.8665367960929871	0.3843434453010559	1.0300260782241821	0.5589012503623962	0.6064904928207397	0.46183353662490845	0.27234286069869995	0.7988096475601196	0.6878387928009033	0.16731058061122894	0.6897552609443665	0.21951833367347717	0.23601733148097992	1.3859342336654663	1.2570120096206665	0.46500876545906067	0.4108125567436218	0.37827742099761963	0.4502628743648529	0.5257683396339417	0.7355107665061951	1.0411514043807983	0.5676265954971313	0.5648367404937744	0.3619893789291382	0.8693363070487976	0.40561503171920776	0.8568485975265503	0.612826943397522	0.7773178815841675	0.42728951573371887	0.41927799582481384	0.3172946572303772	0.36366936564445496	0.5547675490379333	0.20614203810691833	1.2086106538772583	0.6953091621398926	0.5249956846237183	0.44546476006507874	0.6110857129096985	0.6230040788650513	1.3230903148651123	0.5313541293144226	0.6754161715507507	0.5135260224342346	0.8219332695007324	0.5709918141365051	0.7798510193824768	0.7401500344276428	0.6374923586845398	0.6630106568336487	1.6115776300430298	0.9596087336540222	0.5526010394096375	0.4655507206916809	0.4564597010612488	0.7001370787620544	0.43360650539398193	0.6839880347251892	0.5005732178688049	0.6210044026374817	0.41677218675613403	1.2783281803131104	1.1252923011779785	1.378592848777771	0.49442848563194275	0.26263630390167236	0.4001241624355316	0.68107008934021	1.1454821825027466	0.4170989692211151	0.9221889972686768	0.5350913405418396	0.4167267978191376	0.39837178587913513	0.3807527422904968	0.5449032187461853	0.4662090241909027	0.4442359209060669	0.40045028924942017	0.39380943775177	0.29740485548973083	0.0643419697880745	0.4405653774738312	0.8044060468673706	0.6940891742706299	1.0657844543457031	0.3940473198890686	0.36409902572631836	0.9836755990982056	0.5145390033721924	0.7234722971916199	0.8699738383293152	0.5765819549560547	0.22972974181175232	0.5804135203361511	0.27248096466064453	0.27990221977233887	0.1559353768825531	0.3804487884044647	0.7179369330406189	0.5466625690460205	0.7235935926437378	0.29259634017944336	0.3185145854949951	0.8088921904563904	0.8857658505439758	0.10515521466732025	0.9291072487831116	0.5109358429908752	0.23986296355724335	0.647664487361908	0.5708832144737244	0.42126572132110596	0.26317650079727173	0.41062745451927185	0.5892394185066223	1.256539225578308	0.5019515156745911	0.3305562138557434	0.39560145139694214	0.6262686848640442	0.2261783480644226	0.60708087682724	0.47854870557785034	0.1836571991443634	0.4010445177555084	0.06375819444656372	0.767918050289154	0.6292113661766052	0.5876986980438232	0.13014525175094604	0.39684394001960754	0.7888547778129578	0.5181394219398499	0.8757859468460083	0.20518580079078674	0.28705495595932007	0.36806219816207886	0.6365020871162415	0.5508170127868652	0.4357682466506958	0.3758508861064911	0.27119505405426025	1.1239575147628784	0.7504594922065735	0.18834921717643738	0.5222444534301758	0.11087609827518463	0.5465835928916931	0.6518029570579529	0.3689778447151184	0.4831175208091736	0.7209115028381348	0.6437171697616577	0.47858166694641113	0.35008901357650757	0.47423654794692993	0.505783200263977	0.10811866074800491	0.7666741013526917	0.3965003490447998	0.4612574875354767	0.25325876474380493	0.40191397070884705	0.4618510603904724	0.5211535692214966	0.5318521857261658	0.449039489030838	0.9214845895767212	0.6982381343841553	0.5097774267196655	0.42227113246917725	0.3049139678478241	0.7374358177185059	0.8246921300888062	0.24315202236175537	0.18096168339252472	0.40518414974212646	0.21264523267745972	0.445268452167511	0.6228389739990234	0.489716500043869	0.41530096530914307	0.5489410161972046	0.5134882926940918	0.8572099208831787	0.7846020460128784	0.19072623550891876	0.4679602086544037	0.4865782856941223	0.21619507670402527	1.203503966331482	0.13208438456058502	0.2528027892112732	1.1797170639038086	1.1043123006820679	0.6877062320709229	0.6136851906776428	0.2263191193342209	1.090224027633667	1.2214717864990234	0.3980851471424103	0.2778837978839874	0.3070909380912781	0.1559908539056778	0.7938457727432251	0.14980685710906982	0.579764187335968	0.31496840715408325	0.7562209367752075	0.5849408507347107	0.298717737197876	0.5006293654441833	0.6268700361251831	0.27966535091400146	0.7043032646179199	0.6026155948638916	0.3450580835342407	0.5757555961608887	0.6216431856155396	0.4007626175880432	0.6092065572738647	0.3529238998889923	0.4336656630039215	1.7204833030700684	0.5073947906494141	0.7258757948875427	1.2254765033721924	0.4856916666030884	1.0614341497421265	0.3510375916957855	0.31329405307769775	0.36607563495635986	0.47355782985687256	0.5352556705474854	1.127901554107666	0.5845990180969238	0.6420087218284607	0.15240195393562317	0.11426272988319397	0.46805131435394287	0.9831886291503906	0.3990577757358551	0.4740053713321686	0.1805054247379303	0.7034932374954224	0.6686935424804688	0.2725535035133362	0.3491506576538086	0.5358691811561584	0.8061531186103821	0.4443938136100769	0.4642460346221924	0.3274344503879547	0.49150925874710083	0.3548620939254761	0.27365049719810486	0.5143996477127075	0.508740246295929	0.4931403696537018	0.5189956426620483	0.5580199360847473	0.38064008951187134	0.6347357630729675	0.47532644867897034	0.5479092597961426	1.3516957759857178	0.6765005588531494	0.6125247478485107	0.8295586109161377	0.628122091293335	0.25790172815322876	0.2870273292064667	0.26928791403770447	0.5149380564689636	0.8776977062225342	0.14028285443782806	0.37522876262664795	0.4221527576446533	0.23963171243667603	0.5946861505508423	0.32787251472473145	0.520632803440094	0.5200435519218445	0.45003825426101685	0.3976987600326538	0.17618443071842194	0.29106369614601135	0.3703634738922119	0.4352908730506897	0.3467043340206146	0.3598368763923645	0.6482375860214233	1.0768189430236816	0.45194998383522034	0.9151685833930969	0.514758825302124	0.11057606339454651	0.700019121170044	0.9021327495574951	0.6498820781707764	0.7458099126815796	0.48599979281425476	0.9713836312294006	0.6373864412307739	0.5388790369033813	1.2861847877502441	0.5866395831108093	0.43269991874694824	0.2528342306613922	0.6969397664070129	0.716070294380188	0.7186449766159058	0.5756097435951233	0.4920921325683594	0.6265195608139038	0.37165066599845886	0.6541785597801208	0.3407585322856903	0.4126230776309967	0.7715263366699219	0.6039654612541199	0.2788565158843994	0.48887231945991516	0.4726990759372711	0.5027140378952026	0.34398841857910156	0.1652904897928238	0.23953527212142944	0.3285616338253021	0.7541147470474243	0.2444620430469513	0.1023155078291893	0.8339883089065552	0.923819899559021	0.533557116985321	0.38745734095573425	1.1814584732055664	0.6103494167327881	0.804801881313324	0.8879942893981934	0.5541119575500488	0.7944276928901672	0.36920568346977234	0.7820005416870117	0.7759795784950256	0.5147436261177063	0.5561268925666809	0.3050973117351532	0.8084906935691833	0.4275072515010834	0.8390191197395325	0.14759686589241028	0.31587979197502136	0.6265044808387756	0.64491868019104	0.7028349041938782	0.619193971157074	0.1950194239616394	0.36555689573287964	0.9785849452018738	0.5823692679405212	0.3249650299549103	0.537386417388916	0.55327308177948	0.562677800655365	1.256123661994934	0.34929221868515015	0.8921660780906677	0.32558196783065796	1.1470509767532349	0.25203269720077515	0.5790368318557739	0.7711305022239685	0.2867719531059265	0.3905797004699707	0.2345694750547409	0.35533401370048523	0.4691609740257263	1.0800013542175293	0.6479330062866211	0.844068169593811	0.50947505235672	0.334856241941452	0.36186471581459045	0.75965815782547	0.9339661002159119	0.8620926737785339	0.5636540055274963	0.5897105932235718	0.35263118147850037	0.625487208366394	0.9676528573036194	0.3201237916946411	0.1363997906446457	0.3189631402492523	0.37227049469947815	0.3832855224609375	0.7007433772087097	0.44737350940704346	0.4246738851070404	0.18053773045539856	0.8126436471939087	0.7585418820381165	0.610748291015625	0.7589998245239258	0.28138449788093567	0.45296749472618103	0.7172273993492126	0.5659460425376892	0.2622527778148651	0.41343823075294495	0.5070703625679016	0.6223254799842834	0.34902891516685486	0.9845773577690125	0.9358330965042114	0.22872626781463623	0.16122658550739288	0.9131642580032349	0.40326645970344543	1.0467872619628906	1.1293354034423828	0.7725368738174438	0.6370132565498352	0.6772364377975464	1.0083692073822021	0.2724851071834564	0.3147847652435303	0.37571075558662415	0.17963726818561554	1.126062273979187	0.5812046527862549	0.6573073863983154	0.7209981679916382	0.34860992431640625	0.600351095199585	0.16354158520698547	0.7723290920257568	0.4811607003211975	0.41940948367118835	0.40187448263168335	0.3017389178276062	0.5030943155288696	0.41568073630332947	0.5559277534484863	0.48416972160339355	0.8964142203330994	0.11594955623149872	0.42632776498794556	0.3529879152774811	0.2029651403427124	1.3574316501617432	0.2604101300239563	0.193571999669075	0.36006349325180054	0.5936262607574463	0.7119494080543518	0.4466007351875305	0.462323933839798	1.1305128335952759	0.3071053922176361	0.4034874439239502	0.4389585256576538	0.5034364461898804	0.3294321894645691	0.7072574496269226	1.0723265409469604	0.7950550317764282	0.586131751537323	0.25516608357429504	0.9896426200866699	0.6309067010879517	0.4938611090183258	0.22317343950271606	0.2192426472902298	0.5628410577774048	0.417959988117218	0.39091557264328003	0.33009812235832214	0.49848806858062744	0.3779049515724182	0.3036094605922699	0.3182643949985504	0.4464680254459381	1.501588225364685	0.240692138671875	0.3340061902999878	0.37119975686073303	0.2890002131462097	0.4520754814147949	0.2183040976524353	0.45730164647102356	0.32042980194091797	0.48523616790771484	0.8701001405715942	0.6988434791564941	0.6040100455284119	0.5550875663757324	0.535264253616333	0.40719136595726013	0.3875027000904083	0.24386240541934967	0.9537639021873474	0.4493049681186676	0.48953425884246826	0.2385123074054718	0.27577418088912964	0.6526878476142883	0.6590034365653992	1.1791763305664062	0.47973355650901794	0.6934777498245239	0.5983112454414368	0.25825783610343933	0.49833840131759644	0.3766903877258301	0.2849949896335602	0.2706204056739807	0.3319036066532135	0.6408282518386841	0.5447173714637756	0.42534777522087097	0.6132944822311401	0.5010530948638916	0.29776322841644287	0.3133666515350342	0.1877991259098053	0.6320942640304565	0.477703332901001	0.8259255290031433	0.7017878293991089	0.6473221182823181	1.1601463556289673	0.5476344227790833	0.5478951930999756	0.52057945728302	0.43787506222724915	0.405386358499527	0.36859965324401855	1.7250558137893677	0.25413161516189575	0.5761927366256714	0.9383687973022461	0.4705714285373688	0.37301287055015564	0.49498239159584045	0.6467286944389343	0.8502870798110962	0.30125340819358826	0.6734363436698914	0.9830590486526489	0.3983183801174164	0.3329561948776245	0.3412891626358032	0.2332426905632019	0.7204909324645996	0.2305164635181427	0.6271837949752808	0.5260138511657715	0.5366212129592896	0.6889736652374268	0.4804207980632782	0.2890554964542389	0.37375113368034363	0.7597716450691223	0.34839606285095215	0.4036349654197693	0.3822125494480133	0.5289955139160156	0.1705210655927658	0.3453984558582306	0.8565100431442261	0.38074973225593567	0.19483400881290436	0.8817145824432373	0.8960480093955994	0.21393637359142303	0.31699806451797485	0.5570530891418457	0.5455124974250793	0.21172602474689484	0.8010237216949463	0.4020513594150543	0.44536373019218445	0.37695151567459106	0.9134855270385742	0.6495158076286316	0.731360673904419	0.6934850215911865	0.6611924767494202	0.2221880406141281	0.39579644799232483	0.3118945360183716	0.46126818656921387	0.366064190864563	0.5406636595726013	1.0473365783691406	0.23718960583209991	0.4058258533477783	0.5973414778709412	0.30287331342697144	0.7004817724227905	0.26156532764434814	0.5253907442092896	0.6151236891746521	0.5468782782554626	0.516027569770813	0.3170168399810791	0.467011421918869	0.684748113155365	0.4928864538669586	1.1593786478042603	0.5072286128997803	0.8248463273048401	0.830615758895874	0.556246280670166	0.6046327948570251	0.30526626110076904	0.2527289390563965	0.5840738415718079	0.44637638330459595	0.7944784164428711	0.6557030081748962	0.39373892545700073	0.3946051001548767	0.6245629787445068	0.9221265316009521	0.2968064546585083	0.9382727146148682	0.3445374667644501	0.9799647331237793	0.3346693515777588	0.21994397044181824	0.720486044883728	0.6155903935432434	0.5140864253044128	0.401638001203537	0.8619407415390015	0.6623709201812744	0.4363672137260437	0.4015379846096039	0.29256102442741394	0.1787502020597458	0.42130953073501587	0.2938021421432495	0.448724627494812	0.24497032165527344	0.8126789331436157	0.42177337408065796	0.8678277730941772	0.4261212944984436	0.5769821405410767	0.31664127111434937	0.6443871855735779	0.7170526385307312	0.7825483083724976	0.509196937084198	1.145739197731018	0.44114652276039124	0.4692438244819641	0.7409852147102356	0.7395595908164978	0.424017071723938	0.39010751247406006	0.3987208604812622	0.707680344581604	0.5715115070343018	0.4472305476665497	0.6008091568946838	0.37393152713775635	0.336058646440506	0.6047149896621704	0.36326712369918823	0.2805033028125763	0.4208035469055176	0.35881832242012024	0.44287002086639404	0.34559985995292664	0.39418211579322815	0.6864011287689209	0.11923213303089142	0.3783941864967346	0.3855874538421631	0.4296130836009979	0.5944727063179016	0.6700984835624695	0.501717746257782	0.5019699931144714	0.3904033899307251	0.2068098932504654	0.37857159972190857	0.17728249728679657	0.19797231256961823	0.44306811690330505	0.6538047194480896	0.4080546498298645	0.4024181663990021	1.3405497074127197	1.0943872928619385	0.6840541362762451	0.11293601989746094	0.7366386651992798	0.3298194110393524	0.1551329791545868	0.22838787734508514	0.5687658190727234	0.5300635099411011	0.5005878210067749	0.29903924465179443	0.6958937048912048	0.7301179766654968	0.49120238423347473	0.4958282709121704	0.8155059814453125	1.055263876914978	0.234009250998497	0.30061468482017517	0.30093443393707275	0.5549311637878418	0.7438027858734131	0.9613037705421448	0.45909491181373596	0.31166568398475647	0.48862671852111816	0.5498578548431396	0.5435889959335327	0.7190291285514832	0.36931076645851135	0.7531206011772156	0.486736536026001	0.5312817096710205	0.5785018801689148	0.48958295583724976	0.4781147837638855	0.8452103734016418	0.722856342792511	0.1626991629600525	0.4518958330154419	0.6782311797142029	0.3060016632080078	0.7801703214645386	0.6316207051277161	0.4977138340473175	1.0433987379074097	0.8537628650665283	0.19864141941070557	0.27439314126968384	0.4659222662448883	0.5778000354766846	0.6293294429779053	0.6529399156570435	0.6870068311691284	0.2248685508966446	0.46787023544311523	1.1684361696243286	0.1499188244342804	0.05605602264404297	0.3512986898422241	0.4932588040828705	0.4189024567604065	0.45145413279533386	1.0109586715698242	0.7779867053031921	0.7184749841690063	0.8402048349380493	0.23703086376190186	0.1843811720609665	0.45245012640953064	0.28646624088287354	0.5017874836921692	1.0179466009140015	0.6618055701255798	0.5566322803497314	0.23802173137664795	0.6225492358207703	0.11447996646165848	0.37788301706314087	0.9826812744140625	0.549288809299469	0.4300791621208191	0.35479995608329773	0.18795914947986603	0.45228156447410583	0.48190978169441223	0.34955084323883057	0.2483765184879303	0.8001028895378113	0.9016664624214172	0.2892504334449768	0.5297542810440063	0.7748535871505737	0.5691293478012085	0.9127051830291748	0.3525824546813965	0.45249366760253906	0.6383272409439087	0.8082060813903809	0.3720375895500183	0.5447540283203125	0.20148438215255737	0.21187666058540344	0.42929568886756897	0.4928160309791565	0.6322091221809387	0.34920167922973633	0.38702327013015747	0.2006683051586151	0.9957241415977478	0.47310328483581543	0.7660475373268127	0.6424136161804199	0.9781075716018677	0.4167340397834778	0.6508379578590393	0.44138938188552856	0.5655283331871033	0.5602198839187622	0.3577982187271118	0.6682112216949463	0.260151743888855	0.35036519169807434	0.8661438226699829	0.3035668432712555	0.934994101524353	0.7937526702880859	0.27507200837135315	0.7265878915786743	0.6544492840766907	0.7020633816719055	0.6528910398483276	0.3263493776321411	0.3964778184890747	0.9365655183792114	0.7617036700248718	0.1352655291557312	0.4574418067932129	0.8686934113502502	0.8528481721878052	1.2841954231262207	0.335248738527298	0.718618631362915	0.6132753491401672	0.66641765832901	0.5161559581756592	0.3250437080860138	0.42514508962631226	0.5816928744316101	0.4706919491291046	0.26020804047584534	0.9692715406417847	0.22109290957450867	0.43462643027305603	0.558090329170227	0.2924814522266388	0.3940313458442688	0.0754355937242508	0.3651357591152191	0.9458025693893433	0.34369993209838867	0.4642930030822754	0.5240750908851624	0.400400310754776	0.20214112102985382	0.521937906742096	0.22538824379444122	0.5813561081886292	0.41452643275260925	0.19196629524230957	0.6926960945129395	0.20225200057029724	0.4148802161216736	0.3075021505355835	0.2380625605583191	0.4963979721069336	0.4152718782424927	0.3181738555431366	0.23391138017177582	0.7318816184997559	0.24913468956947327	0.5883564352989197	0.44845274090766907	0.19833289086818695	0.19944939017295837	0.27453333139419556	0.5027722716331482	0.7405277490615845	0.4418395757675171	0.5846518278121948	1.2702312469482422	0.6926422715187073	0.6800504922866821	0.4160148501396179	0.09423112869262695	0.5707638263702393	1.0111408233642578	0.17704084515571594	0.4156525135040283	0.6067835092544556	0.3158397972583771	0.5151132345199585	0.35161611437797546	0.7841119170188904	0.30281534790992737	0.5091518759727478	0.3213878571987152	0.40301090478897095	0.6977939605712891	0.4607984125614166	0.17536525428295135	0.4498652517795563	0.5459245443344116	0.4311189651489258	0.8351461887359619	0.6875061392784119	0.44080060720443726	0.1259036809206009	0.4902244210243225	0.18809668719768524	0.6133564114570618	0.6660377979278564	0.24553455412387848	0.3716650605201721	0.1614459604024887	0.38651949167251587	0.4974292516708374	0.5396888256072998	0.4497721791267395	0.4673401117324829	0.4191069006919861	1.173780918121338	1.0994635820388794	0.86273193359375	0.4859650135040283	0.5170956254005432	0.5429001450538635	0.3246650695800781	0.22239211201667786	0.428701788187027	0.4878596067428589	0.3897249102592468	0.4528202414512634	0.5541869401931763	0.2843383252620697	0.20117026567459106	0.8387579917907715	0.5851203203201294	1.1724817752838135	0.6376734375953674	0.9380119442939758	0.3506540358066559	0.30941343307495117	0.3183005750179291	0.19451189041137695	0.8448709845542908	0.75850510597229	0.6622772216796875	0.6627907752990723	0.7223201990127563	0.676245927810669	0.7370163202285767	0.32952550053596497	0.2848066985607147	0.6038178205490112	0.25152552127838135	0.1315235197544098	0.42959827184677124	0.44135573506355286	0.40002793073654175	0.20790034532546997	1.2209275960922241	1.262991189956665	0.7650777101516724	0.4850594103336334	0.46773284673690796	0.3257608711719513	0.3473201096057892	0.5790036916732788	0.22418712079524994	0.6339604258537292	0.18418648838996887	0.9002429246902466	0.8033266067504883	0.6094264984130859	0.6531785726547241	0.7686028480529785	0.3101104497909546	0.17482838034629822	1.0404771566390991	0.5205980539321899	0.15813755989074707	0.8266298174858093	0.27416282892227173	0.35235071182250977	0.679131031036377	0.17715224623680115	0.5375446081161499	0.5687435269355774	0.31006327271461487	0.4937179386615753	0.5128394961357117	0.5336665511131287	0.6866837739944458	0.8797149658203125	0.266337126493454	0.17384348809719086	0.6539276838302612	0.3476957380771637	0.7077562808990479	0.5268746018409729	0.16195641458034515	0.8871263861656189	0.32751086354255676	0.3803470730781555	0.4539176821708679	1.2119874954223633	0.6005154252052307	0.6191046833992004	0.45036581158638	0.3963377773761749	0.6823632121086121	0.30073702335357666	0.3468000292778015	0.6927861571311951	0.3868345022201538	0.8389797210693359	0.857692301273346	0.5393399596214294	0.44629308581352234	0.2180793136358261	0.8399947285652161	0.33387231826782227	0.6127535700798035	0.3289532959461212	0.5413423180580139	0.4547024667263031	0.8405182361602783	0.24715673923492432	0.6717967391014099	1.2748663425445557	0.5106172561645508	0.953516960144043	1.318574070930481	0.6294991374015808	0.12185149639844894	0.8188453912734985	0.2299044132232666	0.798220694065094	0.2950506806373596	0.778502881526947	0.44877782464027405	0.36487877368927	0.7405315637588501	0.4303329288959503	0.6948824524879456	0.29313498735427856	0.7397934198379517	1.4094808101654053	0.8515588045120239	1.1896228790283203	0.8710622191429138	0.5142746567726135	0.35137227177619934	0.3596610128879547	0.27819496393203735	0.4516521692276001	0.5889979600906372	0.551527738571167	0.12200267612934113	0.48986414074897766	0.7885223031044006	0.3182467222213745	0.25984013080596924	0.17607761919498444	0.3940616548061371	0.2476198524236679	0.6453729867935181	0.13308246433734894	0.39674070477485657	0.24565844237804413	0.4850935637950897	0.17652958631515503	0.47646287083625793	0.16207371652126312	0.29616060853004456	0.546006441116333	0.49071651697158813	0.3955290615558624	0.7572857141494751	0.792320728302002	0.4064311981201172	0.6049699783325195	0.3599126935005188	0.3379363417625427	0.24705813825130463	0.553295910358429	1.0020462274551392	1.2177947759628296	0.8807668685913086	0.40215784311294556	0.7729793787002563	0.34405243396759033	0.5077241659164429	0.582949161529541	0.8942350745201111	0.9485605955123901	0.4203246831893921	1.1517977714538574	0.23655173182487488	0.46007201075553894	0.40209439396858215	0.7279847860336304	0.30688241124153137	0.8929104804992676	0.9954285621643066	0.41616886854171753	0.34785622358322144	0.9437405467033386	0.8668062686920166	0.7272316217422485	0.28030404448509216	0.5915809273719788	0.48236507177352905	0.6730513572692871	0.5681824088096619	1.0660171508789062	0.653513491153717	0.4916842579841614	0.8290725350379944	0.5508700013160706	0.43655312061309814	0.5133230686187744	0.29203882813453674	0.3513202965259552	0.30813127756118774	0.4183225929737091	0.46280637383461	0.5541596412658691	0.546015739440918	0.8396819233894348	0.4767425060272217	0.5167289972305298	0.7990177869796753	0.5226399898529053	0.23719975352287292	0.41850489377975464	0.610596776008606	0.34726935625076294	0.6233901977539062	0.2784804403781891	0.673887312412262	0.27972641587257385	0.9403266310691833	0.48331987857818604	0.417833536863327	0.7187194228172302	0.7423096299171448	0.3913559913635254	0.7713179588317871	0.6595007181167603	0.308280348777771	0.31828391551971436	1.2260397672653198	0.8281422853469849	0.38219115138053894	0.5865985155105591	0.9162258505821228	0.47539249062538147	0.6268119812011719	0.19252163171768188	0.12669028341770172	0.43367016315460205	0.1727827787399292	0.6622288823127747	0.4866553544998169	0.29398399591445923	0.32911771535873413	1.0221866369247437	0.7423403263092041	0.8508523106575012	0.092816561460495	0.3524681329727173	0.6838573217391968	0.3403528332710266	0.2454054206609726	0.31194043159484863	0.28289735317230225	0.851394534111023	1.1048252582550049	0.5373806357383728	0.3430372178554535	0.535091757774353	0.429168164730072	1.2152879238128662	0.391990602016449	0.3062847852706909	0.45349130034446716	0.4399166703224182	0.6053264737129211	0.7832838892936707	0.5846135020256042	1.1533489227294922	0.41439390182495117	0.31433868408203125	0.4239638149738312	0.2882920801639557	0.3185860812664032	0.25843560695648193	0.5769891142845154	0.5118764638900757	0.8799885511398315	0.5332990288734436	0.3658066987991333	0.466912180185318	0.5698499083518982	0.33984875679016113	0.09727509319782257	0.5846747159957886	0.6819879412651062	0.8533026576042175	0.34613677859306335	0.6940320730209351	0.5588692426681519	0.318607896566391	0.33054259419441223	0.28729236125946045	0.19260752201080322	0.6400498151779175	0.5233760476112366	0.372862309217453	0.5379419326782227	0.2374066412448883	0.23538945615291595	0.9964919090270996	0.606440544128418	0.5145692229270935	0.3608856201171875	0.5782976746559143	0.6133158206939697	0.3061274290084839	0.12905186414718628	0.48899245262145996	0.8909826278686523	0.5329747796058655	0.6862320303916931	0.4985256493091583	0.2646331191062927	0.2861245274543762	0.2755998373031616	0.9067312479019165	0.3133804202079773	0.5659132599830627	1.7130305767059326	0.9926931858062744	0.3648855686187744	0.18205037713050842	0.33338773250579834	0.5143967270851135	0.13001704216003418	0.31733438372612	0.47767069935798645	1.0350921154022217	0.5699264407157898	0.651766300201416	0.45884740352630615	0.4665101170539856	0.2690734267234802	0.3784586787223816	0.6279118657112122	0.190131276845932	0.7779902815818787	0.5457512140274048	0.44315576553344727	0.4135432541370392	0.15994100272655487	0.4224333167076111	0.38156598806381226	0.45265668630599976	0.4550826847553253	0.3916166126728058	0.16032707691192627	0.4627758860588074	0.605289101600647	0.3187968134880066	0.585350513458252	0.7225257158279419	0.6554072499275208	0.9414433240890503	0.721492350101471	0.6754856705665588	0.5814857482910156	0.2634831368923187	0.3127286732196808	0.6831741333007812	0.5385095477104187	0.6598799824714661	0.7940919995307922	0.7024933099746704	0.7681242227554321	0.3845623731613159	0.19525574147701263	0.7262681126594543	1.2575567960739136	0.28501611948013306	0.23827101290225983	0.34777528047561646	0.38818418979644775	0.8632038235664368	0.4357565939426422	0.5768921375274658	0.475909560918808	0.39006826281547546	0.8792933225631714	0.7938279509544373	0.553306519985199	0.1010109931230545	0.8556493520736694	0.7306070327758789	0.483267217874527	0.27737513184547424	1.0949448347091675	0.9320791959762573	0.2701388895511627	0.6312074065208435	0.4115612804889679	0.9165394306182861	0.7780384421348572	0.35826870799064636	0.47201091051101685	0.48849061131477356	1.8435219526290894	0.475434809923172	0.41869884729385376	1.226015329360962	0.6080716848373413	0.5661473274230957	0.5730931758880615	0.4385341703891754	0.6716824769973755	1.3395754098892212	0.6114997863769531	0.294650137424469	0.8815285563468933	1.0342669486999512	0.31980738043785095	0.7722066640853882	0.9686806797981262	0.4686940908432007	0.5929341912269592	0.7387621402740479	0.5761185884475708	0.230312779545784	0.9374019503593445	0.7453412413597107	0.4491880536079407	0.3609670102596283	0.3507256805896759	0.8228793740272522	1.4697113037109375	0.21007852256298065	0.2936999797821045	0.1518714278936386	0.30600857734680176	0.38893380761146545	0.7322404980659485	0.28852903842926025	0.4347776770591736	0.5516381859779358	0.378620445728302	0.48209047317504883	0.36347660422325134	0.4995974898338318	0.2438122034072876	0.5818063020706177	0.7785109877586365	0.5739330053329468	0.5725898146629333	0.7172824144363403	0.377176433801651	0.459145188331604	0.6339998245239258	1.0918786525726318	0.37180376052856445	0.928896963596344	0.7079359292984009	0.30143916606903076	0.5100658535957336	1.0012108087539673	0.8086187243461609	0.5903838872909546	1.3936550617218018	0.6877810955047607	0.13806092739105225	0.26817381381988525	0.3184404969215393	0.3614482879638672	0.5006325840950012	0.5906818509101868	0.4640626907348633	0.584463894367218	0.35168370604515076	0.4489521086215973	0.3791891932487488	0.3518011271953583	0.714594304561615	0.5523316264152527	0.18956497311592102	0.2684628963470459	0.688066840171814	0.6358727812767029	0.4154427647590637	0.4460309147834778	0.11145056784152985	0.4966716468334198	0.4982648491859436	0.5316855907440186	0.40520113706588745	0.24869944155216217	0.6614961624145508	0.5079506635665894	0.4387872517108917	0.9411711096763611	1.2616461515426636	0.391975998878479	0.3478192687034607	0.8257585763931274	1.5010937452316284	0.3880499005317688	0.38278138637542725	0.5265004634857178	0.5643100738525391	0.5178084373474121	0.6905198097229004	0.39956164360046387	0.6554328203201294	0.8749929666519165	0.7089749574661255	0.4986099302768707	0.4797438085079193	0.8376021981239319	0.46979716420173645	0.9143661260604858	0.3158695697784424	0.3013063967227936	0.6071422100067139	0.37088268995285034	0.7585617899894714	1.0503356456756592	1.520790934562683	0.30349841713905334	0.44326481223106384	1.0665717124938965	0.44283944368362427	0.7085317373275757	0.6531020998954773	0.619330883026123	0.6738901734352112	0.4408852756023407	0.2575751841068268	0.316991925239563	0.21562603116035461	0.941758930683136	0.5616815090179443	0.46763014793395996	0.5656294822692871	0.32246166467666626	0.5169374346733093	0.3692963421344757	0.08069544285535812	0.6379193067550659	0.9380754828453064	0.10164806991815567	0.9947349429130554	0.28002527356147766	0.3138718903064728	0.10259538888931274	0.28960075974464417	0.09934942424297333	0.42218348383903503	0.6066280603408813	0.6097350120544434	0.5564186573028564	0.7849067449569702	0.8307998180389404	0.6471251249313354	0.7934110164642334	0.4866720736026764	0.6753022074699402	0.5069620013237	0.996646523475647	0.4998486042022705	0.5632784366607666	0.6867637634277344	0.3445003628730774	0.4797581434249878	0.5146111249923706	0.4025017321109772	0.7498431205749512	0.9537505507469177	0.9103195667266846	0.45658543705940247	0.6176475882530212	0.8455345630645752	0.20932826399803162	0.4685865044593811	0.9346041679382324	0.34599635004997253	0.6437092423439026	0.4355281889438629	0.5935913920402527	0.9781494140625	0.21758773922920227	0.5602825880050659	0.4005820155143738	0.4805253744125366	0.28649234771728516	0.32355478405952454	0.34747618436813354	0.531359076499939	0.2560952305793762	0.41031306982040405	0.40954655408859253	0.7231996059417725	0.33582061529159546	0.3063960373401642	0.47011688351631165	0.3365367650985718	0.6371160745620728	0.6244534850120544	0.28073495626449585	0.7499111890792847	0.3932932913303375	0.42963454127311707	0.3941531777381897	0.5443332195281982	0.3891102969646454	0.980557918548584	0.49029842019081116	0.5600905418395996	1.0798523426055908	0.4230245053768158	0.26322799921035767	0.5464826822280884	0.5767313241958618	0.4852111339569092	0.2932712137699127	0.2174159288406372	0.6301940679550171	0.8959017395973206	0.9324420094490051	1.0341987609863281	0.43815889954566956	0.6865527629852295	0.4519682228565216	0.799153208732605	0.861535906791687	0.7795233130455017	0.6015351414680481	0.3622184097766876	1.0051201581954956	0.5759766697883606	0.41657015681266785	0.7572906613349915	0.49604034423828125	0.17292313277721405	0.35468125343322754	0.5531205534934998	0.6437796950340271	0.29872459173202515	0.18256855010986328	0.4761548638343811	0.17687471210956573	0.6632923483848572	0.491868257522583	0.5287663340568542	0.7680405974388123	0.41334080696105957	1.0383762121200562	0.4270271360874176	0.2840631604194641	0.10038960725069046	0.4184614419937134	0.30626246333122253	0.21338076889514923	0.5080697536468506	0.25005772709846497	0.35379090905189514	0.4570349454879761	0.3106788992881775	0.7776698470115662	0.9460588693618774	0.1687776893377304	0.5214903950691223	0.16608698666095734	0.3672192394733429	0.4165550470352173	0.1490168273448944	0.9524649381637573	0.4526434540748596	0.3841213285923004	0.654613196849823	1.3716846704483032	0.764428436756134	0.42303353548049927	0.7341397404670715	0.5844578742980957	0.3352474868297577	0.3094507157802582	0.4212871193885803	0.5986337661743164	0.1380065232515335	0.5389089584350586	0.10503058135509491	0.7713741660118103	0.4105740785598755	0.5054824352264404	0.3661106824874878	0.36522376537323	1.0260465145111084	0.4313545525074005	0.5881459712982178	0.33799755573272705	0.4752926826477051	0.2836574912071228	0.4529217481613159	0.11096080392599106	0.2853739857673645	0.7033981084823608	0.890351414680481	0.18112215399742126	0.27926382422447205	0.7031500339508057	0.44210243225097656	1.0462276935577393	0.679527997970581	0.31997811794281006	0.8619654774665833	0.6990789175033569	1.1425855159759521	0.5706042647361755	0.27862197160720825	1.0563033819198608	0.5345109701156616	0.35606616735458374	0.5793187618255615	0.32001394033432007	0.43098536133766174	0.28709661960601807	0.3092852532863617	0.8306081295013428	0.3141328990459442	0.5959451794624329	0.5865781307220459	0.4207931458950043	0.7630118131637573	0.5206296443939209	0.3413812518119812	0.6147697567939758	0.49945268034935	0.7237859964370728	0.7475399374961853	0.4166829288005829	0.7715370059013367	0.22362957894802094	0.748668372631073	0.5994364619255066	0.33204537630081177	0.46063926815986633	0.3463160991668701	0.9145767688751221	0.623317539691925	0.3056448996067047	0.298340380191803	0.32180267572402954	0.4231424331665039	0.4857140779495239	0.4947003722190857	0.22641311585903168	0.15092146396636963	0.6472126245498657	0.38081371784210205	0.6837924122810364	0.23760348558425903	0.4169721305370331	0.34897977113723755	0.19364435970783234	0.2386614829301834	0.772852897644043	0.8578659296035767	0.2422093152999878	1.161641001701355	0.6540884971618652	0.33353614807128906	0.334402859210968	0.33576375246047974	0.4718370735645294	0.15049336850643158	0.4083445072174072	0.2267591506242752	0.22735626995563507	1.0374398231506348	0.8584792613983154	0.680203378200531	0.6768018007278442	0.4954051077365875	0.736160159111023	0.7474690079689026	0.46020346879959106	0.882209062576294	0.4969119131565094	0.3105822205543518	0.6553277969360352	0.5067212581634521	0.6214834451675415	0.6146944761276245	0.47935253381729126	0.20711450278759003	0.5779978036880493	0.40351662039756775	0.7068911790847778	0.623572587966919	0.7472062706947327	0.392348051071167	0.29254457354545593	0.12797404825687408	1.1357181072235107	0.33647775650024414	0.33608880639076233	1.5412051677703857	0.22424349188804626	0.5140359401702881	0.430202841758728	0.7811842560768127	0.22510766983032227	0.21477504074573517	0.5961786508560181	0.9666683673858643	0.36940720677375793	1.102059006690979	0.3422602415084839	0.7321411967277527	1.0172568559646606	0.8099154829978943	1.8525681495666504	0.7809881567955017	0.6109880208969116	0.48234987258911133	0.37702831625938416	0.3045896291732788	0.4954042434692383	0.4831542372703552	0.667226254940033	0.41747456789016724	0.43683841824531555	0.2103344202041626	0.700912356376648	0.28134778141975403	0.5765305161476135	0.6249958872795105	0.6147302389144897	0.275619238615036	0.6648819446563721	0.32544898986816406	0.40308454632759094	0.3371851146221161	0.14511121809482574	0.4067065715789795	0.9238835573196411	1.3752161264419556	1.2278976440429688	0.2244081348180771	0.5821670293807983	0.5591980218887329	1.075068712234497	0.5265214443206787	1.0133774280548096	0.3230130076408386	0.8888256549835205	0.418068528175354	0.6499173641204834	0.19522447884082794	0.034687310457229614	0.6402589678764343	0.6227594017982483	0.9878740906715393	0.24520383775234222	0.561976969242096	0.41974368691444397	0.8919107913970947	0.5505165457725525	0.7526282668113708	0.6433430910110474	0.635996401309967	0.3002605140209198	0.7264577746391296	0.11580308526754379	1.4196068048477173	0.8700460195541382	0.3833718001842499	0.37302345037460327	0.5770167112350464	0.7514026165008545	0.9926953911781311	0.4188864231109619	0.7817463874816895	0.5435629487037659	0.7712703347206116	0.6166616678237915	0.5885336995124817	0.4649481177330017	0.7984438538551331	0.3469264805316925	0.37254416942596436	0.7181739211082458	0.32642823457717896	0.6323517560958862	0.8542865514755249	0.690189778804779	0.6948631405830383	0.7623088955879211	0.3709416389465332	0.3355009853839874	0.43428629636764526	0.33359968662261963	0.6202530264854431	0.3047756850719452	0.5625814199447632	0.30733782052993774	0.14473530650138855	0.32797181606292725	0.5135097503662109	0.09719094634056091	1.1652265787124634	0.5855079889297485	0.7819713950157166	0.8213666677474976	0.5034428834915161	0.46844932436943054	0.8114385604858398	0.44055643677711487	0.35018664598464966	0.9758411645889282	0.5715252161026001	0.43934693932533264	0.4310062825679779	0.39995455741882324	0.9556604027748108	0.6469799280166626	0.8104341626167297	0.36462557315826416	0.3470771312713623	0.608137309551239	0.8428791761398315	0.38968902826309204	0.3905908763408661	0.5819416642189026	0.4007473886013031	0.4053734242916107	0.2664797008037567	0.5647532343864441	0.30793026089668274	0.2923056483268738	0.97004634141922	0.8376116156578064	0.42619192600250244	0.46605777740478516	0.4751080572605133	0.9692692756652832	0.4588072597980499	1.0698777437210083	1.058027982711792	0.4566236436367035	0.2780572772026062	0.526665210723877	0.43489745259284973	0.4260995090007782	0.11318279802799225	0.4253588020801544	0.5879949331283569	0.5371494889259338	0.6482200622558594	0.3006097674369812	0.9918525218963623	0.26083680987358093	0.5208584070205688	0.951850414276123	0.2477196902036667	0.39697176218032837	0.43642792105674744	0.31654301285743713	0.5088208913803101	0.2732974886894226	0.2495342642068863	0.5993995070457458	0.6804107427597046	1.186274766921997	0.31799694895744324	0.8167880177497864	0.2900756895542145	0.48828667402267456	0.5285979509353638	0.651473343372345	0.03591032698750496	0.861259400844574	0.6526129841804504	0.7036714553833008	0.4106775224208832	0.4881175756454468	0.5068017244338989	0.4133126735687256	0.48340415954589844	0.33148273825645447	1.3168680667877197	0.7685522437095642	0.1064879447221756	0.6591406464576721	0.18083828687667847	0.26783517003059387	0.7272065281867981	0.539004921913147	0.6234803795814514	0.5871827602386475	0.3308751583099365	0.07506917417049408	0.38299280405044556	0.7540953755378723	1.1987121105194092	1.2241969108581543	0.13361205160617828	0.4210596978664398	0.25488051772117615	0.8063151240348816	0.4599180519580841	0.7289975881576538	0.34769177436828613	0.35197731852531433	0.7435629963874817	0.3018103241920471	0.3803260922431946	0.407253235578537	0.6941240429878235	0.4744163155555725	0.8078410625457764	0.5314749479293823	0.34299200773239136	1.2775136232376099	0.3903355896472931	0.5610875487327576	0.6101894378662109	0.42341506481170654	0.5667842030525208	0.8259012699127197	0.2539824843406677	0.8499706387519836	0.5528119206428528	0.996260941028595	1.0071278810501099	0.3911781907081604	0.8341729640960693	0.4014187753200531	0.25107890367507935	0.5838821530342102	0.2422437220811844	1.1620159149169922	0.29253602027893066	0.35218021273612976	0.3928803503513336	0.572714626789093	0.7319870591163635	0.2714839577674866	0.7727169394493103	0.25173419713974	0.5165651440620422	0.37688493728637695	0.9458298683166504	0.3548395335674286	0.4648294150829315	0.45272621512413025	0.4937649965286255	1.402703046798706	1.125301480293274	0.6167423725128174	1.0382871627807617	0.2605307996273041	0.39389127492904663	0.49592721462249756	0.2208007276058197
0.5905712842941284	0.5220661759376526	0.7837430834770203	1.4802457094192505	0.006296915467828512	0.11070168018341064	0.07004635035991669	0.47371354699134827	0.9283525943756104	0.32564693689346313	0.6113972663879395	0.8834041357040405	0.5168817043304443	0.35570552945137024	0.10042763501405716	0.5883815884590149	1.0132629871368408	0.06524360179901123	0.7810101509094238	0.38633665442466736	0.37714171409606934	0.2968391180038452	0.25842177867889404	0.1168546974658966	0.52569979429245	0.2807055711746216	0.5464818477630615	0.723771333694458	0.5971161127090454	0.654187023639679	1.228103756904602	0.40575772523880005	0.10719211399555206	0.7586488723754883	0.4583100378513336	0.2322889268398285	0.4142038822174072	0.3852326571941376	0.205411896109581	0.06614355742931366	0.5712015628814697	0.1923413872718811	0.3827904164791107	0.611366331577301	0.2477898895740509	0.7286408543586731	0.26149117946624756	1.230114221572876	0.7713707685470581	0.9167773723602295	0.11904150247573853	0.4097355008125305	0.17907202243804932	0.4917350709438324	0.5465282797813416	0.2368810921907425	1.0128605365753174	1.1826655864715576	0.219691663980484	0.5355703830718994	0.29031550884246826	1.2618582248687744	0.8510754704475403	0.39328184723854065	0.5403040051460266	0.5052652955055237	1.088634967803955	0.6077706813812256	0.12303705513477325	1.0910353660583496	0.43676772713661194	0.267854779958725	0.9818007349967957	1.2918933629989624	0.40194040536880493	0.5145784020423889	0.9430360794067383	0.5785514116287231	1.0128209590911865	1.2436665296554565	1.0680878162384033	0.2704330086708069	0.5290161967277527	0.27084821462631226	0.9155433773994446	0.41129070520401	0.5113041400909424	0.7469816207885742	0.31596171855926514	0.337421715259552	0.1386612057685852	0.7735279202461243	0.3046647310256958	0.8005472421646118	0.35977253317832947	1.0343828201293945	0.3125496804714203	0.35930150747299194	0.37545835971832275	0.6433597803115845	0.9277896881103516	0.9720338582992554	0.4953095316886902	0.6596382856369019	0.5971823334693909	0.8218640089035034	0.306819885969162	0.991716742515564	0.39964085817337036	0.48525649309158325	0.4227108657360077	1.3314580917358398	1.1913785934448242	0.6322497725486755	0.750886857509613	0.4274168908596039	0.6202197670936584	0.005419541150331497	1.3583953380584717	0.22926566004753113	0.9678077697753906	0.4199088215827942	0.9036491513252258	0.9852074980735779	1.0645157098770142	0.5357136726379395	0.18837407231330872	0.747957706451416	0.5605664849281311	0.7235881090164185	0.5511357188224792	0.9972653388977051	0.21038058400154114	0.3275666832923889	0.1896241307258606	0.37609192728996277	0.5318343639373779	0.7315840721130371	0.7510402798652649	0.26007646322250366	0.2914055585861206	0.4909678101539612	0.0	0.4805676341056824	0.7474309802055359	0.15426118671894073	0.6719079613685608	0.1554352194070816	0.0	0.6107586026191711	0.6139562129974365	0.4302835762500763	0.889142632484436	0.5852962732315063	0.24096167087554932	0.5120076537132263	0.29605811834335327	0.0	0.2035926729440689	0.4280064105987549	0.7830162644386292	0.5484699606895447	0.675020694732666	0.4833970069885254	0.3379945456981659	0.8943583369255066	0.9745878577232361	0.42472702264785767	0.03894557058811188	0.051362570375204086	0.519817054271698	0.3558979034423828	0.3286161720752716	0.49558472633361816	0.3856135308742523	0.3807351589202881	0.6293505430221558	0.9602348804473877	0.8009417057037354	0.3584394156932831	0.7558802366256714	0.2603756785392761	0.6726235151290894	1.0770334005355835	0.6339007019996643	0.21680313348770142	0.5549659729003906	0.16485296189785004	0.9388952851295471	0.3671438992023468	0.3089035153388977	0.23706382513046265	0.6594611406326294	0.5819129347801208	0.35712525248527527	1.2795460224151611	0.022130759432911873	0.09919127076864243	0.01357871014624834	0.2713454067707062	0.6214953064918518	0.07928700745105743	0.08268062770366669	0.27197396755218506	1.1618596315383911	0.4098320007324219	0.4902048707008362	1.1178765296936035	0.03611990436911583	0.226467102766037	0.056305378675460815	0.41608643531799316	0.47811010479927063	1.0875563621520996	0.6125363707542419	0.4049016237258911	0.9191362857818604	0.6474273204803467	0.3528244197368622	0.07107726484537125	0.5655106902122498	0.21416202187538147	0.6857002377510071	0.09958228468894958	0.5400210618972778	0.5490550398826599	0.3878140151500702	0.29001256823539734	0.41301411390304565	0.7349238991737366	0.15176284313201904	0.5656837821006775	0.21342653036117554	0.12877853214740753	0.6634750962257385	0.7113328576087952	0.3512120246887207	0.13181298971176147	0.044610779732465744	0.08964337408542633	0.6472858786582947	0.5201640129089355	0.14334405958652496	0.25436198711395264	0.27762100100517273	1.1680035591125488	0.943494439125061	0.8635436296463013	0.13184961676597595	0.5031819939613342	0.5440406203269958	0.29895347356796265	1.0614445209503174	0.07835749536752701	0.20968587696552277	0.8138546347618103	1.0292365550994873	1.1075602769851685	0.11626780033111572	0.3710038363933563	1.5273510217666626	0.506316065788269	0.47419342398643494	0.4148491621017456	0.034495096653699875	0.4329327940940857	0.8283282518386841	0.20036573708057404	0.24870459735393524	0.21077248454093933	0.7277215719223022	0.7396361827850342	0.0	0.5773192048072815	0.7809051871299744	0.4285820722579956	0.7500001192092896	1.1532306671142578	0.40823259949684143	0.2304069697856903	0.6826668381690979	0.9799732565879822	0.5166232585906982	0.15763887763023376	0.9926913380622864	1.0936304330825806	0.2582942247390747	0.43938639760017395	1.0155037641525269	0.8638142943382263	0.8985452651977539	0.4840020537376404	0.3723710775375366	0.6558568477630615	0.2314026653766632	0.09482726454734802	1.2911962270736694	0.4474841058254242	0.5606749653816223	0.1886671483516693	0.00014450642629526556	0.21762289106845856	0.15050813555717468	0.8017154335975647	1.0243974924087524	0.2862766683101654	1.179894208908081	0.04809889569878578	0.22586867213249207	0.5316582322120667	0.1865307241678238	0.4505826532840729	0.6135588884353638	1.0883009433746338	0.7498415112495422	0.023061268031597137	0.3159944415092468	0.27404695749282837	0.18261614441871643	0.21735556423664093	0.42263472080230713	0.40504923462867737	0.12548449635505676	0.17766377329826355	0.6008517146110535	0.7201958894729614	0.5219489932060242	1.0225967168807983	0.776727020740509	0.18265169858932495	0.8790713548660278	0.29682618379592896	0.2548685073852539	0.3974408209323883	0.40270084142684937	0.9588698744773865	0.3305289149284363	0.086704783141613	0.6937519311904907	0.21862393617630005	0.20301766693592072	0.7237627506256104	0.40210071206092834	0.7138327956199646	0.5112674832344055	0.10794737935066223	0.9823293089866638	0.4850309491157532	0.1974552422761917	0.33939966559410095	0.7017257213592529	1.0167917013168335	0.4965722858905792	0.498760461807251	0.8427698016166687	0.461357057094574	0.6218910813331604	0.34562501311302185	0.3161369860172272	0.7535275220870972	0.1222015842795372	0.768584668636322	0.6321443319320679	0.5121414065361023	0.41982579231262207	0.18825456500053406	0.8919650912284851	0.9363300800323486	0.7211593389511108	0.26028698682785034	0.30802735686302185	0.42279958724975586	0.6779270172119141	0.7459821701049805	0.5905233025550842	0.36155614256858826	0.14209459722042084	0.3870640993118286	0.011318478733301163	0.7571482062339783	0.22418424487113953	0.6232026815414429	0.9388383626937866	0.3031335473060608	0.4573900103569031	0.38737648725509644	0.8474589586257935	0.48091068863868713	0.013454537838697433	0.21207351982593536	0.5701761841773987	0.504899799823761	0.08152051270008087	0.07786733657121658	0.9601893424987793	0.2632526755332947	0.4375970959663391	0.4554867744445801	0.49132153391838074	0.588858962059021	0.49950897693634033	0.5842684507369995	0.445873498916626	0.5288838148117065	0.13270977139472961	0.6037485599517822	0.89845210313797	0.21527768671512604	0.18165668845176697	0.2185051441192627	0.18790322542190552	0.010877862572669983	0.912340521812439	0.2949399948120117	0.43769362568855286	0.7493352890014648	0.6544137001037598	1.1378090381622314	0.9574381709098816	0.0918232649564743	0.4289059042930603	0.9112941026687622	0.6863085031509399	0.29673442244529724	0.646142840385437	0.14332474768161774	0.7602812051773071	0.958349883556366	0.4045672118663788	0.9229163527488708	1.0624300241470337	1.0181721448898315	0.7017823457717896	0.41695624589920044	0.6642995476722717	0.37712544202804565	0.3777444660663605	0.36042189598083496	0.6519239544868469	0.6520788073539734	0.706409215927124	0.8264086246490479	1.443748950958252	0.5733078122138977	0.361707866191864	0.4225841462612152	0.0	0.8742101192474365	0.3128196597099304	0.47975024580955505	0.5524813532829285	0.3850899338722229	0.04871676489710808	0.5929187536239624	0.3737637996673584	0.3330804705619812	0.0	0.5310445427894592	0.036216605454683304	1.009781837463379	0.28727489709854126	0.5048576593399048	0.39074039459228516	1.1875932216644287	0.8410005569458008	0.1895400881767273	0.8982428312301636	0.4590441584587097	0.019383849576115608	0.19794121384620667	0.8541385531425476	0.43640175461769104	0.5449997186660767	0.6284816265106201	0.2696538269519806	0.3576955795288086	0.805193305015564	1.1791715621948242	0.28364676237106323	0.26792898774147034	0.6017569899559021	0.26191505789756775	1.35416579246521	1.342659831047058	0.0	1.1517674922943115	0.5921748876571655	1.1845630407333374	0.715244472026825	0.5265634655952454	0.41580304503440857	0.5700759291648865	1.0799424648284912	0.518279492855072	0.618910551071167	0.2991494834423065	0.7707354426383972	0.5932810306549072	0.2231336236000061	0.5399625301361084	0.14372661709785461	0.5668172836303711	0.0	0.5479310750961304	0.48582905530929565	0.22213318943977356	1.0703644752502441	0.229620099067688	0.5041840076446533	0.30869948863983154	0.28401920199394226	0.3415992856025696	0.28230005502700806	0.677166223526001	0.4785190224647522	0.34208908677101135	0.19632866978645325	0.692558228969574	0.43252548575401306	0.909825325012207	0.3671506941318512	1.2798162698745728	0.33931005001068115	0.028299637138843536	0.2869160771369934	0.5147700905799866	0.06193963810801506	0.8928465843200684	0.04896194487810135	0.17026633024215698	0.7031925320625305	0.25988757610321045	0.7650957107543945	0.893490731716156	0.3353594243526459	0.3262282907962799	0.6524162888526917	0.9761891961097717	0.4365571141242981	0.20995180308818817	0.17415262758731842	0.9771826267242432	0.7833375930786133	0.17767657339572906	0.4461836814880371	0.7747482657432556	0.6927263736724854	0.3176565170288086	0.039241112768650055	0.09638257324695587	0.7367755174636841	0.5487645864486694	0.3799504041671753	0.23200738430023193	0.8116742968559265	0.21752707660198212	0.44659313559532166	1.0256024599075317	0.571894645690918	0.4251830577850342	0.43230563402175903	0.536294162273407	0.5110043883323669	0.16206498444080353	0.6185161471366882	0.3115624785423279	0.5582749843597412	0.20066484808921814	0.37665221095085144	0.3170226216316223	0.0	1.3208060264587402	0.7847211360931396	0.4157189726829529	0.7768625020980835	0.5809632539749146	0.09244441986083984	0.2903856635093689	0.26194244623184204	0.5185525417327881	0.7824695110321045	0.7531150579452515	0.5795230865478516	0.6497074365615845	0.22345882654190063	0.5776680111885071	0.17496681213378906	0.6501858234405518	0.15314987301826477	0.2540559768676758	0.695778489112854	0.9055236577987671	1.0161601305007935	0.10520666837692261	0.8584115505218506	0.05606965720653534	0.6147429943084717	0.5659780502319336	0.302812784910202	0.4813469350337982	0.16478712856769562	1.5880725383758545	0.5905315279960632	0.7850480079650879	0.7975211143493652	1.191917061805725	0.08603263646364212	0.5310907363891602	1.0290169715881348	0.3476523756980896	0.13657279312610626	0.37061232328414917	0.8405778408050537	0.010224706493318081	0.7110128402709961	0.7077289819717407	0.15396347641944885	0.22221800684928894	0.6710866093635559	0.20799273252487183	0.2700273394584656	0.4626177251338959	0.5192791223526001	0.8175123333930969	0.2866017818450928	0.19599981606006622	1.063422441482544	1.0797772407531738	0.27024322748184204	0.5852416753768921	0.4134652018547058	0.21192356944084167	0.2044069766998291	1.0721646547317505	0.07399766147136688	0.37525203824043274	1.279462218284607	0.738720715045929	0.0906408503651619	0.31534475088119507	0.8101991415023804	0.33682727813720703	0.45673584938049316	0.3270314037799835	1.0135083198547363	0.3221897482872009	0.3647465705871582	0.7087439298629761	0.8216108679771423	1.6442890167236328	0.6920119524002075	0.808614194393158	0.3779537081718445	0.30838829278945923	0.29979971051216125	0.374453067779541	0.24037133157253265	0.20803722739219666	0.40168705582618713	0.5364426970481873	0.608308732509613	0.7772477865219116	0.6717069149017334	0.8032663464546204	0.38701751828193665	0.7961413860321045	0.6289934515953064	0.8965323567390442	0.08743420243263245	0.36613237857818604	0.5752017498016357	0.6561518311500549	0.20625600218772888	0.9266594648361206	0.5099102258682251	0.0070037394762039185	1.5384947061538696	0.1603490561246872	0.8246837258338928	0.29387223720550537	0.3210119605064392	0.5500519871711731	0.7729610204696655	0.4523313343524933	0.20080363750457764	0.5037027597427368	1.0158414840698242	1.0193531513214111	1.212226390838623	0.4560348391532898	0.229353129863739	0.7042276859283447	1.1412646770477295	0.5227830410003662	0.2847886085510254	0.315976083278656	0.6079686880111694	0.4092694818973541	0.3401162326335907	0.8216457366943359	0.44780778884887695	0.49556851387023926	0.7458167672157288	0.40069180727005005	0.39278241991996765	0.2847476005554199	0.024830440059304237	0.6387343406677246	0.4858996272087097	1.0059692859649658	0.041398704051971436	0.7870610356330872	0.4537411332130432	0.8072099089622498	0.25546208024024963	0.7039915323257446	1.3529891967773438	0.9755988121032715	0.46491095423698425	0.6915107369422913	0.5567036271095276	0.7361111640930176	0.9024957418441772	0.5496030449867249	0.5429037809371948	0.23913529515266418	0.7195971608161926	1.3056108951568604	0.9499108195304871	0.46939197182655334	0.5154747366905212	0.10278812795877457	0.47998467087745667	0.7850577235221863	0.7508081197738647	0.3126702606678009	0.33013078570365906	0.0069226548075675964	0.31889981031417847	0.3014805316925049	0.44746822118759155	0.7167901992797852	0.5573878884315491	0.24237985908985138	0.18270181119441986	0.6139444708824158	0.4509158134460449	0.6317647099494934	0.7846033573150635	1.117428183555603	0.8482750058174133	0.22415882349014282	0.5320280194282532	0.13148507475852966	0.3160724341869354	0.14522811770439148	0.33963027596473694	0.4588048756122589	0.2137809693813324	0.8968755602836609	0.3087118864059448	0.30216220021247864	0.22132043540477753	0.7997057437896729	0.1805097609758377	0.33714455366134644	0.817098081111908	0.4661339819431305	0.30538779497146606	0.4391328692436218	0.4092874825000763	0.06976273655891418	0.6861496567726135	0.2847602367401123	0.4693404734134674	1.4704986810684204	1.1061762571334839	0.2266194224357605	0.12669532001018524	0.4207703471183777	0.8322247266769409	0.6281595230102539	0.4550447463989258	0.5714877843856812	0.6807783842086792	0.7594050168991089	0.36303597688674927	0.33278629183769226	0.6232349872589111	0.6430772542953491	0.041864484548568726	0.49024367332458496	0.5124757289886475	0.5022276639938354	0.46021825075149536	0.30919694900512695	1.2731881141662598	0.7235680818557739	0.2591104507446289	0.1437307894229889	0.694249153137207	0.5912227630615234	0.09181144833564758	0.9353843331336975	0.696590006351471	0.9795034527778625	1.0723767280578613	0.2628200650215149	0.07162688672542572	0.19194509088993073	0.9174658060073853	0.6546574234962463	0.5264723300933838	0.43677622079849243	0.5033178329467773	0.3432367444038391	0.9705060720443726	0.16177785396575928	0.036673709750175476	0.29978668689727783	0.5323671102523804	0.4066982865333557	0.37369871139526367	1.1842758655548096	0.46157872676849365	0.42646902799606323	0.5884007215499878	0.3824050724506378	0.0	0.23054496943950653	0.4167117476463318	0.32244202494621277	1.1707327365875244	0.5294365286827087	0.42788198590278625	0.22711999714374542	0.7803475260734558	0.5091103315353394	0.6708853244781494	0.6762958765029907	0.34497109055519104	0.4176536798477173	0.3321608006954193	0.2196751832962036	0.1969689428806305	0.9121960401535034	0.2496539205312729	0.29924994707107544	0.6834943890571594	0.8652048707008362	0.46850526332855225	0.5071171522140503	0.5896827578544617	0.441427618265152	0.6703460812568665	0.31857478618621826	0.43403351306915283	0.939149022102356	0.5612607598304749	0.2087310254573822	0.3143083155155182	0.2813555896282196	0.23213252425193787	1.1010843515396118	0.8025318384170532	0.363962322473526	0.7595734596252441	0.44186821579933167	0.41555652022361755	0.4364294111728668	0.623508870601654	0.7945460677146912	0.7241901159286499	0.9011897444725037	0.9599921107292175	0.44588497281074524	0.6915392279624939	0.41373252868652344	0.2823764383792877	0.29822537302970886	0.42455559968948364	0.3389330506324768	0.20326346158981323	1.2682862281799316	0.5147385597229004	0.9882338643074036	0.6371089220046997	0.2208390235900879	0.4773334860801697	0.35058775544166565	0.5786232948303223	0.5030256509780884	0.08360491693019867	0.38832399249076843	0.21203301846981049	0.7965730428695679	0.14218692481517792	0.6216966509819031	0.42786651849746704	0.7175215482711792	1.3458092212677002	0.465695858001709	1.7901833057403564	0.7344090938568115	0.6066955327987671	0.22331349551677704	0.4863969385623932	0.9095196723937988	0.6743268370628357	0.3324849605560303	0.026235051453113556	0.55201256275177	0.26082879304885864	0.7173812389373779	1.1020890474319458	0.32643985748291016	0.6193168759346008	0.09358146041631699	0.46393758058547974	0.6189533472061157	0.29117193818092346	0.05334153398871422	0.08625485748052597	0.1695644110441208	0.5312542915344238	0.47964727878570557	0.5671805739402771	0.8082228302955627	0.4256327152252197	0.8831074833869934	0.7372217774391174	0.0023507876321673393	0.3998464047908783	0.42918846011161804	0.3652627766132355	0.6559637188911438	0.3266599476337433	0.6687209606170654	0.40766602754592896	0.3888014554977417	0.42083901166915894	0.5013308525085449	0.39645716547966003	0.279578298330307	0.17221762239933014	0.7297697067260742	0.3528066575527191	0.603527843952179	0.6586059331893921	0.6162510514259338	0.962188720703125	0.8542230129241943	0.08871124684810638	0.718003511428833	0.16106465458869934	0.8052452206611633	0.5214685797691345	0.40044981241226196	0.2689896821975708	0.028854988515377045	0.31798669695854187	0.6227982044219971	0.851163387298584	0.3616141378879547	0.31521856784820557	0.7601385116577148	1.018417477607727	0.3878333866596222	0.11056271195411682	0.7873727083206177	0.21760980784893036	0.45454609394073486	0.5309072136878967	0.46715298295021057	1.1757087707519531	0.9928738474845886	0.8311463594436646	0.24148863554000854	0.8863492608070374	0.323612779378891	0.07556650042533875	1.33665132522583	0.1498655378818512	0.65647292137146	0.20057350397109985	0.5541351437568665	0.5452233552932739	1.3783347606658936	0.13440066576004028	0.09335678070783615	0.41484400629997253	0.7216713428497314	0.879728376865387	0.7940056324005127	0.3157705068588257	0.37061530351638794	0.5723366141319275	0.08738606423139572	0.4082908630371094	0.6462099552154541	0.40531229972839355	0.43488043546676636	0.7633573412895203	0.20728538930416107	0.5110238790512085	0.1427675187587738	1.0511630773544312	0.40518951416015625	1.034801959991455	0.5757530927658081	0.01331593468785286	0.11673039197921753	0.1945764273405075	0.12009544670581818	0.5276771783828735	0.38908764719963074	0.42095860838890076	0.015918364748358727	0.6324222683906555	0.5820689797401428	0.33298420906066895	0.8861611485481262	0.3612566888332367	0.4446330666542053	0.4519846737384796	0.5580494999885559	0.539094090461731	0.610209047794342	0.44979819655418396	0.5233834981918335	0.2021370530128479	0.8182329535484314	0.6788932085037231	1.191120982170105	0.5681619048118591	0.7910410165786743	0.08605559170246124	0.262727826833725	0.8883335590362549	0.1842588484287262	0.7374345660209656	0.6212286949157715	0.9984803199768066	0.7693239450454712	0.10273370146751404	1.3317134380340576	0.4503357708454132	0.61119145154953	0.12570352852344513	0.4317048192024231	0.18396171927452087	0.0	0.7132663726806641	0.20636406540870667	0.2869948148727417	1.1516257524490356	0.32162126898765564	0.7566035389900208	0.05128812789916992	0.30615633726119995	0.3543667197227478	0.663982093334198	0.5520741939544678	0.5949115753173828	0.8112758994102478	0.21321435272693634	0.0743740126490593	0.39045605063438416	0.2036590874195099	0.620721161365509	0.004112547729164362	0.018706005066633224	0.6524819731712341	0.33382657170295715	0.6142033338546753	0.023292675614356995	0.4013109803199768	0.3592296540737152	0.7397805452346802	0.36029326915740967	0.22848698496818542	1.1583821773529053	0.09771101176738739	0.3911929428577423	0.12790240347385406	0.36399874091148376	0.15028029680252075	1.2480398416519165	0.07949062436819077	0.4356267750263214	1.0851675271987915	0.8529181480407715	0.14173372089862823	0.5479640960693359	0.1326862871646881	0.3427247405052185	0.1470077782869339	1.3518877029418945	0.4939529299736023	0.9448445439338684	1.271488904953003	0.24628795683383942	0.5394351482391357	1.4189273118972778	1.179577350616455	0.5676196813583374	0.7861166000366211	0.7713040113449097	1.119979739189148	0.10581979155540466	0.7708492279052734	0.32685142755508423	0.19520843029022217	0.5746014714241028	0.3716496527194977	1.1201950311660767	0.21210172772407532	0.8869582414627075	1.0250910520553589	0.5033477544784546	1.1220769882202148	0.921607494354248	0.30097368359565735	0.3913778066635132	0.7407969236373901	0.26017650961875916	0.49744027853012085	0.04015097767114639	0.6920171976089478	0.03904087468981743	0.7440382838249207	0.798957109451294	0.118673175573349	0.2949976921081543	0.33763858675956726	0.3322991728782654	0.010793168097734451	0.5341026186943054	0.14473292231559753	0.7322189807891846	0.14185212552547455	0.3061773180961609	0.19512063264846802	0.01728435419499874	0.5303077101707458	0.28906187415122986	0.3958081305027008	0.7831847667694092	0.1831727772951126	0.5931340456008911	0.699866771697998	0.7642080187797546	0.33683133125305176	0.5312060713768005	0.35404616594314575	0.36994707584381104	0.6921004056930542	0.3025626540184021	1.2592272758483887	0.6746929883956909	0.43553197383880615	0.7890655398368835	0.1979423314332962	0.4961837828159332	0.02045593596994877	1.3330854177474976	0.8537548184394836	0.3917929232120514	1.151131510734558	0.0070223212242126465	0.38878133893013	0.8662973046302795	0.09015338867902756	0.36065956950187683	0.8606077432632446	1.0498127937316895	0.47999951243400574	0.35337918996810913	1.2383792400360107	0.8601238131523132	1.0277456045150757	0.5385063886642456	0.4092661142349243	0.3971399962902069	0.5394118428230286	0.5860483050346375	0.8731355667114258	1.0547847747802734	0.44181346893310547	0.7899612188339233	0.7940160036087036	0.12160693109035492	0.6065928936004639	0.23210299015045166	0.1756400763988495	0.25478190183639526	0.338422566652298	0.5431413650512695	0.6389783620834351	0.3657829463481903	0.41003018617630005	0.5970041751861572	0.5637595057487488	0.39367255568504333	0.2485704869031906	0.09587205946445465	0.611889123916626	0.5981215238571167	0.34558677673339844	0.8172689080238342	0.36941760778427124	0.7867693305015564	0.35978004336357117	0.6925038695335388	1.0145596265792847	0.26327064633369446	0.4543759524822235	0.6219925880432129	0.26284754276275635	0.5407257080078125	0.7421606183052063	0.4419194459915161	0.2913690507411957	0.43559738993644714	1.1348217725753784	0.44646865129470825	0.3064902126789093	0.797311007976532	0.7730810046195984	0.8851479291915894	0.34697195887565613	0.09930498898029327	0.6615294218063354	0.2781864404678345	0.9026888012886047	0.19099879264831543	0.37808993458747864	1.2151249647140503	0.9862613677978516	1.0190837383270264	0.5935576558113098	0.1894989013671875	0.08321581035852432	0.4277860224246979	0.05581219121813774	0.8865428566932678	0.22625750303268433	0.18269288539886475	0.7625768780708313	0.5388758778572083	1.1282718181610107	0.28567975759506226	0.22667858004570007	0.23031803965568542	0.9981415271759033	0.27923643589019775	0.8726921081542969	0.4174312651157379	0.37713903188705444	0.388408362865448	0.6788802146911621	0.6820871829986572	0.7014016509056091	0.12796291708946228	0.36053550243377686	0.4168873131275177	0.2277240753173828	0.017723752185702324	0.3826162815093994	0.8288813233375549	0.21943067014217377	0.46634382009506226	0.40847498178482056	0.4420653283596039	0.0	0.7390584945678711	0.4157879650592804	0.4777657091617584	0.5959563851356506	0.5592851638793945	0.7523537278175354	0.3160395622253418	0.8912238478660583	0.23843882977962494	0.6394579410552979	0.24104981124401093	0.22921359539031982	0.03644000366330147	0.5194255113601685	1.017172932624817	0.3479352295398712	0.6474003195762634	0.387570321559906	0.5065962672233582	0.887531578540802	0.4565031826496124	0.4542025923728943	0.4516836404800415	0.8152053356170654	0.4506095349788666	0.2325802743434906	0.0922468975186348	0.7093265056610107	0.4414951503276825	0.22118660807609558	0.46206074953079224	0.25170212984085083	0.3175066411495209	0.21676233410835266	0.0	1.0750961303710938	0.6796295046806335	0.36204764246940613	1.2471264600753784	0.6165573000907898	0.43130654096603394	0.24390341341495514	0.17287573218345642	0.8005357980728149	0.07179124653339386	0.41736161708831787	0.5495308637619019	0.7833945155143738	0.15586388111114502	0.6925427317619324	0.7384572625160217	0.7192692756652832	0.28640687465667725	0.18377110362052917	0.6893890500068665	0.137245312333107	0.5139421820640564	0.016340505331754684	0.5256603956222534	0.004187896382063627	0.13630568981170654	0.7019858360290527	0.7265918254852295	0.07738688588142395	0.38816046714782715	0.28371456265449524	0.3481637239456177	0.0033958181738853455	0.6115660667419434	0.19709782302379608	0.6639994382858276	0.5999124646186829	0.0526418462395668	0.09942494332790375	0.18529057502746582	0.6534056067466736	0.5241714119911194	0.32838425040245056	0.23138299584388733	0.4579160511493683	0.3515814542770386	0.7918388247489929	0.3938485383987427	0.8117902278900146	0.39303088188171387	0.27475661039352417	0.2936263382434845	0.7854865789413452	0.8509604930877686	0.20998907089233398	0.3635270893573761	0.564387857913971	0.16656456887722015	0.39759957790374756	0.6848081350326538	0.45189332962036133	0.7254952192306519	0.2577775716781616	0.9675570726394653	0.5433688163757324	0.4083627760410309	0.34654319286346436	1.0140821933746338	0.6295848488807678	0.840400218963623	0.42128118872642517	0.5533438324928284	0.1549743115901947	0.0	0.5041676163673401	0.3034244775772095	0.6254163384437561	1.0957894325256348	0.19651155173778534	0.4005429446697235	0.623138964176178	1.0604526996612549	0.6483728289604187	0.6296606063842773	0.8922345638275146	0.2741449475288391	0.6239165663719177	0.7325285077095032	0.480476975440979	0.728312611579895	1.1363813877105713	0.38241326808929443	0.28795701265335083	0.6183030605316162	0.10976205766201019	0.3978186249732971	0.7818623781204224	1.0533887147903442	0.40957045555114746	0.7516731023788452	0.30036652088165283	0.6522291898727417	0.20945459604263306	0.8659168481826782	1.3764756917953491	0.9316412210464478	0.26339372992515564	0.26415640115737915	0.7121883630752563	1.2190500497817993	0.21039122343063354	0.46482446789741516	0.4868273437023163	0.4917057752609253	0.8259359002113342	0.7324207425117493	0.27441850304603577	0.5604802370071411	0.7775231599807739	0.5107788443565369	1.0342439413070679	0.31684887409210205	0.3076131343841553	0.1816224753856659	0.6968234777450562	0.5057215094566345	0.0013441815972328186	0.03775579482316971	0.9512519240379333	0.36700037121772766	1.3709532022476196	0.29421862959861755	0.9684795141220093	0.41382554173469543	1.1370347738265991	0.2647872269153595	0.5998613834381104	0.5137729048728943	0.5786871314048767	1.0646721124649048	0.24761304259300232	0.6820235252380371	0.8235650062561035	0.22087785601615906	0.43989139795303345	0.03101363219320774	0.0	0.1338023990392685	1.18485426902771	0.6193703413009644	0.13129034638404846	0.46493786573410034	0.028614187613129616	0.23653513193130493	0.05258148908615112	0.3282308578491211	0.8013063669204712	0.14282557368278503	0.22533780336380005	0.2343151569366455	0.7268803119659424	0.5979313850402832	0.5654007196426392	0.3533627390861511	0.4197160303592682	0.7256849408149719	0.5655333995819092	0.8712533116340637	0.7513752579689026	0.711486279964447	0.5429182648658752	0.21946871280670166	1.4847874641418457	0.6835705637931824	0.5601276159286499	0.4642830491065979	0.5632274150848389	1.0242695808410645	0.0	0.8756657838821411	0.3542909324169159	0.003655374050140381	0.32500091195106506	0.49551525712013245	0.20373061299324036	0.5995311737060547	0.546322226524353	0.32749050855636597	0.14274880290031433	0.15165577828884125	0.5916326642036438	1.5355720520019531	0.988304078578949	0.433993935585022	0.3501166105270386	0.956990659236908	0.522338330745697	0.3000562787055969	1.0620266199111938	0.9857515096664429	0.2142627090215683	0.5162496566772461	0.9265685677528381	0.0799383670091629	0.6577368974685669	1.0193219184875488	0.9335436820983887	0.5307260155677795	0.5448058843612671	0.26691290736198425	0.2164940983057022	0.0691121518611908	0.9351635575294495	0.36203116178512573	0.708019495010376	0.5143079161643982	0.6607313752174377	0.5456337928771973	0.44278791546821594	0.029391169548034668	0.5333401560783386	0.8619791269302368	0.47209882736206055	0.8598095774650574	0.3922686278820038	0.5118964910507202	0.040539298206567764	0.4377000033855438	0.20024289190769196	0.37651321291923523	0.1790710836648941	1.1356256008148193	0.09878166019916534	1.016019344329834	0.7352432012557983	0.42288169264793396	0.8445751667022705	0.024880163371562958	0.3952030837535858	0.5919398069381714	0.724859893321991	0.7160896062850952	0.6141249537467957	0.8140302896499634	0.21624323725700378	0.1436237394809723	0.05898135155439377	0.3340846598148346	0.8296898603439331	1.0786032676696777	1.2227706909179688	0.844847559928894	0.2096654623746872	1.4396060705184937	0.26073986291885376	0.2514578402042389	0.4370098412036896	0.32268422842025757	0.6526163816452026	0.4101716876029968	0.4727990925312042	1.0378249883651733	0.2176932841539383	0.45204398036003113	0.5264390110969543	0.3171680271625519	1.2459465265274048	0.5384024977684021	0.3242057263851166	0.4055309593677521	0.37562263011932373	0.7825132608413696	0.5329364538192749	0.9775928258895874	0.5205551981925964	0.11281946301460266	0.7176587581634521	0.8648123741149902	0.647533655166626	0.13479307293891907	0.5101093649864197	0.9735198020935059	0.5770210027694702	0.9296509027481079	0.4518880844116211	0.7268819808959961	0.25419655442237854	0.30321094393730164	0.6729866862297058	0.3929426372051239	1.2836918830871582	0.3370223641395569	0.07872926443815231	0.27544331550598145	0.28126493096351624	0.7886530160903931	0.10468298941850662	0.2963702380657196	0.9475295543670654	0.7657650709152222	0.684954822063446	1.108255386352539	0.4438271224498749	0.6510646343231201	0.705270528793335	1.3028185367584229	0.9077513813972473	1.5920644998550415	0.004158285446465015	0.07017417997121811	0.02584555186331272	0.20632395148277283	0.6958835124969482	0.9960831999778748	0.6751320362091064	0.31538867950439453	0.3483724892139435	0.46713757514953613	1.1085243225097656	0.12011241912841797	0.35519468784332275	0.5132995843887329	0.3155551254749298	0.6416605710983276	0.38438546657562256	0.5782577395439148	0.8534623384475708	0.5706173181533813	0.7086767554283142	0.6996159553527832	0.3373751938343048	0.17319592833518982	0.14643236994743347	0.6523863077163696	0.22784851491451263	0.32681402564048767	0.17874100804328918	0.3771545886993408	0.5506030321121216	0.12660346925258636	1.3030122518539429	0.7806304097175598	0.3741978406906128	0.745266318321228	0.16759884357452393	0.8840038180351257	0.12695303559303284	0.2891155481338501	1.442771077156067	0.6995704770088196	0.39096933603286743	0.7343398332595825	1.3029712438583374	0.3230130672454834	0.36495479941368103	0.587520182132721	1.3327540159225464	0.08639849722385406	0.5049382448196411	0.3002721965312958	0.11196885257959366	0.3009330630302429	0.8342185020446777	0.4753437638282776	0.47874999046325684	0.3842003345489502	0.04372314363718033	0.44343018531799316	0.3983426094055176	0.5828891396522522	0.9285575747489929	0.9311487674713135	0.32922089099884033	0.43790972232818604	0.5954771637916565	0.4869828224182129	0.17989180982112885	0.24188297986984253	1.0181111097335815	0.6049687266349792	0.12296630442142487	0.5578933954238892	1.312119722366333	0.31593582034111023	1.4495059251785278	0.03596153482794762	0.005346150137484074	0.9102577567100525	0.168903648853302	1.0937862396240234	0.5524129271507263	0.277506947517395	0.6687281727790833	0.3635950982570648	0.2513555884361267	0.7276188731193542	0.35243505239486694	0.5785909295082092	1.0010883808135986	0.33382028341293335	0.3167699873447418	0.42384740710258484	0.25881490111351013	0.7306092381477356	0.24813665449619293	1.172062635421753	0.22843226790428162	0.6771558523178101	0.7103760242462158	0.6112708449363708	0.5594684481620789	0.6454775333404541	0.016362670809030533	0.317263126373291	0.09412391483783722	0.1006653755903244	0.9709310531616211	0.20838278532028198	0.6294660568237305	0.5826991200447083	0.08744417130947113	0.8842803239822388	0.39181816577911377	0.11638232320547104	0.6904528737068176	0.5187586545944214	0.18888425827026367	0.8923166394233704	0.09754826128482819	0.27684685587882996	0.9100189208984375	0.5277393460273743	0.41055184602737427	0.12300737202167511	0.5091434121131897	0.26890674233436584	0.3257279098033905	0.08227357268333435	0.49996253848075867	0.9462074041366577	0.137222021818161	0.9332478046417236	0.882293701171875	0.963839054107666	0.49412524700164795	0.6771864295005798	0.6799287796020508	0.013895135372877121	0.4183606505393982	0.1128748431801796	0.2623165249824524	0.884921669960022	0.3881547451019287	0.8143860101699829	0.42154985666275024	0.3296530246734619	0.16942501068115234	0.8598199486732483	0.40600836277008057	0.6189969182014465	0.5566389560699463	0.5075714588165283	0.4154921770095825	0.6305898427963257	0.6064100861549377	1.1624153852462769	0.304495632648468	0.07315655052661896	0.4080996811389923	0.3549518585205078	0.8075613379478455	0.4628250300884247	0.790252685546875	0.3227531909942627	0.24078398942947388	0.25943392515182495	0.9609429240226746	0.4698135554790497	0.42388737201690674	0.8665914535522461	0.03854577988386154	0.47336629033088684	0.2615780830383301	1.0817310810089111	0.22971586883068085	0.39485999941825867	0.4298700988292694	1.0884064435958862	0.1360001415014267	1.0281730890274048	0.49702131748199463	0.982651948928833	1.1738613843917847	0.017714139074087143	0.6484522223472595	0.9616187810897827	0.819930374622345	0.5926260352134705	0.36280298233032227	0.494521826505661	0.7329078912734985	0.46277591586112976	0.4394545555114746	0.7476717829704285	0.20213714241981506	0.05512714385986328	0.6586074233055115	0.2198285162448883	1.2531890869140625	1.1019140481948853	0.6764475107192993	0.6423249840736389	0.4986639618873596	0.3183850049972534	0.45428168773651123	0.2811910808086395	0.37863102555274963	0.47924813628196716	0.7513054609298706	1.2089239358901978	1.6755155324935913	0.08121887594461441	0.25448060035705566	0.07782843708992004	1.2197906970977783	0.5333150625228882	0.9510565400123596	0.495888352394104	0.7114267945289612	0.3109963536262512	1.5728211402893066	0.3354036808013916	0.0	1.2483787536621094	0.5484249591827393	1.0958385467529297	0.21666648983955383	0.4417687952518463	0.9788222312927246	0.46435341238975525	0.4291430115699768	0.7744286060333252	0.9899959564208984	0.8732027411460876	0.5012462735176086	0.6987131237983704	0.5129780173301697	0.7585353851318359	0.9599542617797852	1.2417221069335938	0.4185900092124939	0.34783023595809937	0.697445809841156	1.5769784450531006	0.7253037095069885	1.036367416381836	0.24285966157913208	0.23865574598312378	0.006091848015785217	0.7598691582679749	0.186141699552536	0.7297977209091187	1.2947722673416138	0.15877895057201385	0.7472169399261475	0.638072669506073	0.5323613882064819	0.15768347680568695	0.3400225341320038	1.1550627946853638	1.5760763883590698	0.1455044001340866	0.15832160413265228	0.34625521302223206	0.695698618888855	1.0469369888305664	0.26231321692466736	0.6623395085334778	0.06994523108005524	0.32686445116996765	0.2250308245420456	0.480663537979126	0.15007171034812927	0.34946420788764954	0.49102646112442017	1.0251407623291016	0.505379855632782	0.2833046317100525	0.29467111825942993	0.4268365800380707	0.5096749663352966	0.6601269841194153	0.4157317280769348	0.49771928787231445	0.538497805595398	0.5031601786613464	0.6449788808822632	0.6252474188804626	0.3560728132724762	0.4524678885936737	0.05260739475488663	0.02718503400683403	0.16409820318222046	0.8434082865715027	0.44208741188049316	0.5488358736038208	0.9315006732940674	0.6237051486968994	0.45097410678863525	0.629342794418335	0.46020328998565674	0.5162952542304993	0.2331613153219223	1.266788363456726	1.0678350925445557	0.6696106791496277	0.5901107788085938	0.5274216532707214	0.3916536867618561	0.45172515511512756	0.9201985597610474	1.4363524913787842	0.6607942581176758	0.3276618719100952	0.3972415328025818	0.21488843858242035	0.48260006308555603	0.39232540130615234	0.4153968095779419	1.068686604499817	0.2781297564506531	0.561911404132843	0.7894542217254639	0.695661187171936	0.15576910972595215	0.9594550132751465	0.7856054902076721	0.10880036652088165	0.06793028116226196	0.4616957902908325	0.4447616636753082	0.5272922515869141	0.06744416058063507	0.6679048538208008	0.4431971311569214	1.1461840867996216	0.2876959443092346	0.04090560972690582	0.7413487434387207	0.006653428077697754	0.7118725776672363	0.03194678947329521	0.5471950173377991	0.09542028605937958	0.8868331909179688	0.7061254978179932	0.40319639444351196	0.07950643450021744	0.3908247947692871	0.21150130033493042	0.3573538064956665	0.36874058842658997	0.027262449264526367	0.7047446370124817	1.238253116607666	0.10676535964012146	0.9269918203353882	0.19164283573627472	0.4439871311187744	1.2027579545974731	0.04410804063081741	0.5080547332763672	0.49127715826034546	0.47479331493377686	0.0	0.2249872386455536	0.8448686599731445	0.6910006403923035	0.8002586960792542	0.1730935126543045	0.49151602387428284	0.361316055059433	1.1546636819839478	0.9754887223243713	1.002492904663086	0.5678865909576416	0.23551583290100098	0.6635341644287109	0.342441588640213	0.6100205183029175	0.5313563346862793	1.1259981393814087	0.08286067098379135	0.6373445391654968	0.6126307249069214	0.20807746052742004	0.5149386525154114	0.36803650856018066	1.1826494932174683	0.7628535032272339	0.15858134627342224	0.12385275959968567	0.14009957015514374	0.4095432162284851	0.879001796245575	0.6274741291999817	0.7160182595252991	1.113997220993042	0.24800144135951996	0.39058586955070496	0.16386353969573975	0.02490447834134102	0.47214818000793457	0.3265254497528076	0.8517863750457764	0.4010918140411377	0.316432386636734	0.5576295256614685	0.744437575340271	0.8482559323310852	0.5302442908287048	0.8165995478630066	0.03304097801446915	0.5886603593826294	0.3017956614494324	0.814978837966919	0.21989348530769348	0.5674550533294678	0.20770010352134705	0.3742522895336151	0.8773397207260132	0.8722060322761536	0.8674336075782776	0.8126316070556641	0.4638789892196655	0.20570407807826996	0.79726642370224	0.12205491960048676
0.05651962012052536	0.3994547128677368	0.513105034828186	0.8616737127304077	1.1660891771316528	0.32942283153533936	0.34597665071487427	0.7803881764411926	1.0816211700439453	0.15379807353019714	1.570122241973877	0.3200610876083374	0.22074182331562042	0.5851873159408569	0.4495106339454651	0.10559132695198059	0.3249444365501404	0.5916195511817932	0.23664690554141998	0.4542158842086792	0.8536860346794128	0.4214618504047394	0.879393994808197	0.38990283012390137	0.44524890184402466	0.44020161032676697	0.6723252534866333	0.9874404072761536	0.41512465476989746	0.4907194972038269	0.3917643129825592	0.6485722064971924	0.08360066264867783	0.40925532579421997	0.5773000717163086	0.4730147123336792	0.3507135510444641	0.5171071887016296	0.47576358914375305	0.7708051204681396	0.5819180011749268	1.4281928539276123	0.5015144348144531	0.5609303116798401	0.21848638355731964	0.2912259101867676	0.3849245607852936	0.8358628153800964	0.4918780028820038	0.5288087129592896	0.9356307983398438	0.5496470928192139	0.6017016172409058	0.766319751739502	0.6883643865585327	0.3020537197589874	0.8887231945991516	1.6141549348831177	0.9784949421882629	0.7064449191093445	0.22359590232372284	1.2342383861541748	0.19435670971870422	0.46521347761154175	0.5880880355834961	0.5951006412506104	0.7473083734512329	0.6242719292640686	0.2271759808063507	0.48033225536346436	0.3788144588470459	0.2883814573287964	1.7157477140426636	0.9932098984718323	0.6961399912834167	0.6765938997268677	0.13148027658462524	0.3389355540275574	0.5006373524665833	0.9733833074569702	0.5421128869056702	0.36452358961105347	0.36166852712631226	0.0886821523308754	0.09850221872329712	0.1809358447790146	0.4327468276023865	0.4184870719909668	1.0383045673370361	0.4259221851825714	0.32471004128456116	0.6690547466278076	0.4665364921092987	0.6058081388473511	0.5711400508880615	0.8742758631706238	0.7224874496459961	0.22429579496383667	0.45947661995887756	0.8206223845481873	0.4968787133693695	0.6480669975280762	0.36356088519096375	0.04429928585886955	0.546687662601471	0.2596173882484436	0.31977128982543945	1.8089617490768433	0.808565616607666	0.5100324749946594	0.7585601210594177	1.214371919631958	0.2535269856452942	0.405116468667984	0.33100366592407227	0.31837913393974304	0.42307594418525696	1.2035242319107056	0.2827412188053131	0.872509777545929	1.203269600868225	0.38940152525901794	0.9852747917175293	0.5696160793304443	1.1625505685806274	0.4007813036441803	0.1570184826850891	0.5869166851043701	0.7859756946563721	0.49643445014953613	0.3316761255264282	0.6866699457168579	0.4013194143772125	0.10532346367835999	0.6695411801338196	0.021578187122941017	0.6282776594161987	0.29085224866867065	0.6260007619857788	0.5588314533233643	0.4225619435310364	0.240248441696167	0.8504933714866638	0.32923904061317444	0.591905951499939	1.2713062763214111	0.16777366399765015	0.45955124497413635	0.8651392459869385	0.18735957145690918	0.28462979197502136	0.1677711457014084	0.6523773670196533	1.067637324333191	0.26130205392837524	0.8054741621017456	0.2711142599582672	0.5653838515281677	0.26069939136505127	0.27223485708236694	0.7455309629440308	0.4800887107849121	0.43735629320144653	0.41409918665885925	0.6706191897392273	0.7853460311889648	0.24147102236747742	0.2616564929485321	1.9912911653518677	0.887204110622406	0.11350803077220917	0.3692064583301544	0.3536665439605713	0.7406451106071472	0.6276697516441345	0.16894227266311646	0.3659425973892212	0.29767781496047974	0.42747366428375244	0.17505759000778198	0.338130384683609	0.2897903025150299	0.5051787495613098	0.8648348450660706	0.4064101576805115	0.3538706600666046	0.40658923983573914	0.2027827501296997	1.3866873979568481	0.945531964302063	0.22622856497764587	0.46666496992111206	0.1764918565750122	0.5743750929832458	0.29662343859672546	0.9092239141464233	0.32832521200180054	0.49048569798469543	0.21188437938690186	0.8396966457366943	0.5731469988822937	0.3119542598724365	0.3630993962287903	0.5580123066902161	0.5706634521484375	0.604331374168396	0.6775668263435364	0.3564940392971039	0.4096252918243408	1.0380055904388428	0.4477762281894684	0.21391898393630981	0.17621780931949615	0.47581058740615845	0.3384285271167755	0.6979310512542725	0.829669713973999	0.36658450961112976	0.644132673740387	0.5671238899230957	0.4776567220687866	0.2934783697128296	0.30156561732292175	0.7165444493293762	0.44266048073768616	0.4548306465148926	0.7542421817779541	0.6141534447669983	0.3839196264743805	1.044679045677185	0.9698636531829834	0.25860682129859924	0.2772943079471588	0.3882915675640106	0.7344002723693848	0.436557412147522	0.4341452121734619	0.35434120893478394	0.22654369473457336	0.2422957867383957	0.420025497674942	0.558087944984436	0.1546008139848709	0.638258695602417	0.7894421815872192	0.37986159324645996	1.2051784992218018	0.8049444556236267	0.1156848669052124	0.49399998784065247	0.22859413921833038	0.36994320154190063	0.290971577167511	0.7715208530426025	0.5760031342506409	1.2204713821411133	0.46280860900878906	0.8828136920928955	1.0741342306137085	0.3246382772922516	0.37041452527046204	0.7490203380584717	0.39647170901298523	0.4332650899887085	0.7414695024490356	0.2844562828540802	0.45108935236930847	0.26072004437446594	0.2829229235649109	0.6305593252182007	0.6841486692428589	0.7175495624542236	1.1463335752487183	0.2661365866661072	0.08314704895019531	0.4749002158641815	0.5449877977371216	0.38772353529930115	0.5635947585105896	1.1760228872299194	1.0096397399902344	0.6789956092834473	0.6190121173858643	0.2806011140346527	0.7223638892173767	1.2099838256835938	0.42673322558403015	0.5809683799743652	0.9511404037475586	0.5254806280136108	0.749754786491394	0.46679922938346863	0.479148268699646	0.32990920543670654	0.35368335247039795	0.4990788400173187	1.1992411613464355	0.5036265850067139	0.6846616268157959	0.4412921667098999	0.2995378375053406	0.6254806518554688	0.6739926934242249	0.856460690498352	0.7798537611961365	0.26928675174713135	1.115820288658142	0.33688196539878845	0.5623792409896851	0.5633816719055176	1.018221378326416	0.920617401599884	0.5730884075164795	1.060986042022705	0.684282660484314	0.9410130977630615	0.5787920951843262	0.761064887046814	0.6874119639396667	1.058371663093567	0.5714890360832214	0.7564432621002197	0.7939823865890503	0.8904110193252563	0.6323320865631104	0.6975470185279846	0.5386528372764587	0.6578049659729004	0.46826255321502686	1.2881537675857544	0.4934118390083313	0.5793678760528564	0.2469283640384674	0.32887038588523865	0.8932972550392151	0.19860827922821045	1.2755130529403687	0.5960261821746826	0.477803111076355	0.7461211085319519	0.351044237613678	0.14208291471004486	0.6970478296279907	0.3795230984687805	0.5911527276039124	0.23744678497314453	0.32218509912490845	0.30927497148513794	0.3746401071548462	0.45887646079063416	0.37411201000213623	0.3946895897388458	0.21331194043159485	0.964899480342865	0.7381809949874878	0.1115989238023758	0.8200975656509399	0.28291696310043335	0.3220921456813812	0.27895474433898926	1.9163607358932495	0.30539602041244507	0.3759876787662506	0.4694586992263794	0.2851901054382324	0.32700204849243164	0.41778895258903503	1.8441203832626343	0.7243031859397888	0.35142815113067627	0.3415888249874115	1.0738451480865479	0.4516812264919281	0.972902774810791	0.394250750541687	0.8042185306549072	0.39434120059013367	0.4989854097366333	0.27012595534324646	0.4249178469181061	0.24252034723758698	0.743314266204834	0.48344558477401733	0.4174495339393616	0.42068299651145935	0.20457032322883606	0.8452126383781433	0.2996613681316376	0.512879490852356	0.38633662462234497	0.2616467773914337	0.8217583298683167	0.16685128211975098	0.8762240409851074	0.08878162503242493	0.3834744095802307	1.0670870542526245	0.24821646511554718	0.14250557124614716	0.39208829402923584	0.5271910429000854	0.7006241679191589	0.34534934163093567	0.9735794067382812	0.210496187210083	0.3684210181236267	0.1988554298877716	1.0109975337982178	0.32583728432655334	0.13416679203510284	0.24070468544960022	0.006991232745349407	0.4228733479976654	0.43987420201301575	0.5114394426345825	0.6427111625671387	0.7406197786331177	0.07802554965019226	0.58809494972229	0.08373554050922394	0.32648342847824097	0.7366059422492981	0.528024435043335	0.3450569212436676	0.8687335848808289	0.4623410701751709	0.3830593228340149	0.654762327671051	0.9498211145401001	0.9676814675331116	0.6504682302474976	0.2185932844877243	0.6214067935943604	0.5908336639404297	0.2659582495689392	0.5910305976867676	0.5806589126586914	0.7654105424880981	0.3264322280883789	0.3746861219406128	0.9671981334686279	0.6314335465431213	0.2602873146533966	0.11534054577350616	0.5326265096664429	0.24602380394935608	0.9706646203994751	0.41480374336242676	0.7713508605957031	0.3532335162162781	0.16870178282260895	0.5692453980445862	1.1819744110107422	0.49124252796173096	0.34472712874412537	0.3575662076473236	0.9024370908737183	0.18173453211784363	0.7791590690612793	0.8562180995941162	1.1288635730743408	0.3232448697090149	0.16372470557689667	1.0061537027359009	0.6564885973930359	1.1210259199142456	0.7427188754081726	0.5650830864906311	0.23399706184864044	0.4689033329486847	0.7911720871925354	0.46887415647506714	0.3881445825099945	0.3457251787185669	0.24926318228244781	0.6259194612503052	0.17666450142860413	0.7134079933166504	0.6011897921562195	0.6219966411590576	0.5896846652030945	0.05919024720788002	0.40316998958587646	1.6147409677505493	1.5095911026000977	1.0703977346420288	0.8280271291732788	0.4630093276500702	0.7054591774940491	0.32016992568969727	0.4253993630409241	0.3637370765209198	0.813238799571991	0.7407719492912292	0.5018733739852905	0.4778399169445038	0.4829913079738617	0.49688631296157837	0.3262487053871155	0.3654213547706604	0.41689440608024597	0.6302638649940491	0.9641355872154236	0.5802562236785889	0.49288609623908997	0.9046968221664429	0.3692546784877777	0.6250994205474854	0.5143205523490906	0.3068045377731323	0.2958395481109619	0.07175452262163162	0.3109932541847229	1.6706674098968506	0.36340561509132385	0.04608030617237091	0.2048884481191635	0.28133925795555115	0.7819058895111084	0.27848875522613525	0.33133676648139954	0.1241842731833458	0.4809860587120056	0.3070204257965088	0.37247011065483093	0.8253907561302185	0.0018613897264003754	0.4792412221431732	1.6825206279754639	0.1492917835712433	0.4177149534225464	0.31152763962745667	0.32999855279922485	0.5665343403816223	0.33165377378463745	0.3164720833301544	0.3887757658958435	0.5100443363189697	0.6782230138778687	0.5231919884681702	0.9740559458732605	0.5671295523643494	0.7914535999298096	0.3057849705219269	0.4015849232673645	0.9646856188774109	0.15572254359722137	0.4803859293460846	0.2750619351863861	1.0295660495758057	0.03972785174846649	0.7700852751731873	0.31163665652275085	0.09086184948682785	0.21867743134498596	0.2508329749107361	0.3058415949344635	0.8806984424591064	0.6550655961036682	0.8713210821151733	0.9766161441802979	0.3871431350708008	0.47737056016921997	0.16455402970314026	0.25216084718704224	0.41345176100730896	0.7878736853599548	0.28226444125175476	0.8926219940185547	1.0888954401016235	0.41935306787490845	0.34042420983314514	0.922706127166748	1.521963357925415	0.2776777744293213	0.4955424666404724	0.224829763174057	0.07879877835512161	0.4643094837665558	0.230568528175354	0.5197240114212036	0.05658768117427826	0.29845985770225525	0.46209150552749634	0.46715572476387024	0.6134154200553894	0.22869916260242462	0.10243445634841919	0.08629252016544342	0.34710800647735596	0.7461113929748535	1.2231836318969727	0.3923107385635376	0.3358575105667114	0.8657469749450684	0.4868329167366028	0.4208575189113617	0.24985797703266144	0.27311214804649353	0.46859458088874817	0.3941291570663452	1.5088310241699219	0.24849413335323334	0.5121915936470032	0.6822007298469543	0.7740145921707153	0.39843279123306274	0.7043200135231018	0.7646477818489075	1.3394570350646973	0.23007941246032715	0.35484549403190613	0.7677268981933594	0.840715765953064	0.445953905582428	1.056119680404663	0.10804396122694016	0.3338998854160309	0.22928810119628906	0.701476514339447	0.24829646944999695	0.2668478786945343	0.14074298739433289	0.8562117218971252	0.2984721064567566	0.4646883010864258	0.7282112836837769	0.05650622397661209	0.7187986373901367	0.9496842622756958	0.6428061723709106	0.3376627266407013	0.15114526450634003	0.44034871459007263	0.7840911746025085	0.40871500968933105	0.397475004196167	1.352803111076355	0.3354939818382263	0.6228161454200745	0.6602393984794617	0.6015185713768005	0.37763816118240356	0.37224456667900085	0.5440582036972046	0.4194853901863098	0.573420524597168	0.29414188861846924	0.4772099554538727	0.5954729914665222	0.44806572794914246	0.49405065178871155	0.45782795548439026	0.37632593512535095	0.5866139531135559	0.24672305583953857	0.5281633734703064	0.4652194678783417	1.3487045764923096	0.4374332129955292	0.3693544864654541	1.0716246366500854	0.1349758803844452	0.33242088556289673	0.43702900409698486	0.7757036089897156	0.5279144048690796	0.46225398778915405	0.984978437423706	0.4902051091194153	0.39330607652664185	0.2895543575286865	0.2603800892829895	1.1850377321243286	0.8189738392829895	0.4170657992362976	0.9492008686065674	1.2422409057617188	0.9267040491104126	0.46152469515800476	0.620004415512085	0.24609658122062683	0.6987906694412231	0.5246657133102417	1.0749825239181519	0.5764667391777039	0.5104289650917053	0.35008370876312256	0.8302969336509705	0.2593822777271271	0.20208443701267242	0.7776147723197937	1.6567246913909912	0.5708808302879333	0.31236550211906433	1.079667568206787	0.4360591769218445	0.2746162414550781	0.4089568257331848	0.1786937266588211	0.6515087485313416	0.22550024092197418	0.3186030387878418	0.21803423762321472	0.6313581466674805	0.09956386685371399	0.5698971152305603	0.16634899377822876	0.6164171099662781	0.2951340079307556	0.14884589612483978	0.7679682970046997	0.7395524382591248	0.6421256065368652	0.3239665925502777	0.7739074230194092	0.6672266125679016	0.5216909050941467	0.5928573608398438	0.2568523585796356	0.4747849702835083	0.6537894606590271	0.546200156211853	0.6893705725669861	0.6056507229804993	0.31216418743133545	0.5476743578910828	0.24826492369174957	1.0296326875686646	0.5582082867622375	0.3546963632106781	0.3694257140159607	0.8116940855979919	0.49867087602615356	0.536510705947876	0.08770710229873657	0.3982373774051666	0.08938734233379364	0.14902165532112122	0.3467240333557129	0.8770501017570496	0.9377710819244385	0.2500454783439636	0.4568467140197754	0.6142241358757019	0.6518715620040894	0.21263687312602997	0.5791897773742676	0.3481905460357666	0.39898088574409485	0.4346160292625427	0.2939870059490204	0.28817394375801086	0.04177344590425491	0.2686389982700348	0.4536954164505005	1.1735590696334839	0.2574686110019684	0.22309714555740356	0.17895349860191345	0.450516939163208	0.15747718513011932	0.15665720403194427	0.5717695355415344	0.2756115794181824	0.287156879901886	0.4148550033569336	0.6900717616081238	0.4309787452220917	0.6608558893203735	0.5408917665481567	0.8567409515380859	0.4890247583389282	0.5327579975128174	0.32123440504074097	0.64347243309021	0.1534510850906372	0.2455785721540451	0.15532554686069489	0.38317373394966125	0.6124334335327148	0.2271866500377655	0.4728764593601227	0.28544914722442627	0.5459274649620056	0.7182143330574036	0.469429075717926	0.4882388412952423	0.43035802245140076	0.6016768217086792	1.023988127708435	0.4517289102077484	0.46390628814697266	0.4495123326778412	0.469442754983902	0.4567371904850006	0.8674814701080322	0.6112086772918701	0.3200172483921051	0.5028202533721924	0.5044597387313843	0.5224918723106384	0.29475679993629456	0.2790186107158661	0.7497923970222473	0.29479438066482544	0.5856684446334839	0.8647374510765076	0.3222004175186157	0.5925852060317993	0.3699537217617035	0.962666392326355	0.2855348289012909	0.38521093130111694	0.9117569923400879	0.5180575847625732	0.26998841762542725	0.6924331784248352	0.3969505727291107	0.8736773729324341	0.3653622269630432	0.20622701942920685	0.8672401905059814	0.4561734199523926	0.3356306254863739	0.7444694638252258	0.3764260411262512	0.26349955797195435	0.7735533714294434	0.3288934826850891	0.33297136425971985	0.20743688941001892	1.0806790590286255	0.15248480439186096	0.47886693477630615	0.4980030059814453	0.7352019548416138	0.6127704977989197	0.2797885239124298	0.6368857026100159	0.19647637009620667	0.24922260642051697	0.7126992344856262	0.6786933541297913	0.15812988579273224	0.5707962512969971	0.3855317234992981	0.8738798499107361	0.6353920698165894	0.9225965738296509	0.48937246203422546	0.5085442662239075	0.22550661861896515	0.3453400433063507	0.25882354378700256	0.7314121127128601	0.04828977584838867	0.43842217326164246	0.5524177551269531	0.29518240690231323	0.16868799924850464	0.15862171351909637	0.4240163564682007	0.3964245915412903	0.18647858500480652	0.4240226447582245	0.26364243030548096	0.34206101298332214	0.36159563064575195	0.7535750269889832	0.4143402576446533	0.6554079651832581	0.44508251547813416	0.8440970778465271	0.39066359400749207	0.3724767565727234	0.36811041831970215	0.6514555811882019	0.4616219997406006	0.6004984974861145	0.20240676403045654	0.07304298132658005	0.7128968238830566	0.45461395382881165	0.4545470178127289	0.7910796403884888	0.25341784954071045	0.4703882336616516	0.36853840947151184	0.7229883670806885	1.0027958154678345	0.37759634852409363	0.4544914662837982	0.2771053612232208	0.2659967541694641	0.47460198402404785	0.18886783719062805	0.014188161119818687	0.7072040438652039	0.17022517323493958	0.4068174362182617	0.2273588478565216	0.3362315893173218	0.30910342931747437	0.5968338847160339	1.0442090034484863	0.43043309450149536	0.08604127168655396	0.5317375063896179	0.4897814691066742	0.385342001914978	0.29612135887145996	0.5151740312576294	0.3210737407207489	0.5763342380523682	0.6477252244949341	0.9384967684745789	0.11532936990261078	0.3462015986442566	0.0874745100736618	0.21768231689929962	0.501950204372406	1.150294303894043	0.5517762303352356	0.801669180393219	0.37351110577583313	0.44818925857543945	0.1106414943933487	0.45102620124816895	0.41541585326194763	0.7836400866508484	0.3733121156692505	0.7942679524421692	0.39811357855796814	0.2868153154850006	0.2848506271839142	0.3775697350502014	0.23653486371040344	0.32457926869392395	0.8668641448020935	0.07998448610305786	0.5912558436393738	0.5449602007865906	0.20743057131767273	0.6658886671066284	0.43608585000038147	0.7845330834388733	0.32398733496665955	0.6692034602165222	0.5311931371688843	0.7349602580070496	0.6383057236671448	1.1902451515197754	0.6206314563751221	0.3989967405796051	0.464646577835083	0.9267809391021729	0.29727649688720703	1.225746750831604	0.242059126496315	0.19235216081142426	0.5598924160003662	0.4361725449562073	0.7005788683891296	0.346283495426178	0.5900993943214417	0.3214532136917114	0.6227118372917175	0.14966896176338196	0.6216291189193726	0.2319892793893814	0.16728706657886505	0.46363312005996704	0.3339552879333496	0.6841970682144165	0.6848924160003662	0.659926176071167	0.6983097195625305	0.12154782563447952	0.3511742353439331	0.5372459292411804	1.0817116498947144	0.706926703453064	0.6752954125404358	0.6471467614173889	0.38334664702415466	0.5440321564674377	0.9970205426216125	1.0484331846237183	0.1802719086408615	0.3639327585697174	0.4250628352165222	0.22827905416488647	0.3016899526119232	0.19243395328521729	0.6158279180526733	0.4380140006542206	0.8694431781768799	0.4373375475406647	0.4740537405014038	0.31165409088134766	0.6170413494110107	0.6758071780204773	0.44188442826271057	0.4698067605495453	0.3656975030899048	0.8435081243515015	0.41578149795532227	0.5305613875389099	0.43696579337120056	0.3652938902378082	0.33437633514404297	0.19674348831176758	0.6100749969482422	0.5526623725891113	0.4559321701526642	0.5073369145393372	0.8068912029266357	0.4928395450115204	0.6077843308448792	0.3743804097175598	0.7780832052230835	0.9793553948402405	0.3391192853450775	0.5257991552352905	0.6812563538551331	0.4396558105945587	0.4357617497444153	0.933953583240509	0.5484728217124939	0.8674532175064087	0.36409708857536316	0.508935809135437	1.0487871170043945	0.4940586984157562	0.5182782411575317	0.2734423577785492	0.42442455887794495	0.7074344158172607	0.15143996477127075	0.7246893048286438	0.543110191822052	1.2134250402450562	1.1858818531036377	0.4664844274520874	1.180359959602356	1.036836862564087	0.9586824178695679	0.25299111008644104	0.6213916540145874	0.14598849415779114	0.38005203008651733	0.5832067131996155	0.5427399277687073	0.6403002738952637	0.37372732162475586	0.5536986589431763	0.4099445343017578	0.21775731444358826	0.33254024386405945	0.7951540350914001	0.5466544032096863	0.33699390292167664	0.531608521938324	0.5090941786766052	0.5067418217658997	0.16062501072883606	0.5339827537536621	0.24559396505355835	0.9961733818054199	0.9333513379096985	0.21001166105270386	0.1510307788848877	0.6643694639205933	0.5174771547317505	1.228955864906311	1.9377555847167969	0.2047058492898941	0.5044195652008057	0.4984404444694519	0.231582373380661	0.8112329244613647	1.2761727571487427	0.2606375515460968	1.3346107006072998	0.5723839402198792	0.9793086051940918	1.2797677516937256	1.170984148979187	0.32572123408317566	0.6380830407142639	0.7395243644714355	0.34447920322418213	0.5583675503730774	1.0402487516403198	0.22162707149982452	0.7932122945785522	0.7853606343269348	0.5135561227798462	0.4888105094432831	0.5296725034713745	0.7317408919334412	0.13967090845108032	1.5966757535934448	0.470501184463501	0.7997117638587952	0.17447738349437714	0.412641704082489	0.8481485247612	0.7248600125312805	1.07732355594635	0.3668261468410492	0.2839811444282532	0.7511293292045593	1.0441287755966187	0.8617910146713257	0.5046396851539612	0.20949380099773407	0.5411123037338257	0.7010807394981384	1.2324628829956055	1.2242286205291748	0.3170775771141052	0.7594144344329834	0.32060784101486206	0.2828470468521118	0.3999238908290863	1.559295654296875	0.45977529883384705	0.22308284044265747	0.23513272404670715	0.27194109559059143	0.6863492131233215	0.19136786460876465	0.19477029144763947	0.5093691349029541	1.0381838083267212	0.7264249324798584	0.11229301244020462	0.6836201548576355	0.3735571503639221	0.41972601413726807	0.16559667885303497	0.8440613746643066	0.2543790638446808	0.29321226477622986	0.508904218673706	0.978196382522583	0.31028592586517334	0.5288636684417725	0.5695103406906128	0.7022031545639038	0.31176480650901794	0.8377481698989868	0.5444875955581665	0.6722584366798401	0.36645472049713135	0.37655016779899597	1.3052613735198975	0.5612478256225586	0.4590564966201782	0.6721214652061462	0.1755007952451706	0.513049840927124	0.14367417991161346	1.383599042892456	1.027645230293274	0.5416565537452698	0.23390601575374603	0.11257870495319366	0.5197958946228027	0.8023198843002319	1.3453004360198975	0.3197597861289978	0.3182879090309143	0.36044782400131226	0.3889891803264618	0.689339280128479	0.420342355966568	0.49326804280281067	1.2756903171539307	0.33916211128234863	0.5864188075065613	0.5074296593666077	0.40015870332717896	0.12716683745384216	0.5548566579818726	0.5576125383377075	0.2772580683231354	1.3292205333709717	0.9066680669784546	1.2548476457595825	0.26875194907188416	0.26168015599250793	0.4883997440338135	0.3778255581855774	0.24776510894298553	0.4088766276836395	0.7941997647285461	0.7773447632789612	0.43875357508659363	0.48949721455574036	0.7687640190124512	0.6096764802932739	0.4817705750465393	0.500282347202301	0.6283366680145264	0.5810031294822693	0.6840936541557312	0.5533216595649719	0.2224850207567215	1.173486351966858	0.1368696391582489	0.025566386058926582	0.5676957368850708	0.2281644493341446	0.5612667798995972	0.63409024477005	0.5094331502914429	0.5115607976913452	0.5431981682777405	0.5073481798171997	0.31549423933029175	1.5231033563613892	1.3215937614440918	1.3949744701385498	0.41521763801574707	0.39270851016044617	0.14741560816764832	0.6819233298301697	0.3030208349227905	0.4064275622367859	0.7374814748764038	0.5172553658485413	0.8101370334625244	1.0290647745132446	0.17075563967227936	0.4690564274787903	0.5176200866699219	0.3727670907974243	0.3176185190677643	0.07364752888679504	0.05940891429781914	0.4081033766269684	0.6040399074554443	0.2647590935230255	0.5009176731109619	0.24762596189975739	0.15952932834625244	1.210425853729248	0.5674929618835449	0.39917412400245667	0.9569311738014221	0.5056080222129822	1.040657877922058	0.21642446517944336	0.40472984313964844	0.8287485241889954	0.3601682484149933	1.0741361379623413	0.22109895944595337	0.7845103740692139	1.1737372875213623	0.26451098918914795	0.21330589056015015	0.26071852445602417	0.5566216707229614	0.02418668568134308	0.3187953531742096	0.8987070322036743	0.4381162226200104	0.5498474836349487	0.5086311101913452	0.8150691390037537	0.21893645823001862	0.4162084758281708	0.31343045830726624	0.45323288440704346	0.439120888710022	0.4468476474285126	0.5683862566947937	0.44736841320991516	1.1401375532150269	0.4001340866088867	0.3697109520435333	0.002709554508328438	0.4852365255355835	0.5815655589103699	0.5373244285583496	0.645308256149292	0.23312366008758545	0.23561729490756989	0.30953270196914673	0.10349003225564957	0.7824466228485107	0.33813196420669556	0.7448038458824158	0.3802170157432556	0.1044306606054306	0.7230046391487122	0.38704273104667664	0.029525671154260635	0.30519166588783264	0.4100036025047302	0.14651107788085938	0.417927622795105	0.3563382625579834	0.4215661287307739	0.22810330986976624	0.22896550595760345	0.7233282327651978	0.2416834980249405	0.4961376488208771	1.7128875255584717	0.20962007343769073	0.4250710904598236	0.05453544855117798	0.6973742842674255	0.5405130982398987	0.39731553196907043	0.7310689091682434	0.4878416657447815	0.44657230377197266	0.6139405369758606	0.34229329228401184	0.7573355436325073	0.8016901016235352	0.6375923156738281	0.49977967143058777	0.43488556146621704	0.2726375162601471	0.31908082962036133	0.2056850790977478	0.7619156837463379	0.19447766244411469	0.5725332498550415	0.6034699082374573	0.28061655163764954	0.5895177721977234	0.3344864249229431	0.19753533601760864	0.9677321910858154	0.6386618614196777	0.3822805881500244	0.9073795080184937	0.9274881482124329	0.5972071886062622	0.9113230109214783	1.0840559005737305	0.4501259922981262	0.6410578489303589	0.8180609345436096	0.2494126856327057	0.3097265362739563	0.3924420177936554	0.42705366015434265	0.011573316529393196	0.3745983839035034	0.34847402572631836	0.5852081179618835	0.29689082503318787	0.2824663817882538	0.26465004682540894	0.9616438746452332	0.3284316658973694	0.33437198400497437	0.39642947912216187	0.7287418842315674	0.7600052356719971	0.11452288180589676	0.2445586919784546	0.41737639904022217	0.508967399597168	0.48101145029067993	0.762522280216217	0.6325845718383789	0.2385713905096054	0.4820559322834015	0.18573413789272308	0.4623166024684906	0.14800822734832764	0.950856626033783	0.20907220244407654	5.345790850697085e-05	0.46639037132263184	0.5485306978225708	0.470674604177475	0.9563355445861816	0.291179358959198	0.3363783061504364	0.5496824979782104	0.4456532597541809	0.37625089287757874	0.3905155062675476	0.6421180367469788	1.0347989797592163	0.10778330266475677	0.3427535593509674	0.5415990352630615	1.049638032913208	0.590712308883667	0.40081343054771423	0.36429768800735474	0.33615732192993164	1.4712352752685547	0.49280303716659546	0.5441672205924988	0.06041712313890457	0.6769915819168091	0.9626423716545105	0.5690896511077881	0.6855432391166687	0.29072314500808716	1.0785225629806519	0.534250795841217	0.5368930101394653	0.3559969663619995	0.5879276394844055	0.20806005597114563	1.2716275453567505	0.9651370048522949	0.2268444150686264	0.21782293915748596	0.43165668845176697	0.8698824644088745	0.27440428733825684	0.20659327507019043	0.07447771728038788	0.5597524046897888	0.3769071102142334	0.37948983907699585	0.5011973977088928	0.5994974970817566	0.47531723976135254	0.6305726170539856	0.2677253782749176	0.2086317092180252	0.5583730340003967	0.91396164894104	0.5754969120025635	0.570896565914154	0.7038678526878357	0.533358633518219	0.38060441613197327	1.8299671411514282	0.4118618965148926	0.8475269675254822	1.1244815587997437	1.1669466495513916	0.480596125125885	0.3495941460132599	0.6278610229492188	0.461492657661438	0.20187915861606598	0.3488708734512329	0.027949141338467598	0.1693844199180603	1.2177690267562866	1.2479995489120483	0.6407338380813599	0.18349021673202515	0.34222549200057983	1.047783374786377	0.42007941007614136	0.7426235675811768	0.11761592328548431	0.40902456641197205	0.3310410678386688	0.1786312460899353	1.0267047882080078	0.5049664974212646	0.3507751226425171	1.07371187210083	0.4372768700122833	0.4381489157676697	0.046301186084747314	0.657565176486969	0.5680824518203735	0.741939902305603	1.1667958498001099	1.1259331703186035	0.32304900884628296	0.9552485346794128	0.29777294397354126	0.9975900650024414	0.39034420251846313	0.6797205209732056	1.244629144668579	0.20503811538219452	0.6792615652084351	0.6488139033317566	0.8587725758552551	0.40744245052337646	0.4811951816082001	1.0008207559585571	0.7354562282562256	0.4230750799179077	1.5542813539505005	0.5529642701148987	0.2615320086479187	0.49621057510375977	0.9272745251655579	1.0206763744354248	0.4428187310695648	0.3757866621017456	0.38237690925598145	0.3280048966407776	0.8844987154006958	0.7569245100021362	1.0585238933563232	0.5402852892875671	0.26456305384635925	0.9127081036567688	0.628380298614502	0.1948750615119934	0.17952853441238403	1.1034486293792725	0.5065613985061646	0.22547662258148193	0.8275226950645447	0.29047706723213196	0.5704750418663025	0.7866634130477905	0.3186816871166229	0.5933188796043396	0.5849855542182922	0.5710597038269043	0.2693241536617279	0.7231850624084473	0.37389421463012695	0.29302921891212463	0.8908252120018005	0.5890204906463623	0.30912670493125916	0.25844529271125793	0.3640897870063782	0.00649430975317955	0.4161390960216522	0.5241588354110718	0.31891441345214844	0.6191534399986267	0.13942891359329224	0.33840256929397583	0.5153135657310486	0.14891308546066284	0.1800822913646698	0.44742387533187866	1.0174424648284912	0.3052329421043396	1.0437904596328735	0.9228588342666626	0.5268310904502869	0.2787743806838989	0.4895949363708496	0.39008384943008423	0.12115979194641113	0.8621188998222351	0.7458133697509766	0.5261799097061157	0.943902313709259	0.8623921275138855	0.5025467276573181	0.5870118141174316	0.45913225412368774	0.3287499248981476	0.523337721824646	0.7399062514305115	0.2771351933479309	0.5278807878494263	0.35461896657943726	0.6088376641273499	0.40879207849502563	0.17990082502365112	0.7921497821807861	0.4247260093688965	0.4563996195793152	0.5628377795219421	0.31407782435417175	0.15174734592437744	0.9711032509803772	0.19745169579982758	0.46188756823539734	0.6699132919311523	0.8471487760543823	0.36620429158210754	1.2494335174560547	0.5875346064567566	0.7298754453659058	0.0640120878815651	0.6262993216514587	0.8511085510253906	0.5325871109962463	0.4997434616088867	0.8884499669075012	0.5062676668167114	0.4751986563205719	0.18340592086315155	0.8493564128875732	0.4657476842403412	1.013871192932129	0.41443201899528503	0.37973856925964355	0.6924412846565247	0.4266439974308014	1.0155608654022217	0.22550828754901886	0.5415418148040771	0.26048943400382996	0.39646899700164795	0.2953665852546692	0.5968089699745178	0.8952548503875732	0.6784223914146423	0.4892643988132477	0.4838411808013916	0.9868423342704773	0.4260796308517456	0.9343069195747375	0.743967592716217	0.6214331388473511	1.549919605255127	0.2837122976779938	0.8307467103004456	0.2232067584991455	0.5140897631645203	0.9774272441864014	0.14758983254432678	0.206581711769104	0.8653813600540161	0.8266826868057251	0.2318352311849594	0.9851847887039185	0.42550545930862427	0.7781389355659485	0.7259194254875183	0.42628994584083557	0.4041513204574585	0.33819344639778137	0.851763904094696	0.3159857392311096	0.34696102142333984	0.33218494057655334	0.43740758299827576	0.5729562044143677	0.41343942284584045	0.40868961811065674	0.3359859883785248	0.277628630399704	0.6322027444839478	0.2644476294517517	0.28594452142715454	1.4046534299850464	0.306785523891449	0.6899370551109314	0.22396056354045868	0.29005467891693115	0.6368248462677002	0.8615195155143738	0.8691431879997253	0.17194578051567078	0.499349445104599	0.7059556841850281	0.4855908453464508	0.6830688118934631	0.5672023892402649	1.1035895347595215	0.5931185483932495	0.577035129070282	0.21075353026390076	0.448840856552124	0.6735395193099976	0.23898530006408691	0.7394492626190186	0.407995343208313	0.40205785632133484	0.6035783886909485	0.6439748406410217	0.24743039906024933	0.7935225963592529	0.9136417508125305	0.891104519367218	0.20276805758476257	0.33115434646606445	0.3351881802082062	0.6917381286621094	0.041847966611385345	0.1796240210533142	0.3307587504386902	0.7530640959739685	0.8469929099082947	0.06295439600944519	0.298870325088501	0.7543138265609741	0.5411562323570251	1.2943575382232666	0.7376794815063477	1.0201265811920166	0.45570093393325806	0.17581501603126526	1.2455893754959106	0.36878862977027893	0.20113149285316467	0.6938897371292114	1.171308994293213	0.2482270449399948	0.5303823947906494	0.15029707551002502	0.4554937183856964	0.8594159483909607	0.15871360898017883	0.8850070238113403	0.38306236267089844	0.3475063443183899	0.4300220012664795	0.863088071346283	1.1091015338897705	0.5154662728309631	0.3307691514492035	0.5711605548858643	0.7457493543624878	0.2508806884288788	0.34405845403671265	0.7334426641464233	1.2171680927276611	0.14259164035320282	0.34655052423477173	0.4261980950832367	0.3560250997543335	0.45611250400543213	0.3480314314365387	0.6423090696334839	0.21275298297405243	0.34216949343681335	0.6204178929328918	0.6776981353759766	0.30055803060531616	0.6187757253646851	0.46768128871917725	0.24703669548034668	0.18617600202560425	0.8641355633735657	0.7314793467521667	0.740831732749939	0.0765906497836113	0.7209854125976562	0.34459781646728516	0.09622161835432053	0.5422969460487366	1.4408998489379883	0.6350834369659424	0.8586207628250122	0.21632376313209534	0.5058035254478455	0.8226832151412964	0.9084645509719849	0.12479707598686218	0.6042170524597168	0.3913877308368683	0.34860530495643616	0.12432268261909485	0.5234910249710083	0.3379765450954437	0.6060618758201599	0.5395569205284119	0.3586565852165222	0.36654937267303467	0.07427318394184113	0.6446256637573242	0.3629131317138672	0.14243240654468536	0.9457011222839355	0.2534898817539215	0.6730721592903137	0.6633180975914001	0.3369542062282562	0.818658709526062	0.19703148305416107	0.2508772015571594	1.1811778545379639	0.3153378367424011	0.39896562695503235	0.605211615562439	0.6312393546104431	0.40770667791366577	0.4814053475856781	0.32642844319343567	0.3701906204223633	0.3670188784599304	0.3129257261753082	0.353440523147583	0.5831712484359741	0.3873249292373657	0.7497586607933044	0.4949907064437866	0.13886162638664246	0.22590187191963196	0.6638269424438477	1.2643096446990967	0.5314118266105652	0.7296797037124634	0.5455225110054016	0.29279834032058716	0.4139522612094879	0.9948782324790955	1.2255022525787354	0.17480707168579102	0.4369952976703644	0.594420313835144	0.5720905065536499	0.25200217962265015	0.7808013558387756	0.2337038516998291	0.6342642903327942	0.6708164811134338	0.2688896358013153	0.08050958812236786	0.8836709260940552	0.2436351627111435	0.9824789762496948	0.8578483462333679	0.43638062477111816	0.38092154264450073	0.4397643506526947	0.32422584295272827	0.2318197637796402	0.40753915905952454	0.2299308031797409	0.3806450366973877	0.2867446541786194	1.57930326461792	1.281489610671997	0.437391072511673	0.24052660167217255	0.24280451238155365	0.6735161542892456	0.5809099674224854	0.6797515153884888	0.18198077380657196	0.5532880425453186	0.640531599521637	0.8063409924507141	0.8054693937301636	0.23353785276412964	0.48068445920944214	0.7748678922653198	0.6417367458343506	0.20871499180793762	0.5040415525436401	0.3688596487045288	0.5348594188690186	0.045468900352716446	0.9181860685348511	1.1613574028015137	0.4128214120864868	0.39114469289779663	0.0426977276802063	0.4750390648841858	1.521810531616211	1.0673670768737793	0.6012058854103088	0.6273985505104065	0.5141859650611877	0.4887727200984955	1.3466962575912476	0.9094325304031372	0.8955037593841553	0.43601569533348083	0.6435147523880005	0.7128247618675232	1.1113190650939941	0.4189671277999878	0.41662752628326416	0.28494101762771606	0.39974042773246765	0.7717543244361877	0.30009961128234863	0.22429761290550232	1.0562613010406494	0.38012537360191345	0.6961259245872498	0.6405742168426514	0.36611974239349365	0.22434988617897034	0.3357895314693451	0.36764755845069885	0.9403916597366333	0.10049834102392197	0.37672945857048035	0.3608977496623993	0.3278951942920685	0.6055524945259094	0.6164869070053101	0.198871910572052	0.1691358983516693	0.31932002305984497	0.7601656317710876	0.47465118765830994	0.5128479599952698	0.731519877910614	0.3033733367919922	0.5699496269226074	0.6265344023704529	0.48399388790130615	0.3187503516674042	0.31730014085769653	0.2101297378540039	0.39629554748535156	0.726125955581665	0.2565024495124817	0.2204226404428482	0.44887444376945496	0.12981460988521576	0.2925132215023041	1.0653011798858643	0.5316595435142517	0.39229050278663635	0.7023767828941345	0.6275386214256287	0.40012040734291077	0.7530116438865662	0.46356460452079773	0.8494276404380798	0.32582151889801025	0.9363651275634766	0.4909011721611023	0.25835490226745605	0.819922685623169	0.4162746071815491	0.7494679689407349	0.6009814143180847	0.5417446494102478	0.6839801669120789	0.09345182776451111	0.994328498840332	0.3384310007095337	0.19453705847263336	0.6386813521385193	0.5456011891365051	0.8063708543777466	0.8444236516952515	0.4452214539051056	0.32705679535865784	0.5422009229660034	0.2405991554260254	0.32614463567733765	0.7327321767807007	0.8822555541992188	0.06908769905567169	0.9979305267333984	0.28304994106292725	0.22586795687675476	0.5107792615890503	0.31642505526542664	0.4476626217365265	0.5494509339332581	0.503541111946106	0.4016335606575012	0.7465240359306335	0.6753221154212952	0.577728807926178	0.32204586267471313	0.87870854139328	0.7402517199516296	0.0659874677658081	1.437967300415039	0.2925981283187866	0.19593368470668793	0.8071683645248413	0.48254165053367615	0.7075031995773315	0.5376378297805786	0.047040894627571106	0.4533098340034485	1.154949426651001	0.8337388634681702	0.20201240479946136	0.2680070698261261	0.29895520210266113	0.2664247751235962	0.31471577286720276	0.7065668702125549	0.5397905707359314	0.31365445256233215	0.5542750954627991	0.0	0.7876543402671814	0.3768950402736664	0.1205960214138031	0.8768300414085388	0.14447130262851715	0.46991753578186035	0.38840535283088684	0.6690967679023743	0.5566142797470093	0.713842511177063	0.3596177101135254	0.497212290763855	0.3753546476364136	0.43407413363456726	0.8795539736747742	0.23128798604011536	0.43765169382095337	0.49348944425582886	0.5633352398872375	0.3426089286804199	0.19142255187034607	0.32683077454566956	0.6035269498825073	0.49970903992652893	0.34700512886047363	0.07091961801052094	1.6737403869628906	1.2180522680282593	0.26689913868904114	0.6390807628631592	0.9188437461853027	1.0021135807037354	0.289387583732605	0.1685505360364914	1.0615289211273193	0.6304476261138916	0.6023730039596558	1.0222845077514648	0.3247673511505127	0.6010996103286743	0.3942047953605652	0.5260960459709167	0.47233501076698303	0.12532489001750946	0.5059075951576233	0.3598348796367645	0.4083579480648041	0.6848752498626709	0.5296282172203064	0.3490050733089447	0.5247419476509094	0.4370727837085724	0.3523334264755249	0.5415029525756836	0.24237537384033203	1.0970430374145508	1.1280250549316406	0.24051015079021454	0.46032384037971497	0.261368066072464	0.34619903564453125	0.5068789124488831	0.26257139444351196
0.5087292194366455	0.47835773229599	0.4640437066555023	0.6587565541267395	1.1343218088150024	0.12851686775684357	0.373454749584198	0.7864528298377991	0.28109681606292725	0.3592178225517273	0.15520206093788147	0.3772601783275604	1.1851569414138794	0.4048270583152771	0.4509219527244568	0.3618503510951996	0.6210957765579224	0.398574560880661	0.5433921217918396	0.4260215163230896	0.395031213760376	0.36862117052078247	0.4227322041988373	0.12677520513534546	0.3561653792858124	0.6157903671264648	1.0701264142990112	1.404304027557373	0.5317795872688293	0.3884272575378418	0.6044189929962158	0.23514002561569214	1.0917003154754639	0.34910106658935547	0.38131749629974365	0.08674445748329163	0.20414701104164124	0.4484539330005646	1.267797589302063	0.8985826969146729	0.3152315318584442	0.45305514335632324	0.23997512459754944	0.5251312851905823	0.14720824360847473	0.23266205191612244	0.5999494791030884	0.4097785949707031	0.5547949075698853	0.7954637408256531	0.9062804579734802	0.4927695691585541	0.7078084945678711	0.2909126877784729	0.5253757238388062	0.26037266850471497	0.5360143780708313	0.16569820046424866	0.17951065301895142	0.6331539750099182	0.2317432463169098	0.7127728462219238	0.7278561592102051	0.5983268022537231	0.3411118686199188	0.34707194566726685	1.2743711471557617	0.23643751442432404	0.8324484825134277	0.7225385904312134	0.4934505224227905	0.4370052218437195	0.01373564824461937	0.1392086148262024	0.6258373260498047	0.9093553423881531	0.6305949091911316	0.7292484641075134	0.31769365072250366	0.4941893517971039	0.5755131244659424	0.5525485277175903	0.310659259557724	0.3571179509162903	0.5777158141136169	0.39033061265945435	1.0037720203399658	0.5724042654037476	0.18035799264907837	0.16947540640830994	0.6204612851142883	0.4850956201553345	0.011251464486122131	0.35304728150367737	0.7532691955566406	0.5859369039535522	0.6939572691917419	0.5001924633979797	1.0233798027038574	0.08610352873802185	0.7636057734489441	1.1541898250579834	0.3002650737762451	0.7987843155860901	0.4282650351524353	0.7327378392219543	0.5337083339691162	0.18742716312408447	0.2813554108142853	0.5824291110038757	0.7083477973937988	0.17117589712142944	0.8703713417053223	0.5757191181182861	0.5739643573760986	0.47469082474708557	0.6325883865356445	0.4667953848838806	0.5653273463249207	0.31982630491256714	1.2814239263534546	0.6260698437690735	0.05076353996992111	0.6440389156341553	0.4263766407966614	0.8085154891014099	0.22531087696552277	0.2939940392971039	0.33561280369758606	0.12903252243995667	0.25892868638038635	0.8713478446006775	0.6960148215293884	0.4285019338130951	0.2809634804725647	0.7679176926612854	0.5557733774185181	0.4552653729915619	0.5667580962181091	0.3286217153072357	0.4034287929534912	0.4112102687358856	0.09630240499973297	0.3743589520454407	0.6404427886009216	0.617251992225647	0.5630282163619995	0.5582624077796936	1.332977294921875	0.461139976978302	0.4846048057079315	0.2882993817329407	0.5767593383789062	0.08244229108095169	0.1867770254611969	0.6756159067153931	0.7628697752952576	1.4265034198760986	0.2009967565536499	0.24636656045913696	1.00765061378479	0.23696959018707275	0.5650398135185242	0.510083019733429	0.21537669003009796	0.547622799873352	0.7054689526557922	0.34611544013023376	0.05552804470062256	2.1151559352874756	0.5855362415313721	0.31651249527931213	0.7705528736114502	0.7306256890296936	0.2589103579521179	0.18567486107349396	0.8165727257728577	1.010770320892334	0.4508819580078125	0.3436335027217865	0.3283291459083557	0.8810656070709229	0.34312254190444946	0.7546024918556213	0.6165918707847595	1.2078325748443604	0.3125838041305542	0.176674023270607	0.6845932602882385	0.4921145737171173	0.6826827526092529	0.19917786121368408	0.7482665181159973	0.15294474363327026	0.5124009847640991	0.6017982959747314	0.6219522953033447	0.3062434494495392	0.6349434852600098	0.6961763501167297	0.4790235459804535	1.0806463956832886	0.7920844554901123	0.34007349610328674	0.34607723355293274	0.4152614176273346	0.3962435722351074	0.4363141655921936	1.3635066747665405	0.27195799350738525	0.45938441157341003	0.5303211212158203	0.1487177461385727	0.45806020498275757	0.7844415903091431	0.6726733446121216	0.41128361225128174	0.24328097701072693	0.1794322282075882	0.17453508079051971	0.22707301378250122	0.19855435192584991	0.4198625683784485	0.39757102727890015	0.3977300524711609	0.4171464741230011	0.4627605080604553	0.5906074047088623	0.48137107491493225	0.38367658853530884	0.45263510942459106	0.53279048204422	0.48481878638267517	1.5010638236999512	0.8167932629585266	0.6037067174911499	0.3749603033065796	0.8146383762359619	1.011188268661499	0.3116591274738312	0.6326577663421631	0.476300984621048	0.662812352180481	0.46720585227012634	0.36145588755607605	0.4115890860557556	0.3735154867172241	0.44546252489089966	0.4207387864589691	0.7381539344787598	0.5101884007453918	0.6510335206985474	0.11958980560302734	0.8747695684432983	0.5800144672393799	0.5351310968399048	0.10636906325817108	0.7116588950157166	0.9008170366287231	0.27340927720069885	1.0673737525939941	0.5544665455818176	0.4544444680213928	0.36709341406822205	0.17134705185890198	0.39163777232170105	0.7459426522254944	0.21769729256629944	0.6753274202346802	0.2484755963087082	0.42053547501564026	0.28035303950309753	0.1216857060790062	0.6170457601547241	0.37099677324295044	0.4144197702407837	0.8324724435806274	0.5402964949607849	0.33699044585227966	0.605380654335022	0.14531847834587097	0.6505509614944458	0.2610790729522705	0.20290689170360565	0.42629948258399963	0.49452489614486694	0.2692706882953644	0.6589134931564331	0.026578417047858238	0.4710589647293091	0.6268808841705322	0.3467065095901489	0.4360049366950989	0.6823813915252686	0.29510459303855896	0.3436582684516907	0.283976674079895	0.2499462515115738	0.6143828630447388	1.0021588802337646	0.26790547370910645	0.5522432327270508	1.1467431783676147	0.6216282248497009	0.2795495390892029	0.28059250116348267	0.2612559497356415	0.5931686758995056	0.43379929661750793	1.4534424543380737	0.7571468353271484	0.3775164484977722	0.7686910033226013	0.3461809754371643	0.34939906001091003	0.6766769289970398	0.1404111236333847	0.8235223293304443	0.4653797447681427	1.5787473917007446	0.2954374849796295	0.2934560477733612	0.14504259824752808	1.0202537775039673	0.6670772433280945	0.13655923306941986	0.7019214034080505	0.40816017985343933	0.4993676245212555	0.2883952260017395	0.9060469269752502	0.47419479489326477	0.2903018593788147	1.1636379957199097	1.0213528871536255	0.475520521402359	0.5714858770370483	0.7034205198287964	0.44176483154296875	0.34623003005981445	0.10421333461999893	0.5612558126449585	0.1675756871700287	0.49794650077819824	0.14412108063697815	0.6217913031578064	0.5296962857246399	0.3609389662742615	0.6930374503135681	0.15531422197818756	0.8382366299629211	0.43292301893234253	0.4343854784965515	0.6080200672149658	0.3055286407470703	0.3835492432117462	0.24755410850048065	0.5040298700332642	0.1537708193063736	0.23066411912441254	0.30400550365448	0.82603919506073	0.6288266777992249	0.17900227010250092	0.49083569645881653	0.9821110367774963	0.6748157739639282	0.02127034217119217	0.18166178464889526	0.38104447722435	0.48869588971138	0.5480431318283081	0.4966256320476532	0.4351867735385895	0.18689227104187012	0.7461859583854675	1.4980158805847168	0.28209376335144043	0.4443758726119995	0.595647931098938	0.3273363709449768	0.6337754726409912	0.5626291632652283	0.265787810087204	0.4957655668258667	0.3901885151863098	0.5752168893814087	0.2937389314174652	0.7379635572433472	0.23117858171463013	0.4194490909576416	0.7412945032119751	0.5822471380233765	1.4820239543914795	0.41677653789520264	0.6877476572990417	0.8271099925041199	0.3202030658721924	1.244091272354126	0.5685743689537048	0.34871023893356323	0.2856685519218445	0.48090553283691406	0.31158000230789185	0.4425314664840698	0.41003766655921936	0.785276472568512	0.6968005895614624	0.7569079399108887	0.2544357478618622	1.1172138452529907	0.19534894824028015	0.650590181350708	0.12833017110824585	0.8294548988342285	1.052509069442749	0.4248735308647156	1.0413542985916138	0.586188018321991	1.3679637908935547	0.2207454890012741	0.05677730590105057	0.8911993503570557	0.26656126976013184	0.5102372169494629	0.578264057636261	0.2809561491012573	0.2917425036430359	0.4258536994457245	0.06935503333806992	0.3988572359085083	0.8758699893951416	0.433118999004364	0.58824622631073	0.542346179485321	0.3596682548522949	0.3555493950843811	1.0967830419540405	0.535704493522644	0.11812013387680054	0.6372557878494263	0.7702195644378662	0.4203554093837738	1.0188367366790771	0.6501378417015076	0.5000838041305542	1.0137224197387695	0.5692670345306396	0.18285031616687775	0.5475550293922424	0.8898108601570129	0.11378546804189682	0.13153304159641266	1.0739076137542725	0.41393497586250305	0.28732430934906006	0.4382598400115967	0.37900248169898987	0.23586386442184448	0.1534191220998764	0.3204278349876404	0.32282891869544983	0.417544960975647	0.3813537359237671	0.20399488508701324	0.28100812435150146	0.37348246574401855	0.2709638178348541	0.10732695460319519	0.44820091128349304	0.5760644674301147	0.584656834602356	0.22924622893333435	0.17682141065597534	0.8614785671234131	0.9273765087127686	0.914385199546814	0.5927852392196655	0.2671635150909424	0.5200434923171997	0.27537021040916443	0.48255455493927	1.066271424293518	0.17275679111480713	0.14392666518688202	0.32554253935813904	0.42986780405044556	0.989753782749176	0.6251094341278076	0.4023149013519287	0.45397233963012695	0.3824693262577057	0.4628334641456604	0.27294111251831055	0.5067216157913208	0.3793574571609497	0.6547634601593018	0.3296865224838257	0.2813854217529297	0.48884347081184387	1.3192604780197144	0.3903336226940155	0.29916197061538696	0.3386619985103607	0.0	1.1689320802688599	0.9548691511154175	0.6085717082023621	0.16113895177841187	0.39722874760627747	0.3940780460834503	1.0276544094085693	0.653476357460022	0.2972169518470764	0.596828043460846	0.49247226119041443	0.2894723415374756	0.48283517360687256	0.32182544469833374	0.7782989740371704	0.5928117632865906	1.0708783864974976	0.9509128332138062	0.5840110778808594	0.4183674454689026	0.22379878163337708	1.5302985906600952	0.2896153926849365	0.6240862607955933	0.7148965001106262	1.5798505544662476	0.6923075318336487	0.569532573223114	0.44133517146110535	0.21454057097434998	0.3964480757713318	0.22921550273895264	0.39098018407821655	0.3486061096191406	0.43864354491233826	0.700442910194397	0.5201394557952881	0.43815839290618896	1.2575510740280151	0.24572744965553284	0.34657761454582214	0.6839749217033386	0.4370029866695404	1.1073154211044312	1.2483144998550415	1.0360493659973145	0.5492980480194092	0.46527472138404846	0.4300580620765686	0.4176638722419739	0.30512934923171997	0.4760110080242157	0.4675740897655487	0.5720365643501282	0.49734705686569214	0.28219327330589294	1.367660403251648	0.1645837128162384	0.5198497176170349	1.3747485876083374	0.11596567183732986	0.7542159557342529	0.17230921983718872	0.3675837814807892	1.3744819164276123	0.6341122388839722	0.7716551423072815	1.586521029472351	0.002830028533935547	0.48016321659088135	0.5038053393363953	0.3156413435935974	0.21260561048984528	0.4669654965400696	0.42621177434921265	0.8270654678344727	0.47051945328712463	0.5668661594390869	0.5195032954216003	0.7400559186935425	0.5426703691482544	0.5188848972320557	0.49062442779541016	0.7285407185554504	0.6724151372909546	0.7057760953903198	0.02380947396159172	0.8997207880020142	0.6665235161781311	0.15864908695220947	0.20733559131622314	0.6781695485115051	0.08431984484195709	0.5092254877090454	0.5683882832527161	0.18048061430454254	0.14133812487125397	0.5078714489936829	0.5603993535041809	0.5111495852470398	0.39566949009895325	0.9641632437705994	0.15276461839675903	0.5056882500648499	0.9051346182823181	0.4941200613975525	0.499319463968277	0.24649646878242493	0.8814010620117188	0.15874427556991577	0.9460459351539612	0.3282856047153473	0.4866550862789154	0.4423828423023224	0.6845119595527649	0.3156242370605469	0.3624946177005768	0.5973803400993347	0.4860156774520874	0.13948708772659302	0.3138142228126526	0.9836316108703613	0.4467829465866089	0.7433018684387207	0.8022428154945374	0.5509728193283081	0.1459961235523224	0.1671343892812729	1.080469012260437	0.41104763746261597	0.4264185428619385	0.5951699018478394	0.4164060950279236	0.11551015079021454	0.2655375599861145	0.5276668071746826	0.5826259851455688	0.2833298444747925	0.7705159783363342	1.5649003982543945	0.7449555993080139	0.2454473376274109	0.3585053086280823	0.5951078534126282	0.7690377831459045	0.17911753058433533	0.2691686153411865	0.5333204865455627	0.35896095633506775	0.48856157064437866	0.10538341850042343	0.5946637392044067	0.766083836555481	0.2533142864704132	0.43130043148994446	0.35651928186416626	0.0359218530356884	0.4791850745677948	0.41763556003570557	1.056902289390564	1.1106382608413696	0.5296974778175354	0.3825850188732147	1.0002859830856323	0.1655493527650833	0.21853552758693695	0.4632394015789032	0.5551342964172363	0.6430134773254395	0.5770784020423889	1.0309725999832153	0.9222663044929504	0.24879229068756104	0.605080783367157	0.1786167323589325	0.5733338594436646	0.3686217963695526	0.38373297452926636	0.7043870687484741	0.3429310917854309	0.48884692788124084	0.45477408170700073	0.49807462096214294	0.2466980516910553	0.1673882156610489	1.7833476066589355	0.9742727875709534	0.032377056777477264	0.21919995546340942	0.3011913001537323	0.2217746078968048	0.2403174489736557	0.5517255067825317	0.9828060865402222	0.15299314260482788	0.6510614156723022	1.0724388360977173	0.46569398045539856	0.11637041717767715	0.48232483863830566	0.6310197114944458	0.5523972511291504	0.8687812685966492	0.4826628863811493	1.275673270225525	1.0554832220077515	0.6639760732650757	1.186207890510559	0.13085536658763885	0.3021059036254883	0.27742627263069153	0.16684496402740479	0.28238433599472046	1.1513242721557617	0.6561789512634277	0.8016103506088257	0.599153995513916	0.6915059685707092	0.4856969118118286	0.7710610032081604	0.9632822871208191	0.9317345023155212	0.13341012597084045	0.5626019835472107	0.42140084505081177	0.3093807101249695	0.4008370637893677	0.23425978422164917	0.6267396211624146	0.9876904487609863	0.9218853712081909	0.34175753593444824	1.5487728118896484	0.7485109567642212	0.26957470178604126	0.5503618717193604	0.7026572823524475	1.2012598514556885	0.5533503293991089	0.16910246014595032	0.4272778034210205	0.6565207242965698	0.5247222185134888	0.38407185673713684	0.3433496356010437	0.33302217721939087	0.43869003653526306	0.5617241859436035	0.29156625270843506	0.13883942365646362	0.6501506567001343	0.5016751885414124	0.5333396196365356	0.4330512285232544	0.44651126861572266	1.4040005207061768	0.6301523447036743	0.19536350667476654	0.5300540924072266	0.5409937500953674	0.2670924961566925	0.44398850202560425	0.7330318689346313	0.17478123307228088	0.6190075874328613	0.399177610874176	0.50221848487854	0.6060590744018555	0.7605922222137451	1.1544212102890015	0.08957396447658539	0.5025237798690796	0.2695564329624176	0.12392276525497437	0.31524398922920227	0.47665590047836304	0.4016077518463135	0.9700332283973694	0.551861047744751	0.29328402876853943	0.3722686767578125	0.07574111968278885	0.4233587980270386	0.20625579357147217	0.4723549485206604	0.6626269817352295	0.37491321563720703	0.7502384781837463	0.41891711950302124	0.8040304780006409	0.6598055362701416	1.698016881942749	0.47797900438308716	0.34580981731414795	0.6832325458526611	0.5435266494750977	0.5226044058799744	0.26583778858184814	0.8244640827178955	0.2707250714302063	0.46024584770202637	0.5052229166030884	0.6776944398880005	0.7322414517402649	0.5396223664283752	0.3900020718574524	0.6669451594352722	0.3280382454395294	0.6641653776168823	0.2353433072566986	0.9541352987289429	0.5332444906234741	0.7912352085113525	0.20606493949890137	0.07955535501241684	0.7064124941825867	0.5144571661949158	0.5262603163719177	0.4114782512187958	0.48816728591918945	0.754951536655426	0.3482710123062134	0.3594149053096771	1.3088467121124268	0.07016322761774063	0.43418243527412415	0.6641758680343628	0.5364657640457153	1.7442421913146973	0.8706663846969604	0.7827877402305603	0.21781808137893677	0.5973379015922546	0.3683825731277466	0.15111282467842102	1.3250268697738647	0.37330520153045654	1.043489694595337	0.3189091682434082	1.2212295532226562	0.6055641174316406	0.5503013134002686	0.5381829738616943	0.4006442725658417	0.17771437764167786	0.602375864982605	0.22985994815826416	0.7435688972473145	0.9523154497146606	0.17783842980861664	0.3113611042499542	0.8955859541893005	0.6455858945846558	0.40966272354125977	0.587700366973877	0.49403566122055054	0.06458468735218048	0.35766541957855225	0.7917464375495911	0.19132129848003387	0.5133638381958008	0.6469539999961853	0.2196330726146698	0.24326293170452118	0.535971999168396	0.8050733804702759	0.5722984075546265	0.17190420627593994	0.6815712451934814	0.5184288620948792	0.6132646203041077	0.4403364658355713	0.6552730202674866	0.4451393187046051	0.5328559875488281	0.6763688325881958	0.8094973564147949	0.4360108971595764	0.6549538373947144	0.19684481620788574	0.5977613925933838	0.6185950636863708	0.2190132737159729	0.9846773743629456	0.34008172154426575	0.43772605061531067	0.45251184701919556	0.4009541869163513	0.6799298524856567	0.7502938508987427	0.6948035955429077	0.20200121402740479	0.24127258360385895	0.9684808254241943	1.0815414190292358	0.6050922870635986	0.536007821559906	1.1219913959503174	0.262045681476593	0.263165146112442	1.4646984338760376	0.6188193559646606	0.5037621855735779	0.5453164577484131	0.2470584213733673	0.3094479739665985	0.6740859150886536	0.34279927611351013	0.41641443967819214	0.47114598751068115	0.3491358160972595	0.45091119408607483	0.10965974628925323	0.1954270750284195	0.9164162874221802	0.6120973229408264	0.32693445682525635	0.2652249038219452	0.3756217062473297	0.04325544834136963	0.5042684078216553	0.6729478240013123	0.5712783932685852	0.3938421308994293	0.387387216091156	0.6189069747924805	1.439206600189209	0.2152775675058365	0.6966200470924377	0.3201351463794708	0.4948609173297882	0.15305501222610474	0.4567844271659851	0.23261746764183044	0.8189013004302979	0.6960141062736511	0.4740869998931885	0.5027020573616028	0.24692250788211823	0.25847816467285156	0.5907372832298279	1.1489238739013672	0.48677605390548706	0.5127977132797241	0.8376802206039429	0.9818552136421204	0.8018209934234619	1.0263779163360596	0.37711837887763977	0.6695796847343445	0.2920936048030853	1.043547511100769	0.22930669784545898	0.40571290254592896	0.3566308617591858	0.28622356057167053	0.42454972863197327	0.5315265655517578	0.5688046813011169	0.3013080954551697	1.1295673847198486	0.5174340009689331	0.5141021013259888	2.365100860595703	0.43415236473083496	0.3176429271697998	0.5578528642654419	0.4849003553390503	0.44719332456588745	0.5848284363746643	0.05007541924715042	0.544647216796875	0.46550318598747253	0.6382993459701538	0.28814178705215454	0.6494385004043579	0.569896936416626	0.5685937404632568	0.45090094208717346	0.42967087030410767	0.24212010204792023	0.38215482234954834	0.29922112822532654	0.7877505421638489	0.9422953128814697	0.38408994674682617	0.038664259016513824	0.8017546534538269	0.6759158968925476	1.176151990890503	0.6724013686180115	0.6644569039344788	0.5099062323570251	0.603308379650116	0.19225862622261047	0.7167567610740662	0.5022644996643066	0.5550796985626221	0.16783355176448822	0.12020810693502426	0.2508465349674225	0.39479416608810425	0.5007306337356567	0.521605908870697	0.33560410141944885	1.0877255201339722	0.06786692142486572	1.2067835330963135	0.2860492765903473	0.3196147680282593	1.4356915950775146	0.6610543727874756	0.35304826498031616	0.6337075233459473	0.5349451899528503	0.04872076213359833	0.21149493753910065	0.6507342457771301	0.7970036268234253	0.5695844888687134	0.4084416627883911	0.4828096032142639	0.198430597782135	0.08861932903528214	0.29793787002563477	0.44286978244781494	0.8419160842895508	0.41471272706985474	0.23199579119682312	1.1283838748931885	0.608106791973114	0.550844669342041	1.289220929145813	0.4203283488750458	0.49878963828086853	0.3769332468509674	0.8381904363632202	0.8317439556121826	0.41385138034820557	1.2532721757888794	0.17328901588916779	0.15821902453899384	1.5811686515808105	0.15415963530540466	0.6457809805870056	0.5174442529678345	1.2974263429641724	0.7712974548339844	0.6303614974021912	0.6760006546974182	0.23277127742767334	0.5230940580368042	0.25596266984939575	0.5320782661437988	0.5100633502006531	0.837986946105957	0.5554366111755371	0.22115014493465424	0.6318446397781372	0.3632521629333496	0.34695935249328613	0.30124011635780334	0.34494611620903015	0.45957109332084656	0.28234240412712097	0.5933504104614258	0.44341883063316345	0.49812036752700806	0.5448055267333984	0.35694947838783264	1.0548605918884277	0.8982439637184143	0.47031593322753906	0.6748087406158447	0.2552555799484253	0.2724906802177429	0.6227773427963257	1.0753164291381836	0.9552648067474365	0.3187844753265381	0.36546120047569275	0.4730108082294464	0.5825565457344055	0.7642576098442078	0.2678309977054596	0.28605419397354126	0.7023429870605469	0.9597175717353821	0.6033104062080383	0.2887931764125824	0.49975427985191345	0.8689914345741272	0.47235411405563354	0.4784940481185913	0.668958306312561	0.3482058644294739	0.34436166286468506	0.38122883439064026	0.11232951283454895	1.3865618705749512	0.2980290353298187	1.1241849660873413	0.6504451632499695	0.4949243664741516	0.1822551041841507	0.24695900082588196	0.8231120705604553	0.36385512351989746	0.5323248505592346	0.8766869902610779	0.40211784839630127	0.5498154163360596	0.4627830684185028	1.037639856338501	1.0593194961547852	0.04401456564664841	0.8563347458839417	1.1848973035812378	0.4271615147590637	0.42967379093170166	0.27545467019081116	0.5744863748550415	0.15247604250907898	0.5880802273750305	0.12929895520210266	0.6713008284568787	0.38351547718048096	0.9596828818321228	0.623573362827301	0.8077236413955688	0.34629422426223755	1.0649220943450928	0.9113531112670898	0.3434045612812042	0.48055294156074524	0.4264126420021057	0.6394087076187134	0.25573018193244934	1.3861943483352661	0.5470548868179321	0.20107746124267578	0.4480569660663605	0.6030285358428955	0.5276445746421814	0.383512020111084	0.16622866690158844	0.27234503626823425	0.531810998916626	0.2677689492702484	0.31983253359794617	0.15570424497127533	0.29863134026527405	1.3462626934051514	0.597064733505249	0.3127455413341522	0.7982066869735718	0.5617333650588989	0.2407810091972351	0.18231827020645142	0.8684415817260742	0.1995198279619217	0.23834916949272156	0.8597367405891418	0.22786538302898407	0.5037118792533875	0.5098862051963806	0.5808466076850891	0.028351470828056335	0.4305840730667114	0.47757285833358765	0.5774113535881042	0.07830923050642014	0.7668143510818481	0.34049907326698303	0.5837196111679077	0.3392369747161865	0.703284740447998	0.1623709797859192	0.9670373797416687	0.24846653640270233	0.6672202944755554	0.8002339601516724	0.5056828856468201	0.15223945677280426	0.24731236696243286	0.3177611529827118	0.5290164947509766	0.2603686451911926	0.19512939453125	0.5188837647438049	0.28512004017829895	0.46880990266799927	0.7102788686752319	0.6039853096008301	0.1555817574262619	0.42209747433662415	0.9427018761634827	0.8856937885284424	0.850568950176239	0.26167863607406616	0.5340842604637146	0.3985832929611206	0.6533412933349609	0.535093367099762	0.47461143136024475	0.5009024143218994	0.05840844660997391	0.4669145941734314	1.225541591644287	0.7482404708862305	0.8047440648078918	0.5368865728378296	0.8716049194335938	0.3330855369567871	0.4720355272293091	0.5945231914520264	0.2767637073993683	0.5290554761886597	0.8734104037284851	0.4404754638671875	0.26455217599868774	0.7063896059989929	1.0547891855239868	0.0650639608502388	0.9683692455291748	0.36899566650390625	0.49453261494636536	0.21636700630187988	0.8532730340957642	0.4883117079734802	0.9473369717597961	0.5947104692459106	0.6217471361160278	0.8921480178833008	0.33979177474975586	0.3907390832901001	0.5748192667961121	0.9533596038818359	0.43151986598968506	1.432884931564331	0.6390910148620605	1.0013372898101807	0.2975388765335083	0.9169563055038452	0.2983568608760834	0.7556867599487305	0.5790623426437378	0.45684951543807983	0.20559974014759064	0.16381461918354034	0.1786007285118103	0.6129288077354431	0.7439906597137451	0.5155068635940552	0.2341383993625641	0.47550514340400696	0.4795369505882263	0.6779891848564148	0.3145756125450134	0.640849769115448	0.09745249897241592	0.5381959080696106	0.3432904779911041	0.24018745124340057	0.06318587064743042	0.3196362555027008	0.2686181962490082	0.5197117924690247	0.768598735332489	0.501634418964386	1.3985639810562134	0.5292579531669617	1.9269795417785645	0.3475349545478821	0.47772324085235596	0.8734378814697266	0.5440189838409424	0.18108312785625458	0.5890034437179565	0.4736381471157074	1.0198477506637573	1.3196085691452026	0.8094344139099121	0.554287850856781	0.7470322847366333	0.6189338564872742	0.5433840155601501	0.531181275844574	0.636282742023468	0.059152036905288696	0.2830996811389923	0.4475528299808502	0.1544816493988037	0.7839783430099487	0.691084623336792	0.21303550899028778	0.35038015246391296	0.46610283851623535	0.3288342356681824	0.5302391052246094	0.09345036745071411	0.3043448328971863	0.4078924059867859	0.39025768637657166	0.14483655989170074	0.20288342237472534	0.6060987114906311	0.4533655643463135	0.6527599692344666	0.6382606029510498	0.29648104310035706	0.4908672869205475	0.3904205560684204	0.4582926034927368	1.4051457643508911	0.7198323011398315	0.9636436700820923	0.40844592452049255	0.5323875546455383	0.29232603311538696	0.5831282734870911	1.1537487506866455	1.0249923467636108	0.2092292308807373	0.46588560938835144	0.08490729331970215	0.399865984916687	1.1708056926727295	0.27047625184059143	1.171459674835205	0.27870965003967285	0.14633578062057495	0.2503036558628082	0.7677492499351501	0.8225039839744568	0.5278551578521729	0.5801161527633667	0.39039114117622375	0.6332241892814636	1.5619453191757202	0.5878804326057434	0.5043920874595642	0.35164085030555725	0.7409150004386902	0.7045966386795044	0.7030113935470581	0.19112206995487213	0.31206128001213074	0.2129853069782257	0.48674753308296204	0.8014062643051147	1.429897427558899	1.062976360321045	1.381021499633789	0.6734387874603271	0.24568262696266174	0.8175630569458008	0.6171044111251831	0.8391340374946594	0.5410925149917603	0.47858428955078125	0.34078019857406616	0.41286906599998474	0.21828757226467133	0.4613819420337677	0.8600215315818787	0.6048941016197205	0.48925474286079407	0.24860985577106476	0.5308692455291748	0.5339587330818176	1.3451008796691895	0.6975185871124268	1.4931836128234863	1.3939990997314453	0.1439901739358902	0.5381124019622803	0.8180556297302246	1.3368958234786987	0.5427596569061279	0.4827120304107666	0.7890740633010864	0.6670350432395935	0.4882546663284302	0.43334832787513733	0.568045973777771	0.4569670557975769	0.24701689183712006	0.517652153968811	0.9204405546188354	0.4681388735771179	0.47797277569770813	0.7469661235809326	0.5592828989028931	0.857916533946991	0.09573368728160858	0.4417709410190582	0.03283743932843208	0.12238387763500214	0.3722808361053467	0.17652687430381775	0.6623843908309937	0.7525377869606018	0.12419677525758743	0.5805441737174988	1.0246407985687256	0.2604686915874481	0.3795755207538605	0.31353458762168884	0.3727690875530243	0.4560309946537018	0.5967661142349243	0.2802073061466217	0.7238448262214661	0.15918515622615814	0.2769235670566559	0.3232705593109131	0.17782002687454224	0.995263934135437	0.16620837152004242	0.9967418313026428	0.21854951977729797	0.37067079544067383	0.5183281898498535	0.4522740840911865	0.45323455333709717	0.39076659083366394	0.7224823832511902	0.5783144235610962	0.23767642676830292	0.44905224442481995	0.35124510526657104	0.7659040093421936	0.13264745473861694	0.31075242161750793	0.4280431270599365	0.5333989858627319	0.859143853187561	0.2068050652742386	0.04104830324649811	0.6531738042831421	0.78978431224823	0.40960147976875305	0.6036063432693481	0.3429431915283203	0.24502715468406677	0.8568907380104065	0.6719845533370972	0.30109989643096924	0.6835281252861023	0.9104999899864197	0.5373460650444031	0.2218993455171585	0.9871416091918945	0.5855615139007568	1.1534323692321777	0.2835410237312317	0.9526945352554321	0.4659810960292816	0.4672154486179352	0.9081103801727295	0.7500051259994507	0.5097095966339111	0.3424503207206726	0.4261075556278229	0.9497404098510742	0.5830907225608826	0.3355903625488281	0.6250641942024231	0.43166255950927734	0.6080420017242432	0.184889554977417	0.7399210333824158	0.42366406321525574	0.24561119079589844	0.007397551089525223	0.21492116153240204	0.5038089752197266	0.899766743183136	0.3708016872406006	0.5206634998321533	0.7496180534362793	0.3902076780796051	0.9798726439476013	0.5398275852203369	0.37784212827682495	0.15711654722690582	0.4556993842124939	0.6532183885574341	0.9001274108886719	0.5696097612380981	0.35186076164245605	0.14534905552864075	0.7580733895301819	0.6592528820037842	0.506301999092102	0.24194000661373138	0.6337265372276306	0.11361654102802277	0.05371801182627678	0.8764114379882812	0.23008055984973907	0.4034741222858429	0.4137730002403259	0.8111304640769958	0.16779457032680511	0.5750958323478699	0.587126612663269	0.5387621521949768	0.7256785035133362	0.9572923183441162	0.2555272877216339	0.8674856424331665	0.38250425457954407	0.378696471452713	0.727009654045105	0.32994142174720764	0.4403843879699707	0.4216659367084503	0.5893650054931641	0.3528026342391968	0.48941075801849365	0.6802331209182739	0.4382272958755493	0.4600462019443512	0.10063798725605011	0.5774969458580017	0.2860128581523895	0.9436176419258118	0.6215658783912659	0.35588371753692627	0.938356876373291	0.4017413258552551	0.9867566823959351	0.2571040987968445	0.6012483835220337	0.559536337852478	0.669670820236206	0.5272141098976135	0.5653064846992493	0.60617595911026	0.7796679735183716	0.6923617124557495	0.46707648038864136	0.14064539968967438	0.11411900818347931	0.17728137969970703	0.4001278281211853	0.6326854825019836	0.5228772163391113	1.410560131072998	0.5654755234718323	0.6817860007286072	1.1116963624954224	0.6038228869438171	0.7891824841499329	0.604718029499054	0.20872393250465393	0.37116163969039917	0.25203585624694824	0.35582855343818665	0.2790621519088745	0.5563148856163025	0.35566309094429016	0.8981462717056274	0.39947572350502014	0.352197527885437	0.7515619993209839	0.33221763372421265	0.2994886338710785	0.21224570274353027	0.7762830853462219	0.7177474498748779	0.6314680576324463	0.2875433564186096	0.5136274695396423	0.3017632067203522	0.4421142041683197	0.22002951800823212	0.3255859315395355	1.5298875570297241	0.4317794144153595	0.5476404428482056	1.4511535167694092	0.7851536273956299	0.37977173924446106	0.8373067378997803	0.7498106360435486	0.20492565631866455	0.2286362498998642	0.64268559217453	0.25484126806259155	0.7271280884742737	0.5114303827285767	0.6723143458366394	0.5881950855255127	0.45417922735214233	0.5213978886604309	0.5641101598739624	0.3680794835090637	0.6506710052490234	0.37790578603744507	0.2871847450733185	0.5574952363967896	0.4491893947124481	0.3235703706741333	0.6536434888839722	0.5598648190498352	0.33582744002342224	0.2995435297489166	0.4005677402019501	0.7526021599769592	1.3915659189224243	0.25114139914512634	0.08434752374887466	0.24316242337226868	1.2486231327056885	0.25068554282188416	1.6061863899230957	1.1465201377868652	0.5314875245094299	0.5085509419441223	0.43217405676841736	0.304170161485672	0.23934021592140198	0.15561166405677795	0.36086800694465637	0.45741602778434753	0.4282388389110565	0.8447962999343872	0.352846622467041	0.6067795753479004	0.5130805969238281	0.2220771163702011	0.6980684995651245	0.41843971610069275	0.31845980882644653	0.6594042778015137	0.3762134909629822	0.2080097198486328	0.32047373056411743	0.6451818346977234	0.16777466237545013	0.3238835036754608	0.9814518690109253	0.2332475483417511	0.6039506793022156	0.2212156057357788	0.17800697684288025	0.2277362197637558	0.44687822461128235	0.3867364823818207	0.6948148608207703	0.7784329056739807	0.696628987789154	0.22789838910102844	0.46201735734939575	0.3082928955554962	1.1852099895477295	0.29707133769989014	0.8162840008735657	0.8571341037750244	0.75874263048172	0.9854191541671753	0.7310854196548462	0.7074710726737976	0.26247358322143555	1.5419710874557495	0.6184166073799133	0.45042598247528076	0.5272358059883118	1.3957487344741821	0.18963950872421265	0.6688469648361206	0.26845917105674744	0.9351271390914917	0.5936309099197388	0.5521695613861084	0.39698535203933716	0.5158204436302185	0.8360204696655273	0.11385286599397659	0.47177654504776	0.6909208297729492	0.7303438186645508	1.4454597234725952	0.39207932353019714	0.42876237630844116	0.4275748133659363	0.19656343758106232	0.8198310136795044	0.31819266080856323	0.9703960418701172	1.0623582601547241	0.563554048538208	0.6625386476516724	0.6565108895301819	0.7568457722663879	0.40758436918258667	0.3112207353115082	0.39824920892715454	1.3795700073242188	0.08766017854213715	0.41257554292678833	0.6888408064842224	0.31637752056121826	0.11011994630098343	0.4977779984474182	0.4800357222557068	0.20716319978237152	0.22420698404312134	0.4280903935432434	0.9473634362220764	0.7300611138343811	0.3545647859573364	0.024600941687822342	0.5892574787139893	0.3362121284008026	1.5045599937438965	0.18917351961135864	0.838348388671875	0.5338522791862488	0.13862425088882446	0.4919341802597046	0.8800890445709229	0.36746934056282043	1.6320242881774902	0.41604796051979065	0.07621225714683533	0.4045284390449524	0.3553610146045685	0.4541924297809601	0.26751595735549927	0.10296320915222168	0.25838473439216614	0.2379181981086731	1.050607442855835	0.439386248588562	0.43639814853668213	0.6186781525611877	1.3240476846694946	0.14180412888526917	0.9009849429130554	0.1159769594669342	0.7322568893432617	0.6067280173301697	0.8841670155525208	0.8756871223449707	0.5456972718238831	0.38688889145851135	0.8119053244590759	0.6929771304130554	0.49852579832077026	0.6930453777313232	0.2653023600578308	0.24069476127624512	0.5258397459983826	0.19049899280071259	0.42751574516296387	0.760382890701294	0.8603309988975525	0.5403926372528076	0.5061330795288086	0.10399919003248215	0.20133712887763977	0.2566069960594177	0.47467729449272156	0.816033661365509	0.5977609753608704	0.91224604845047	0.5671025514602661	0.34687745571136475	1.3859748840332031	0.5340055227279663	0.298980176448822	0.722001850605011	0.4037182927131653	0.3938499391078949	0.6014991402626038	0.206678107380867	0.5553709864616394	0.5263406038284302	0.390929639339447	0.7546297311782837	0.7506605982780457	1.7364674806594849	0.4097868800163269	0.14331726729869843	0.6328956484794617	0.2840489447116852	0.5038461685180664	0.2765725255012512	0.575960099697113	0.3505178391933441	1.185315728187561	0.6322092413902283	0.7979503273963928	0.5460943579673767	1.2105375528335571	0.8011650443077087	0.5961163640022278	0.4385070502758026	0.4707435369491577	0.8408663868904114	0.28810232877731323	0.5236640572547913	0.32329416275024414	0.3666830062866211	0.37142351269721985	0.6424996256828308	0.13077698647975922	0.23517608642578125	0.17257601022720337	0.3943175673484802	0.07778095453977585	0.29600685834884644	0.5330389738082886	0.6122358441352844	0.36770281195640564	0.24037910997867584	0.47354453802108765	0.34616726636886597	0.9538108706474304	0.4261229932308197	0.5872121453285217	0.5218746662139893	0.3683873116970062	0.46069246530532837	1.0547105073928833	0.10586387664079666	0.5462155938148499	0.10682500153779984	0.45450639724731445	0.3908388912677765	0.6390601992607117	0.9968517422676086	0.4664231240749359	0.5577560067176819	0.5979182124137878	1.2375167608261108	0.7627459764480591	0.318697065114975	1.0473872423171997	0.7919644713401794	0.6831211447715759	0.6195483207702637	0.2630790174007416	0.12114451825618744	0.2753700613975525	0.7405374050140381	0.6551997065544128	0.19785341620445251	0.254962682723999	0.37391507625579834	0.19082389771938324	0.31495383381843567	0.399427592754364	0.5202720165252686	0.3198924660682678	0.49418842792510986	0.5640638470649719	0.9311906099319458	0.6507692337036133	0.404307097196579	0.5898206830024719	0.30905893445014954	0.3387284278869629	1.575769066810608	0.6704559922218323	0.4260270595550537	0.5006774067878723	0.1699581742286682	0.7221295237541199	0.3146194815635681	0.3695763647556305	0.3431835472583771	0.6415179967880249	0.24676194787025452	0.7996084690093994	0.5104003548622131	1.0118809938430786	0.30062341690063477	0.3872910439968109	0.42556607723236084	0.6496604681015015	0.578394889831543	0.5456722974777222	0.5667188167572021	1.2540998458862305	0.4967583119869232	0.6767607927322388	0.7321605682373047	0.2951061427593231	0.8587560653686523	1.2352757453918457	0.30561167001724243	0.33891937136650085	0.6910175085067749	0.4703749120235443	0.3866426646709442	0.819027841091156	0.3342183530330658	0.04213503748178482	0.7821557521820068	0.4156668186187744	1.297788143157959	0.31072285771369934	0.6866359710693359	0.658735454082489	0.779805064201355	0.2946225702762604	0.14420436322689056	0.7266721725463867	0.9824731945991516	0.6152482032775879	0.7032285332679749	0.06331979483366013	0.34460246562957764	0.8079426288604736	0.2501952648162842	0.20170915126800537	0.3980119526386261	0.15472456812858582	0.543109655380249	0.24897156655788422	0.3003607988357544	0.7261682748794556	1.148702621459961	0.48384881019592285	0.3547261357307434	0.7973925471305847	0.1428091824054718	0.44788265228271484	0.599431574344635	0.3782818615436554	0.5254423022270203	0.33237189054489136	0.33464333415031433	0.7833279371261597	0.2563154399394989	0.30091142654418945	1.0238267183303833	0.33593785762786865	0.9388685822486877	0.18550853431224823	0.27824708819389343	0.36666062474250793	0.40345579385757446	0.6162324547767639	0.6085453629493713	1.056610107421875	0.062107428908348083	0.4909442663192749	0.47811412811279297	0.5775758624076843	0.6778518557548523	1.3209362030029297	0.5038796663284302	0.23908962309360504	0.4054933488368988	0.489836186170578	1.2191746234893799	0.36027514934539795	0.45896345376968384	0.5358126163482666	0.5744184851646423	0.6741929650306702	0.03290777653455734	0.4486923813819885	0.559691309928894	0.05001978576183319	0.5126635432243347	0.2051917463541031	0.8758978247642517	0.5479193329811096	0.45753419399261475	0.5213202238082886	0.6522460579872131	0.38161471486091614	1.5050697326660156	0.5727609992027283	0.41588154435157776	0.6999382376670837	0.8382360339164734	0.21540431678295135	0.4414604902267456	0.23870190978050232	0.640956699848175	0.30349379777908325	0.5564234852790833	0.4646233320236206	0.6893295645713806	0.8518568277359009	0.21312738955020905	0.9424734711647034	0.41365912556648254	0.2927688956260681	0.45129454135894775	0.6812100410461426	0.24826177954673767	0.3849914073944092	0.2767374813556671	1.3277337551116943	0.4161215126514435	0.1978505253791809	1.2149550914764404	0.058043163269758224	0.8327438831329346	0.31335723400115967	0.5677611827850342	0.28366219997406006	0.48356565833091736	0.6336860656738281	0.2955038249492645	0.3669314682483673	0.9034580588340759	0.484840452671051	0.3151230216026306	0.44469118118286133	0.34517142176628113	0.07663451135158539	0.6088173389434814	0.49192294478416443	0.3479616045951843	0.711083710193634	0.44224974513053894	1.4566113948822021	1.207697868347168	0.4736536741256714	0.7514200806617737	0.3388780653476715	0.49724242091178894	0.4854802191257477	0.8927329182624817	0.21743643283843994	0.39291152358055115	0.49577680230140686	0.5647922158241272	1.1796954870224	0.43009454011917114	0.28926026821136475	0.7537914514541626	0.8249409198760986
0.223434716463089	0.47193148732185364	0.38782015442848206	0.18418852984905243	1.6032285690307617	0.23349912464618683	0.3103414475917816	1.3081586360931396	0.23246502876281738	0.25644296407699585	0.11677633970975876	0.2563506066799164	1.1894699335098267	0.4660349488258362	0.4292507767677307	0.6358211040496826	0.3272605240345001	0.687182605266571	0.3916049003601074	0.5304391384124756	0.6095236539840698	0.4552541971206665	0.18546710908412933	0.2506038546562195	0.38308942317962646	0.6837178468704224	0.45943784713745117	1.183266043663025	0.6737083196640015	0.4590010941028595	0.5228481292724609	0.5361324548721313	0.5208736658096313	0.3525235056877136	0.5141483545303345	0.2166036069393158	0.14225554466247559	0.4794895350933075	0.7692429423332214	0.738975465297699	0.5358873605728149	0.0	0.1428857147693634	0.26563212275505066	0.25566625595092773	0.6161855459213257	0.35313650965690613	0.39779120683670044	0.3051724433898926	0.9666956067085266	0.7043238282203674	0.5215205550193787	0.6571184992790222	0.24612432718276978	0.9118204712867737	0.18345126509666443	0.21418116986751556	0.8622460961341858	0.40007898211479187	0.2542899549007416	0.17510975897312164	0.870822548866272	0.2282705157995224	0.7088515758514404	0.605496883392334	0.48234468698501587	0.7311338782310486	0.5443311929702759	0.13778170943260193	0.6710400581359863	0.33644890785217285	0.3853185772895813	0.1457175314426422	0.3897281289100647	0.396388977766037	0.7837093472480774	0.33657681941986084	0.39408308267593384	0.13052476942539215	0.4135393798351288	0.9190889000892639	0.5322956442832947	0.600006639957428	0.34335261583328247	0.35959750413894653	0.32031169533729553	0.8853115439414978	0.679480791091919	0.11157397925853729	0.3038374185562134	0.909524142742157	0.3500959277153015	0.3401431441307068	0.643160343170166	0.5006545186042786	0.35952460765838623	0.36234956979751587	0.6155202984809875	0.679678201675415	0.4920617640018463	0.13770878314971924	0.9448502659797668	0.23771661520004272	0.8021726608276367	0.38811975717544556	0.3702712655067444	0.4429619610309601	0.05118699371814728	0.781025230884552	0.6530048251152039	0.6456068158149719	0.35106161236763	0.9160226583480835	0.7088155746459961	0.8439743518829346	0.37585020065307617	0.54103022813797	0.5683330297470093	0.2528269290924072	0.10793618857860565	1.1379181146621704	0.6980037689208984	0.1601821780204773	0.3533366620540619	0.6216184496879578	0.47549968957901	0.38403695821762085	0.442814439535141	0.4401547908782959	0.6671994924545288	0.2195500135421753	0.4042115807533264	0.44272616505622864	0.48255422711372375	0.21845360100269318	0.4668542742729187	0.7484952211380005	0.3252112567424774	0.6740032434463501	0.1506752073764801	0.5120276212692261	0.29914966225624084	0.44277817010879517	0.28504452109336853	0.38205304741859436	0.6941694617271423	0.7203240394592285	0.7466472387313843	1.1859049797058105	0.7328436374664307	0.3503127694129944	0.5268108248710632	0.7096723914146423	3.731986726052128e-05	0.32975634932518005	0.5790166258811951	0.499312162399292	1.0261973142623901	0.20054133236408234	0.27308496832847595	0.6366720795631409	0.24001681804656982	0.41620564460754395	0.5053477883338928	0.4477786719799042	0.24000605940818787	0.24513211846351624	0.3382774293422699	0.0	0.43070659041404724	0.22074604034423828	0.4887715280056	0.7668322324752808	1.0388975143432617	0.43241339921951294	0.32118114829063416	0.6246512532234192	1.1243484020233154	0.33382290601730347	0.4498802423477173	0.29225805401802063	0.31708279252052307	0.49063169956207275	0.40114980936050415	0.7573908567428589	0.7435206174850464	0.1507028490304947	0.2169291377067566	0.6576144695281982	0.5644916892051697	0.6794042587280273	0.26284241676330566	0.7644861340522766	0.8232432007789612	0.5506036877632141	0.23827973008155823	0.5813452005386353	0.42006972432136536	0.8979723453521729	0.6765519976615906	0.6535629630088806	0.5752930641174316	0.402408242225647	0.4174109101295471	0.6810603141784668	0.43602195382118225	0.4808497130870819	0.6091374158859253	0.5088956356048584	0.46051979064941406	0.10024911910295486	0.6461347937583923	0.3060923218727112	0.4398031234741211	0.5444349646568298	0.5797138810157776	0.47971269488334656	0.26241129636764526	0.19283969700336456	0.684775710105896	0.20652103424072266	0.2002848982810974	0.26697665452957153	0.8333620429039001	0.5196678042411804	0.60676509141922	0.5394141674041748	0.8182865977287292	0.661513090133667	0.09048483520746231	0.749445378780365	0.6352964043617249	0.41784635186195374	1.4943766593933105	1.2941275835037231	0.41658785939216614	0.28938597440719604	0.9638060927391052	0.417305052280426	0.33599528670310974	0.5319899320602417	0.4995385706424713	1.0172226428985596	0.5174662470817566	0.23556116223335266	0.19554239511489868	0.33450424671173096	0.5366649627685547	0.2775251269340515	0.5949030518531799	0.9353970885276794	1.4219365119934082	0.7472045421600342	0.5476823449134827	0.5806841850280762	0.7026737928390503	0.5669896006584167	1.2420614957809448	1.1852012872695923	0.3027794063091278	0.3940216898918152	0.4356558322906494	0.5120525360107422	0.5151214599609375	0.5663360357284546	0.42837971448898315	0.49368512630462646	0.22332748770713806	0.6079319715499878	0.49618732929229736	0.6692366600036621	0.5567499995231628	0.49989116191864014	0.11747409403324127	0.142740398645401	0.33717721700668335	0.37775683403015137	0.5833691954612732	0.4280064105987549	0.5606269240379333	0.06901045143604279	1.116682529449463	0.36632564663887024	0.1696842461824417	0.315571665763855	0.7128612995147705	0.41270604729652405	1.1764591932296753	0.022592294961214066	0.4944955110549927	0.8891701698303223	0.3590715825557709	0.4594607353210449	0.2297036051750183	0.4632783532142639	0.23091529309749603	0.6583609580993652	0.2327122837305069	0.3251330554485321	0.6842849254608154	0.1772727072238922	0.3394549787044525	1.1690001487731934	0.32935845851898193	0.37003883719444275	0.27496811747550964	0.1317206621170044	0.4226323366165161	0.3185581564903259	1.4032657146453857	0.21139216423034668	0.16278274357318878	0.7940242886543274	0.6981173157691956	0.23188899457454681	0.760455846786499	0.10419632494449615	0.9818615317344666	0.5850796103477478	1.6808112859725952	0.1597563922405243	0.05084830895066261	0.1366000473499298	0.33959120512008667	0.6984837651252747	0.18326017260551453	0.4456470310688019	0.2477826476097107	0.2763272225856781	0.35924622416496277	1.1233347654342651	0.42582952976226807	0.2905425727367401	0.7218877673149109	1.1843321323394775	0.3788282871246338	0.8731293678283691	0.471455454826355	0.6426252722740173	0.587369441986084	0.17316819727420807	0.2507452070713043	0.099519282579422	0.7864358425140381	0.17019158601760864	0.6025044322013855	0.8696706295013428	0.45849913358688354	0.9462730884552002	0.31135988235473633	0.8804647326469421	0.3862330913543701	0.5249905586242676	0.5504433512687683	0.6384966373443604	0.21812736988067627	0.41408008337020874	0.4373098313808441	0.13136565685272217	0.5218296647071838	0.5862125158309937	0.8801101446151733	0.7600795030593872	0.3180791139602661	0.8800409436225891	0.48892727494239807	0.3576204180717468	0.6166572570800781	0.3084038496017456	0.47113484144210815	0.29795390367507935	0.4551980495452881	0.35516393184661865	0.5461916327476501	0.15897804498672485	0.8757256865501404	1.5684195756912231	0.37430697679519653	0.6966524720191956	0.6543598771095276	0.33304253220558167	0.6419957280158997	0.2190859317779541	0.5569551587104797	0.8410135507583618	0.4650171101093292	0.3794698119163513	0.1712610274553299	0.7191123962402344	0.24626249074935913	0.24028325080871582	0.770646333694458	0.26622000336647034	1.534467339515686	0.412527859210968	0.718256413936615	0.790038526058197	0.29576584696769714	1.213653802871704	0.9426025152206421	0.2522321939468384	0.34291359782218933	0.5819821953773499	0.4355223774909973	0.6708981394767761	0.8595831990242004	0.3141544461250305	0.4635592997074127	0.5587044954299927	0.23391328752040863	0.4363488554954529	0.3656538724899292	1.0994083881378174	0.1486867517232895	0.5439274907112122	0.8301739692687988	0.22378283739089966	0.5480378866195679	0.7812665104866028	0.6268925666809082	0.08814553171396255	0.0	0.8975188732147217	0.42204874753952026	0.32008033990859985	0.32369264960289	0.28333765268325806	0.6484231948852539	0.5770105123519897	0.1937970221042633	0.15751075744628906	0.2731359601020813	0.6017746925354004	0.4073917269706726	0.4948418140411377	0.12569311261177063	0.6584412455558777	1.2830349206924438	0.5597062110900879	0.004807598888874054	1.1554906368255615	0.8481780886650085	0.7396408915519714	0.7843979597091675	0.727584958076477	0.48124465346336365	1.387345314025879	0.24918177723884583	0.5816133618354797	0.6781930923461914	0.4521785080432892	0.37301456928253174	0.1782751977443695	1.0391842126846313	0.30557936429977417	0.17936889827251434	0.5752273797988892	0.5090270042419434	0.06465749442577362	0.1832740753889084	0.8724982738494873	0.5922737717628479	0.28286421298980713	0.21727553009986877	0.21192188560962677	0.030570995062589645	0.14831793308258057	0.3435613811016083	0.1551269292831421	0.41401344537734985	0.8770444393157959	0.37486591935157776	0.48469042778015137	0.3133047819137573	0.6486037969589233	0.4094846546649933	0.8744882941246033	0.9872257709503174	0.47310400009155273	0.8372749090194702	0.18104040622711182	0.36461567878723145	0.9479024410247803	0.022868741303682327	0.844384491443634	0.4623425602912903	0.3138388991355896	1.1920127868652344	0.5908815860748291	0.44405025243759155	0.5219191908836365	0.20736169815063477	0.8374056816101074	0.8865747451782227	0.4011327028274536	0.13560988008975983	0.6774477958679199	0.5295097827911377	0.3569735288619995	0.26857948303222656	1.3193809986114502	0.444572389125824	0.06435293704271317	0.10930386930704117	0.22629192471504211	1.1575149297714233	0.3229379653930664	0.5394585728645325	0.13560320436954498	0.3361925780773163	0.48325419425964355	0.4732253849506378	0.4913414716720581	0.4629703164100647	0.5111725330352783	0.40390855073928833	0.26964446902275085	0.5383380651473999	0.5570638179779053	0.45311611890792847	0.6147151589393616	0.9996210336685181	0.5728368759155273	0.7641637921333313	0.26558494567871094	0.22851522266864777	0.9630857110023499	0.3381681442260742	0.08571518957614899	0.6326067447662354	0.5722810626029968	0.5169578790664673	0.7154147028923035	0.6867325901985168	0.326582670211792	0.2861955165863037	0.07760979980230331	0.5317453742027283	0.4538409411907196	0.25315070152282715	0.668774425983429	0.5027984976768494	0.162181094288826	0.8180842995643616	0.17703810334205627	0.3304961919784546	0.5493309497833252	0.2983824610710144	0.5957179069519043	0.6545110940933228	0.4247431755065918	0.44603365659713745	0.5564312934875488	0.6547404527664185	0.2625342607498169	0.3622512221336365	0.5449065566062927	0.4363248944282532	0.3893166780471802	0.5323299169540405	0.23278509080410004	1.2732021808624268	0.3184570074081421	0.298749715089798	1.3160576820373535	0.2408069372177124	0.8469411730766296	0.09622825682163239	0.4876030683517456	1.3075988292694092	0.7537230849266052	0.3225594460964203	1.288578748703003	0.02451477199792862	0.409207820892334	0.33460524678230286	0.1894868016242981	0.21024316549301147	0.30137717723846436	0.21424934267997742	0.8910627365112305	0.37869977951049805	0.5521625280380249	0.6592552661895752	0.290818452835083	0.7870104908943176	0.4375739097595215	0.3304344117641449	0.5153474807739258	0.3580161929130554	0.6274230480194092	0.27191293239593506	0.8847565650939941	0.4807558059692383	0.432536244392395	0.18345950543880463	0.23873507976531982	0.2827049493789673	0.6478862762451172	0.3359619081020355	0.3143744468688965	0.4666885733604431	0.438448965549469	0.3628743886947632	0.7278228998184204	0.4450821280479431	0.5237326622009277	0.36854463815689087	0.1591392159461975	0.39855095744132996	0.2704784572124481	0.5027006268501282	0.09108579903841019	0.6420683860778809	0.16760389506816864	0.5194263458251953	0.25153130292892456	0.4659311771392822	0.2155188024044037	0.9229927062988281	0.2254699319601059	0.382475346326828	0.7217605113983154	0.41174644231796265	0.16823792457580566	0.22957584261894226	0.41119804978370667	0.7750570178031921	0.7808555960655212	0.7234136462211609	0.35169243812561035	0.24305866658687592	0.17436090111732483	0.7825416326522827	0.27588847279548645	0.2899031639099121	0.17911019921302795	0.42833107709884644	0.19637440145015717	0.43044182658195496	0.5984585881233215	0.48102301359176636	0.29973304271698	0.7103304862976074	1.4328171014785767	0.5962792634963989	0.4511711895465851	0.297542005777359	0.14761647582054138	0.034050293266773224	0.3823550343513489	0.24823647737503052	0.5272133350372314	0.4732448160648346	0.7556470632553101	0.33352190256118774	0.6571706533432007	1.0175559520721436	0.5128291845321655	0.4199071228504181	0.39437058568000793	0.4056982398033142	0.3501843810081482	0.35026970505714417	0.9349001049995422	0.9032873511314392	0.6886150240898132	0.4262855648994446	1.4134724140167236	0.2609485387802124	0.3528292179107666	0.4713578224182129	0.5492400527000427	0.33580827713012695	0.569023847579956	0.4982616901397705	1.2263567447662354	0.8068350553512573	0.6893331408500671	0.234069362282753	0.45500320196151733	0.37058332562446594	0.4809233546257019	0.42938873171806335	0.40797868371009827	0.23065213859081268	0.22726592421531677	0.5740668177604675	0.22609224915504456	0.35854679346084595	1.1203527450561523	0.5094743371009827	0.027196813374757767	0.24224427342414856	0.2518552541732788	0.14915840327739716	0.517240583896637	0.7786245942115784	0.7675513029098511	0.484163373708725	0.5625846982002258	0.8516312837600708	0.3140196204185486	0.09116477519273758	0.4995310306549072	0.41897809505462646	0.8499298095703125	0.6080926656723022	0.3709339499473572	0.5189594030380249	1.3137038946151733	0.4862338602542877	0.9634292721748352	0.33517444133758545	0.21132895350456238	0.5750439763069153	0.11189863830804825	0.5965535044670105	0.8488432168960571	0.6546956300735474	0.8834668397903442	0.7784824967384338	0.3512260317802429	0.47534269094467163	0.6432848572731018	0.4915260374546051	0.8853989243507385	0.15043890476226807	0.22022908926010132	0.28609341382980347	0.28421616554260254	0.22402091324329376	0.22034852206707	0.6101962924003601	0.2917342782020569	1.1145983934402466	0.559417188167572	1.0284560918807983	0.2751708924770355	0.18183550238609314	0.20511603355407715	0.9832044243812561	0.7683873772621155	0.39467957615852356	0.12600994110107422	0.2655927836894989	0.46807754039764404	0.3817197382450104	0.68126380443573	0.11675377935171127	0.5026136040687561	0.5770220756530762	0.6084341406822205	0.2377210259437561	0.0876149833202362	0.3363352417945862	0.7581572532653809	0.3152054250240326	0.5706304311752319	0.7295806407928467	1.4844657182693481	0.7414887547492981	0.3018612265586853	0.409074604511261	0.46834278106689453	0.20718523859977722	0.5690973401069641	0.6237449645996094	0.3308948278427124	0.6044228076934814	0.43182963132858276	0.6508041620254517	0.48041629791259766	0.3159441649913788	0.7783108353614807	0.2861376106739044	0.9243993759155273	0.29183971881866455	0.11749941110610962	0.26235100626945496	0.4693657457828522	1.2068475484848022	0.3972904086112976	0.508323073387146	0.35182106494903564	0.411293625831604	0.27521854639053345	0.18172331154346466	0.5235322713851929	0.32219430804252625	0.729481041431427	0.37375640869140625	0.16373315453529358	0.6464077234268188	0.6354324817657471	0.573672890663147	1.2923997640609741	0.23216407001018524	0.20885276794433594	0.3002075254917145	0.3375253975391388	0.46139809489250183	0.6873650550842285	0.9046464562416077	0.2598821520805359	0.20262277126312256	0.9223807454109192	0.7449837923049927	0.8017579317092896	0.46148547530174255	0.17812788486480713	0.4561028778553009	0.36345374584198	0.6737961769104004	0.14100325107574463	0.5875609517097473	0.9475604295730591	1.1967639923095703	0.2835997939109802	0.39542925357818604	0.6796006560325623	0.34892991185188293	0.43208828568458557	0.2837400436401367	0.45644891262054443	0.6713227033615112	0.40339571237564087	0.2667284607887268	0.7573301792144775	0.06653259694576263	0.3169865608215332	0.7694803476333618	0.7664821147918701	1.3306854963302612	0.5743616819381714	0.6061670184135437	0.3975009620189667	0.41285139322280884	0.47310513257980347	0.7490288019180298	0.7211160659790039	0.3474920988082886	0.7532095313072205	0.4061056673526764	0.3676302433013916	0.4421587288379669	0.21723726391792297	0.9997028112411499	0.6145211458206177	0.047869909554719925	0.3939981162548065	0.33790335059165955	0.807468056678772	0.5179855227470398	0.7865432500839233	0.3330821096897125	0.6644578576087952	0.16915053129196167	0.274265319108963	0.5441954135894775	0.5674411654472351	0.18073000013828278	0.3875353932380676	0.7072818875312805	0.388546347618103	0.3713054060935974	0.16953398287296295	0.208016499876976	0.5233883857727051	0.2675248086452484	0.45399460196495056	0.23174113035202026	0.20146061480045319	0.30539506673812866	0.6592256426811218	0.6693885326385498	0.3173018991947174	0.5716809034347534	0.9088354706764221	0.5156274437904358	0.8127696514129639	0.8271365165710449	0.8091336488723755	0.651193380355835	0.3564591407775879	0.22351765632629395	0.5043728351593018	0.24509404599666595	0.6634927988052368	0.2033614069223404	0.11180482059717178	0.7270764112472534	0.44864898920059204	0.6069757342338562	0.8531388640403748	0.3710510730743408	0.18878406286239624	0.6239591836929321	0.7970043420791626	0.29335808753967285	0.24707752466201782	0.6500511169433594	0.8871988654136658	0.34981483221054077	0.32520660758018494	1.0473284721374512	0.48751455545425415	0.338557630777359	0.27409154176712036	0.30596086382865906	0.20403040945529938	0.766046404838562	0.2608084976673126	0.7509213089942932	0.6131327748298645	0.3911338746547699	0.16092146933078766	0.12283843755722046	0.24241624772548676	0.5443185567855835	0.7719424366950989	0.35398775339126587	0.1989203840494156	0.6074105501174927	0.40360602736473083	0.49684837460517883	0.360293984413147	0.23512981832027435	0.24144405126571655	0.40860405564308167	0.9685149788856506	1.1797510385513306	0.4025132358074188	0.7567405700683594	0.39204373955726624	0.4528557360172272	0.3901255130767822	0.22523069381713867	0.20720010995864868	0.584103524684906	0.49003222584724426	0.2164267897605896	0.4337195158004761	0.37269318103790283	0.6286251544952393	0.4955357313156128	1.0468864440917969	0.7894554138183594	0.8430835008621216	0.7724682092666626	0.7082850337028503	0.9497494697570801	1.4267618656158447	0.44471508264541626	0.3995845317840576	0.5762730836868286	1.2179346084594727	0.42014336585998535	0.5145344734191895	0.5245237946510315	0.19750791788101196	0.27463680505752563	0.29967203736305237	0.33914628624916077	0.4092094302177429	0.9320268630981445	0.7584901452064514	0.29452037811279297	1.7987496852874756	0.7688042521476746	0.21022751927375793	0.5615994334220886	0.6653972864151001	0.34729233384132385	0.2715696096420288	0.1838320642709732	0.5856785774230957	0.7812009453773499	0.5281131863594055	0.2637248635292053	0.8158882260322571	0.30240070819854736	0.36338233947753906	0.49804574251174927	0.37892869114875793	0.2241910994052887	0.33814990520477295	0.24911826848983765	0.9506272673606873	0.8828046917915344	0.38607221841812134	0.2543315589427948	0.4138011634349823	0.49208930134773254	1.4427480697631836	0.5821096897125244	0.6040200591087341	0.6235114336013794	0.3698979318141937	0.05346143990755081	0.4112793803215027	0.6496111154556274	0.6207696795463562	0.39902564883232117	0.31532207131385803	0.3617130517959595	0.439037948846817	0.3434564769268036	0.9652777910232544	0.4603920578956604	0.9414938688278198	0.22574684023857117	0.3277880549430847	0.3770860433578491	0.5249778032302856	0.6783760190010071	0.620311975479126	0.37204810976982117	0.5939916968345642	0.4027235209941864	0.13405680656433105	0.5181807279586792	0.5112847685813904	0.4869353175163269	0.26505246758461	0.13863146305084229	0.5326599478721619	0.680728554725647	0.40547487139701843	0.4915942847728729	0.6053438186645508	0.7360641956329346	0.6228167414665222	0.38995644450187683	0.6971264481544495	0.7315816283226013	0.48146986961364746	1.2677316665649414	0.7734056711196899	0.36745691299438477	0.8529624938964844	0.6349755525588989	0.13213667273521423	0.754755437374115	0.504305899143219	0.002366572618484497	0.6566511988639832	0.4847899079322815	0.1645517647266388	0.6211953163146973	0.6351368427276611	1.1513320207595825	0.6481077075004578	0.27015048265457153	0.21076980233192444	0.4038270115852356	0.8484547734260559	0.6685332655906677	0.668545126914978	0.4888330399990082	0.6799874305725098	0.5486140251159668	0.24406561255455017	0.1133575588464737	0.4089290201663971	0.42413070797920227	0.19781960546970367	0.21394506096839905	0.39560022950172424	0.871792733669281	0.09002694487571716	0.6334052681922913	0.5814831256866455	0.45218008756637573	0.27884307503700256	0.5266470909118652	0.8245763778686523	0.45910388231277466	0.5100170373916626	0.4197637140750885	0.22132815420627594	0.29279395937919617	0.6673453450202942	0.7853575348854065	0.6358368396759033	0.47527554631233215	0.7879376411437988	0.9945271015167236	0.629170835018158	0.20956812798976898	0.23728710412979126	1.4265024662017822	0.43299180269241333	0.6829636693000793	0.11944212764501572	0.3723504841327667	0.7038072943687439	0.4087737798690796	0.3671313524246216	0.5570046305656433	0.20872709155082703	0.6829683184623718	0.6663911938667297	0.4575691223144531	0.816641628742218	0.5535557866096497	0.23039966821670532	0.9391326904296875	0.5230805277824402	0.5994024276733398	0.5270043015480042	0.8655453324317932	0.2478499412536621	1.376869559288025	0.26173409819602966	0.18085099756717682	0.5624604225158691	0.20881685614585876	1.3086276054382324	0.8017680048942566	0.14410823583602905	0.47194164991378784	0.8582884073257446	0.3891754150390625	0.340756356716156	0.32516157627105713	0.4289702773094177	0.06243855878710747	0.6604979634284973	0.12089300155639648	0.3777443468570709	0.4190422594547272	1.1712998151779175	0.4027237892150879	0.3948509097099304	0.3431447744369507	0.38981348276138306	0.4475763738155365	0.3484109044075012	0.8442507386207581	0.11145371943712234	0.2490251660346985	0.2533051073551178	1.4754796028137207	0.5759033560752869	0.18877959251403809	0.17605721950531006	0.9529476165771484	0.48870882391929626	0.5121212601661682	0.10085970163345337	0.4054845869541168	0.6902984380722046	0.5476770401000977	0.6105594038963318	0.3318612575531006	0.4210219085216522	1.2361699342727661	0.14757376909255981	0.22200998663902283	1.2961965799331665	0.7783505916595459	0.21681775152683258	0.22980380058288574	0.856390118598938	0.23336371779441833	0.4091295003890991	0.5280541181564331	0.39938417077064514	0.6342671513557434	0.4288051724433899	0.8953214883804321	0.263496994972229	0.27441686391830444	0.4646614193916321	0.29036933183670044	0.11559451371431351	0.4196034073829651	0.3164917826652527	1.3385577201843262	0.7690387964248657	0.4777628481388092	0.17472025752067566	0.29749083518981934	0.24874354898929596	0.6834201216697693	0.8160056471824646	0.39074385166168213	0.42199617624282837	0.5032757520675659	0.7366166114807129	0.7063990831375122	0.5985500812530518	0.35805386304855347	0.26773858070373535	0.2775791585445404	0.36358025670051575	0.46181729435920715	0.4764024317264557	0.4822281301021576	0.3530927300453186	1.4424357414245605	0.3103359639644623	0.7884525060653687	0.3066118359565735	0.6375836133956909	0.5535614490509033	0.5566957592964172	0.5578399300575256	0.8093246221542358	0.265548974275589	0.20701438188552856	0.33621740341186523	0.3208109140396118	0.5561497211456299	0.8083374500274658	0.3574015200138092	0.3514573872089386	0.29249686002731323	0.7381817698478699	0.5536335110664368	0.32982146739959717	0.23194754123687744	1.0214636325836182	0.20348121225833893	0.39123407006263733	0.37160980701446533	0.8972486257553101	0.2591160833835602	0.8524872660636902	0.21053771674633026	0.23931163549423218	0.15280398726463318	0.34373536705970764	0.8541828393936157	1.0003985166549683	0.4776046872138977	0.7742907404899597	0.36196979880332947	0.4848651885986328	0.44720596075057983	0.6424392461776733	0.628584623336792	0.4953181743621826	1.320533037185669	0.7481114268302917	1.017788052558899	0.31259676814079285	0.5488294959068298	0.02308901771903038	0.4614688754081726	0.6872363090515137	0.4495801627635956	0.3667846918106079	0.8844958543777466	0.08345388621091843	0.3340214192867279	0.6625972390174866	0.5155822038650513	0.07513874769210815	0.3455808460712433	0.7139275670051575	0.40879595279693604	0.20906060934066772	0.642970085144043	0.10029788315296173	0.3351088762283325	0.8022713661193848	0.2975005805492401	0.35372379422187805	0.2810681462287903	0.5348610877990723	0.5553035140037537	0.7129577398300171	0.4996705949306488	0.8901357054710388	0.6428889036178589	1.5039482116699219	0.3840670883655548	0.3945820927619934	0.8268088698387146	0.13697753846645355	0.6671376824378967	0.37090060114860535	0.4380650520324707	0.6966512203216553	0.6570932269096375	1.1500245332717896	0.5065215229988098	0.9496857523918152	0.6781017184257507	0.6495586037635803	0.4037157893180847	0.7756630182266235	0.0039031149353832006	0.4102226197719574	0.9032732844352722	0.2259536236524582	0.4190191924571991	0.6545918583869934	0.25147512555122375	0.14828716218471527	0.34337756037712097	0.47036948800086975	0.45799851417541504	0.3056647479534149	0.37654849886894226	0.5519962310791016	0.27835455536842346	0.14063164591789246	0.36704862117767334	0.6953539252281189	0.5138118863105774	0.20450878143310547	0.6129642128944397	0.29722246527671814	0.25576144456863403	0.6430841684341431	0.5971832871437073	1.264523983001709	0.3906398117542267	0.7671326994895935	0.09658519923686981	0.48873385787010193	0.30409908294677734	0.12062447518110275	0.5117270350456238	0.6757705807685852	0.36679065227508545	0.5703175067901611	0.1354159116744995	0.3400057554244995	0.5992605090141296	0.5302941203117371	1.1352170705795288	0.2461540699005127	0.2926972806453705	0.7492369413375854	0.6679002046585083	0.6039857864379883	0.5296840667724609	0.5633341073989868	0.6785758137702942	0.7893447279930115	0.6306269764900208	0.6898036599159241	1.1179791688919067	0.18362931907176971	0.30221107602119446	0.31397199630737305	0.5860095024108887	0.1819220781326294	0.5957087278366089	0.1402214765548706	0.4023868441581726	0.696802020072937	1.2097997665405273	0.8732981085777283	0.9320676922798157	0.6653462648391724	0.17840130627155304	0.7222806215286255	0.6399934887886047	0.21715959906578064	0.7297119498252869	0.4418821930885315	0.21571284532546997	0.11786696314811707	0.6487554907798767	0.18566946685314178	0.6293646693229675	0.4574175477027893	0.6999161839485168	0.3293377161026001	0.45235469937324524	0.5854632258415222	0.28097742795944214	0.5069863200187683	0.6959800720214844	1.2291860580444336	0.12633079290390015	0.8399107456207275	0.4181009531021118	1.234290361404419	0.5282712578773499	0.12498850375413895	0.5483919978141785	0.10492496192455292	0.38566312193870544	0.5264591574668884	0.58884596824646	0.8161824345588684	0.317823588848114	0.9315283298492432	0.6991642117500305	0.44970861077308655	0.4515534043312073	0.2542840540409088	0.7356497645378113	0.9595234990119934	0.11959496140480042	0.29278460144996643	0.12328463792800903	0.5407317280769348	0.2316870093345642	0.26769351959228516	0.7874505519866943	0.8995654582977295	0.15200623869895935	0.7927833199501038	0.7081315517425537	0.3635123074054718	0.38350823521614075	0.038932137191295624	0.3350284993648529	0.4633549451828003	0.7337359189987183	0.4563275873661041	0.9853314161300659	0.6454280018806458	0.6030711531639099	0.201289564371109	0.28152716159820557	0.8580575585365295	0.13724233210086823	0.97425377368927	0.1225626990199089	0.5360697507858276	0.7159386277198792	0.40255996584892273	0.11100677400827408	0.5920419692993164	0.6943443417549133	0.598533034324646	0.3040350675582886	0.3044549822807312	0.3253176510334015	0.8425217866897583	0.19316807389259338	0.36020803451538086	0.4656047821044922	0.6898999810218811	0.8698015809059143	0.22711896896362305	0.024249207228422165	0.3596554696559906	0.8458050489425659	0.36995336413383484	0.2915162444114685	0.20300766825675964	0.31903135776519775	0.46986132860183716	0.4928493797779083	0.3535965383052826	0.44625264406204224	0.30552881956100464	0.5434771180152893	0.43412694334983826	0.7608572840690613	0.6439660787582397	1.0604050159454346	0.39694008231163025	0.30942705273628235	0.11780209839344025	0.4423016905784607	0.5386367440223694	0.502112090587616	0.5594432353973389	0.42901331186294556	0.7051345705986023	0.8091918230056763	0.33608025312423706	0.5381805300712585	0.8362566232681274	0.13547047972679138	0.6255481243133545	0.2608075737953186	0.3357429802417755	0.1481637954711914	0.18055903911590576	0.47499656677246094	0.1551547348499298	0.24324119091033936	1.226331353187561	0.2834053337574005	0.48378801345825195	0.2663004994392395	0.19883470237255096	0.6628711819648743	0.7385335564613342	0.6520941257476807	0.06986303627490997	0.34819164872169495	0.2938789129257202	0.9838143587112427	0.4357288181781769	0.46915507316589355	0.2931070625782013	0.7580652832984924	0.7728787064552307	0.47878730297088623	0.1761201024055481	0.6867121458053589	0.21443508565425873	0.23230776190757751	0.9780617952346802	0.16419298946857452	0.2655205726623535	0.15203146636486053	0.4837772250175476	0.07727714627981186	0.5913041234016418	0.5591847896575928	0.6361660361289978	0.622520387172699	1.0956108570098877	0.5786598324775696	0.8889562487602234	0.23812879621982574	0.35606202483177185	0.5947139263153076	0.32301199436187744	0.14733123779296875	0.3911280333995819	0.3396572470664978	0.14455345273017883	0.4063713550567627	0.7260704636573792	0.4461393356323242	0.3034321367740631	0.3067287802696228	0.6670244932174683	0.4597803056240082	0.6549662351608276	0.35704469680786133	0.41394978761672974	0.5525681972503662	0.22264701128005981	0.5806078314781189	0.08265915513038635	0.9135687351226807	0.3528133034706116	0.6383062601089478	0.2190377414226532	0.7498868703842163	0.7562335729598999	0.7368203401565552	0.8913078904151917	0.4216010272502899	0.4178621470928192	0.2289511263370514	0.11346673965454102	0.37825798988342285	0.3160797953605652	0.6731498837471008	1.2025913000106812	0.13641826808452606	0.5351455211639404	0.6578042507171631	0.29812484979629517	0.19721567630767822	0.6279386878013611	0.4137939214706421	0.6609560251235962	0.3034555912017822	0.21654926240444183	0.6403727531433105	0.44940370321273804	0.7698687314987183	0.6487886309623718	0.8440485000610352	0.7317956686019897	0.7795552015304565	0.5643628835678101	0.10405762493610382	0.23303985595703125	0.687416672706604	0.6993205547332764	0.9428398609161377	0.16826587915420532	0.27710679173469543	0.10240564495325089	0.4609428942203522	0.24082624912261963	0.33017587661743164	1.4032723903656006	0.6915245652198792	0.8220494389533997	1.1824902296066284	0.466057151556015	0.4678381383419037	0.5822047591209412	0.7697127461433411	0.5952471494674683	0.39126354455947876	0.5089645981788635	0.33823898434638977	0.5692808032035828	0.2915990948677063	0.4927489757537842	0.7426081895828247	0.6126171350479126	0.8975236415863037	0.6235450506210327	0.056947123259305954	0.48366743326187134	0.034363728016614914	0.198920339345932	0.30029281973838806	0.19315391778945923	0.4951757788658142	0.36884981393814087	0.7639480829238892	0.12097488343715668	0.41289815306663513	0.2960965931415558	0.767483651638031	0.6102653741836548	0.22759875655174255	0.24800650775432587	0.10661695897579193	1.0592888593673706	0.41114646196365356	0.8229150772094727	1.1718538999557495	0.4849321246147156	0.391719251871109	0.24821700155735016	0.3881623148918152	0.7735119462013245	0.05456734821200371	0.4361031949520111	0.8006757497787476	0.6847203373908997	0.621318519115448	0.32627567648887634	0.3426789343357086	0.36284589767456055	0.5082183480262756	0.6199548244476318	0.4710925817489624	0.2950601875782013	0.6322476863861084	0.2009386420249939	0.1652417629957199	0.7059184312820435	0.36759722232818604	0.36040252447128296	0.40234655141830444	0.3263619542121887	0.20659083127975464	0.15323060750961304	0.2185242474079132	0.26342952251434326	0.09215369075536728	0.3534628748893738	0.6342364549636841	0.6473009586334229	0.6436426639556885	0.4935876429080963	0.7362543940544128	0.2089722603559494	0.018797708675265312	0.744795024394989	0.42222413420677185	0.5572420358657837	1.3622759580612183	0.32139116525650024	0.4536050260066986	0.4347110986709595	0.6379673480987549	0.3284428119659424	0.684380292892456	0.7306923270225525	0.3840317726135254	0.7869116067886353	1.3542226552963257	0.37590205669403076	0.6065868735313416	0.4060565233230591	0.7950674295425415	0.4726354479789734	0.5122817754745483	0.30377471446990967	0.4920721650123596	0.7349526882171631	0.1381199210882187	0.45581772923469543	0.6028343439102173	0.5528509616851807	1.311457633972168	0.46325352787971497	0.7341609001159668	0.3446427285671234	0.12395504117012024	0.20852911472320557	0.8039841055870056	0.7037822008132935	1.121340274810791	0.09267692267894745	0.5881098508834839	0.18338128924369812	0.6802024841308594	0.1966920793056488	0.21155546605587006	0.47142237424850464	1.3983559608459473	0.6024794578552246	0.29988232254981995	0.4345015585422516	0.3964146375656128	0.1436845064163208	0.7595104575157166	0.22871819138526917	0.3201243281364441	0.1567021608352661	0.5737334489822388	0.47397398948669434	1.2702239751815796	0.4952688217163086	0.4201318919658661	0.2605738937854767	0.3820019066333771	1.1966861486434937	0.15425129234790802	0.3480941355228424	0.29451823234558105	0.18530763685703278	0.4639590084552765	0.5335701107978821	0.8556647896766663	0.6818376183509827	0.48481613397598267	0.34604111313819885	0.3937447965145111	0.3541710674762726	0.5182101130485535	0.15341800451278687	0.08575741946697235	0.197982519865036	0.22024235129356384	0.44797930121421814	0.669118344783783	0.34289225935935974	0.47092822194099426	0.5432066321372986	0.1584366261959076	1.1012279987335205	0.22816768288612366	0.35864073038101196	0.20963065326213837	1.194404125213623	0.8978171944618225	0.20061103999614716	0.6754688024520874	0.3626265525817871	0.7191617488861084	0.06092609092593193	0.48056623339653015	0.19714680314064026	0.47938618063926697	0.36489564180374146	0.29868173599243164	0.3805665373802185	0.645383358001709	1.0003693103790283	0.8339671492576599	0.4063665568828583	0.5389065146446228	0.139167919754982	0.23798897862434387	0.633330225944519	0.641236424446106	0.5277769565582275	0.18902792036533356	0.5532415509223938	0.2978011667728424	0.5011940598487854	0.4012688398361206	0.1612861603498459	0.6935631036758423	0.6410378217697144	0.5482025742530823	0.5319904088973999	0.2255987823009491	0.4304576516151428	0.24854956567287445	0.16015198826789856	0.4425981640815735	0.33553674817085266	0.6537573337554932	0.3735923171043396	0.4228655695915222	0.8422132730484009	0.17789332568645477	0.7656315565109253	0.6062184572219849	0.4302894175052643	0.34859994053840637	0.9391007423400879	0.4910786747932434	0.3927740156650543	0.5687837600708008	1.3516730070114136	0.5291334390640259	0.10988864302635193	0.544465959072113	0.38557684421539307	0.8207601308822632	0.3955904245376587	0.22596678137779236	0.24766461551189423	0.6426963806152344	0.4783366918563843	0.6112195253372192	0.20677721500396729	0.31128615140914917	0.22350318729877472	0.7242389917373657	0.10187727957963943	0.2091081142425537	0.5659793615341187	0.6754720211029053	0.3202686309814453	0.23492471873760223	0.22215186059474945	0.2161911427974701	0.5869918465614319	0.469910204410553	0.5465225577354431	0.6000621318817139	0.7100557088851929	0.44026854634284973	0.4889366328716278	0.39277079701423645	0.5943823456764221	0.16610895097255707	0.47233283519744873	0.3434036374092102	0.48000258207321167	0.5826630592346191	0.5723484754562378	0.6907009482383728	0.7535788416862488	1.3550236225128174	0.48957860469818115	0.30607181787490845	0.7231494784355164	0.421309232711792	0.8328627347946167	0.5676803588867188	0.12293323129415512	0.08046146482229233	0.3805198669433594	0.6886360049247742	0.7792113423347473	0.31272879242897034	0.4489375948905945	1.1206601858139038	0.09418436884880066	0.3292519450187683	0.284932404756546	0.3536314070224762	0.13985878229141235	0.7079253792762756	0.6801590919494629	0.33316540718078613	0.590510368347168	0.15767136216163635	0.5598347187042236	0.2877878248691559	0.5097147822380066	0.48521214723587036	0.5377388000488281	0.4116608798503876	0.5174744129180908	0.2746548354625702	0.6940370202064514	0.5282841920852661	0.424740195274353	0.5043238997459412	0.4995070695877075	0.2149219810962677	0.7735942602157593	0.6917685270309448	0.5922341346740723	0.3965536952018738	0.5660322904586792	0.46734538674354553	0.4574420154094696	0.7892757058143616	0.39040297269821167	0.6502566337585449	0.42211678624153137	0.493173211812973	0.47690466046333313	0.33243077993392944	0.2754870057106018	0.2880783677101135	0.8366222381591797	0.4539108872413635	0.5108415484428406	0.3456023335456848	0.3630037307739258	0.5626712441444397	0.5541906952857971	0.35463401675224304	0.36013680696487427	0.32753807306289673	0.19988377392292023	1.148406982421875	0.7889979481697083	0.4573403000831604	0.11371404677629471	0.6673247814178467	0.2762707471847534	0.19177968800067902	0.7420265674591064	0.4964978098869324	0.45997321605682373	0.6325463652610779	0.23548120260238647	0.14259450137615204	0.5233079791069031	0.4962519109249115	0.20432652533054352	0.5925045013427734	0.12123928964138031	0.8582443594932556	0.267997682094574	0.1113528460264206	0.42171481251716614	1.077165126800537	0.28629088401794434	0.3666974902153015	0.6211391687393188	0.5215188264846802	0.37868982553482056	0.6844857335090637	0.6153634190559387	0.6093842387199402	0.27725380659103394	0.11226131021976471	0.5762423872947693	0.3783017098903656	0.43548843264579773	1.0626131296157837	0.42040786147117615	0.8347604870796204	0.21171697974205017	0.4883096218109131	0.2398504614830017	0.3299795985221863	0.473983496427536	0.6075664162635803	0.3908516764640808	0.5789366960525513	0.08063863217830658	0.5760710835456848	0.5780363082885742	0.7312070727348328	1.228986382484436	0.7712076902389526	0.1299736648797989	0.4581329822540283	0.5315918326377869	0.5534569025039673	0.2259531021118164	0.332025408744812	0.6007742285728455	0.647638201713562	0.695274829864502	0.17164072394371033	1.6236107349395752	0.28209036588668823	0.1268826425075531	0.17211218178272247	0.3297465741634369	0.7280625104904175	0.4270819127559662	0.8835675716400146	0.2289447784423828	0.4393410086631775	0.2317851185798645	1.2599875926971436	0.6017870903015137	0.4806521534919739	0.2688518762588501	0.6830308437347412	0.2809300720691681	0.6797118186950684	0.42052149772644043	0.39267462491989136	0.23393720388412476	0.23720687627792358	0.3433118462562561	0.5830498933792114	1.019347906112671	0.24637627601623535	0.9091305732727051	0.3045790195465088	0.08029289543628693	0.46919897198677063	0.3318031132221222	0.30117282271385193	0.3130607604980469	0.21663157641887665	0.6041467189788818	0.25929710268974304	0.15013433992862701	0.8878397941589355	0.09113384038209915	0.8100962042808533	0.3047593832015991	0.5152780413627625	0.28345388174057007	0.29221704602241516	0.7238956689834595	0.4686027765274048	0.24123618006706238	0.1892852783203125	0.5835124254226685	0.7711780667304993	0.2706301212310791	0.4832124710083008	0.10823021084070206	0.550944983959198	0.7646304368972778	0.5758841633796692	0.7169373035430908	0.4263697564601898	1.2403340339660645	0.6552891731262207	0.6643762588500977	0.5465503334999084	0.5300538539886475	0.4564047157764435	0.6061359643936157	0.6575347781181335	0.6925056576728821	0.2876233458518982	0.2891259789466858	0.2275514453649521	0.775223433971405	0.3139525055885315	0.23457834124565125	0.6068695783615112	0.3785035014152527
1.3864972591400146	0.715709924697876	0.5836414098739624	0.005497349426150322	0.0029419329948723316	0.4401211440563202	0.9219484329223633	0.7278138399124146	0.5772885680198669	0.31875357031822205	0.014406424015760422	0.26970183849334717	1.2744786739349365	0.3133339285850525	0.4915403425693512	0.5676765441894531	0.3247149884700775	0.2702515125274658	0.9699439406394958	0.2874348759651184	0.32573401927948	0.363772451877594	0.57230544090271	0.7954785227775574	0.29119956493377686	0.9593508839607239	0.7737962007522583	1.050045371055603	0.6437472105026245	0.6340603828430176	0.5700948238372803	0.27041536569595337	0.3882129490375519	0.07798686623573303	0.27962368726730347	0.6499279141426086	0.5600422620773315	0.48596176505088806	1.0322377681732178	0.2691098749637604	0.2183181345462799	2.0081377029418945	0.8218531012535095	0.8804540634155273	0.19382473826408386	0.02739347144961357	0.6476437449455261	0.6024446487426758	0.4638936519622803	1.1682705879211426	0.5778608918190002	0.596949577331543	0.7750324606895447	0.22649474442005157	0.8220248818397522	0.39167317748069763	0.7933340668678284	0.005605589598417282	0.3988582491874695	0.08243165910243988	0.2383311688899994	0.27263519167900085	0.6196393966674805	0.8159645795822144	0.2578034996986389	0.5272271633148193	1.1359235048294067	0.11452338099479675	0.3415292203426361	1.1507166624069214	0.49405810236930847	0.31116783618927	1.2963407039642334	0.6978815793991089	0.39419829845428467	0.138186976313591	0.7342185974121094	0.021926043555140495	0.9288718104362488	1.1888110637664795	0.2827675938606262	1.0127686262130737	0.3251603841781616	0.29021599888801575	0.5818421840667725	0.3111417293548584	0.5502558350563049	0.7451314926147461	0.45219695568084717	0.34818270802497864	0.12255793809890747	0.8543615937232971	0.012605664320290089	0.6889423727989197	0.3505712151527405	0.09414155781269073	0.24611377716064453	0.29844388365745544	0.3415614068508148	0.0045285094529390335	0.023759780451655388	0.5098497867584229	1.1008310317993164	0.6305238604545593	0.23126566410064697	0.8805508017539978	0.9836375713348389	0.09124742448329926	0.7221444845199585	0.3737535774707794	0.5248573422431946	0.026151472702622414	0.7766571640968323	0.3660261034965515	0.47741931676864624	0.33753660321235657	0.31173866987228394	0.15004894137382507	1.4223445653915405	0.4652615785598755	1.0504096746444702	0.2814631164073944	0.6457120776176453	0.7227307558059692	1.0271086692810059	0.422832727432251	0.3880939185619354	0.5275824069976807	0.3092840909957886	0.17902596294879913	0.5271108150482178	0.287118524312973	0.5152624249458313	0.1942780464887619	0.7638081908226013	0.7178771495819092	0.2147185504436493	0.48026713728904724	0.589015543460846	0.46132078766822815	0.21109381318092346	0.00844711996614933	0.6672264337539673	0.47913914918899536	0.6531898379325867	0.9588682651519775	1.3075209856033325	0.03435441106557846	0.06176980212330818	0.619219958782196	0.8390160202980042	0.2740929424762726	0.1002751886844635	1.3686788082122803	0.38003677129745483	0.483663946390152	0.29772692918777466	0.7306880950927734	0.5258729457855225	0.23988354206085205	0.6831967234611511	0.5287227630615234	0.36003577709198	0.3073211908340454	0.4136381447315216	0.3447878956794739	0.0025511160492897034	0.2745281755924225	1.5315346717834473	0.9618580341339111	1.1467937231063843	0.550950288772583	0.14898769557476044	1.020485520362854	0.35773909091949463	0.15812231600284576	0.5058887600898743	0.5322260856628418	0.07347393035888672	0.40663909912109375	0.36537477374076843	0.43212446570396423	0.6810650825500488	0.8503941297531128	0.3995010554790497	1.3353915214538574	0.27903106808662415	0.4337581396102905	1.6600557565689087	0.6323087811470032	0.3045828938484192	0.22406059503555298	0.46664485335350037	0.27570778131484985	0.7653132677078247	1.2024333477020264	0.5844835638999939	0.16013219952583313	0.47410011291503906	0.9042023420333862	1.064145565032959	0.9005113840103149	0.8734467625617981	0.6888959407806396	0.15340054035186768	1.5177826881408691	0.8842094540596008	0.2994863986968994	0.926988959312439	0.25611597299575806	0.029050510376691818	0.7686648964881897	0.35649508237838745	0.40225496888160706	0.9226346015930176	0.7715511322021484	0.6793168783187866	0.6393771767616272	0.8146522641181946	0.8044524192810059	0.47992271184921265	0.6803653836250305	0.36264869570732117	0.6985424757003784	0.23600885272026062	0.25808975100517273	1.1193444728851318	0.9303565621376038	0.31149551272392273	0.9751905202865601	0.4935029149055481	0.7688413262367249	0.23652151226997375	1.3659446239471436	0.46977582573890686	0.2592012882232666	0.16799704730510712	0.9045706987380981	0.6837954521179199	0.2710733413696289	0.6313250660896301	0.2218995839357376	0.27219200134277344	0.5781213641166687	0.4067476689815521	0.42841917276382446	0.4254034757614136	0.5444915294647217	0.36106783151626587	0.7960350513458252	1.1894127130508423	1.0367107391357422	0.35222408175468445	0.24475297331809998	0.8048568964004517	0.4507979452610016	0.007686628960072994	0.5464837551116943	1.3570787906646729	0.3361615538597107	0.3415262997150421	0.37627163529396057	0.3234536349773407	0.6109673976898193	0.73145991563797	0.327014684677124	1.093387484550476	0.36944323778152466	0.3240552246570587	0.7122219800949097	0.31115084886550903	1.1328104734420776	0.8333392143249512	0.7433297634124756	0.7363792657852173	0.2715165615081787	1.101012110710144	0.9703475832939148	0.3848748803138733	0.4051254391670227	0.7343249917030334	1.0229840278625488	0.6936686038970947	0.356034517288208	0.382617712020874	0.30326953530311584	0.45317476987838745	0.41805708408355713	1.724963665008545	0.667090892791748	0.2652541697025299	0.520440936088562	0.5227712392807007	0.1269017606973648	0.647653341293335	1.523810625076294	0.5934005975723267	0.5004456639289856	1.0988037586212158	0.6193459033966064	0.5040428042411804	0.28822892904281616	0.4588821828365326	0.5694349408149719	0.3305116295814514	0.21759554743766785	0.08059918880462646	0.9564944505691528	0.35642439126968384	0.4692234694957733	0.0031956732273101807	0.460027277469635	0.8090491890907288	0.23167815804481506	0.5110782980918884	1.544856309890747	0.2432296872138977	0.12097130715847015	0.7308568954467773	0.10906718671321869	0.7619959115982056	0.5853778719902039	0.24203655123710632	0.6103262901306152	0.5639171004295349	0.3349279761314392	0.5592613816261292	0.5859387516975403	0.6032223105430603	0.8485221862792969	0.2755970060825348	0.3195783793926239	0.22191502153873444	0.896812915802002	0.09908458590507507	0.7417201995849609	0.10665445029735565	1.4158527851104736	0.34695670008659363	0.8202621936798096	0.26382726430892944	0.6547903418540955	0.10802040249109268	0.19687360525131226	0.4041670858860016	0.46515437960624695	0.8546009063720703	0.36381953954696655	0.6147459745407104	0.6729459166526794	0.14886759221553802	0.790939450263977	0.3694719970226288	1.180592656135559	0.8632733821868896	0.5492528080940247	0.488979697227478	0.28419607877731323	0.21973423659801483	1.0121991634368896	0.4013911187648773	0.5271025896072388	0.5829942226409912	0.33396828174591064	1.149039387702942	0.7490061521530151	0.6095457673072815	0.017641765996813774	0.47405824065208435	0.30977165699005127	0.6398907899856567	0.4117894768714905	0.6021658182144165	0.22508765757083893	0.22893017530441284	1.1020195484161377	1.1881465911865234	0.2635175585746765	0.5402883887290955	0.26685434579849243	0.505176842212677	0.6261706352233887	1.0100191831588745	0.2883438766002655	0.7087111473083496	0.3860369622707367	1.063311219215393	0.6454386711120605	0.6067022681236267	0.24148491024971008	0.79349684715271	0.8122771382331848	0.4688996374607086	1.3162778615951538	0.6037693619728088	0.3290567696094513	0.37366732954978943	0.7680881023406982	1.257911205291748	0.5416259169578552	0.17874948680400848	0.6184511184692383	1.0254985094070435	0.1948346197605133	0.08595748245716095	0.4763326346874237	0.9394142031669617	0.5897658467292786	0.45188698172569275	0.3693259358406067	1.086762547492981	0.5395330786705017	0.2818235158920288	0.6730705499649048	0.3175171911716461	0.5884923934936523	0.722244918346405	0.3718516528606415	0.5704051852226257	1.6449053287506104	0.2030831128358841	0.4018166661262512	0.9152002930641174	0.5337474346160889	0.7232717275619507	1.0512210130691528	0.6446985006332397	0.40247246623039246	1.2531332969665527	0.8244895339012146	0.3646638095378876	1.0484790802001953	0.8518851399421692	0.3499200642108917	0.36290982365608215	0.39279186725616455	0.5778287649154663	0.39993566274642944	0.6463443040847778	0.42125779390335083	0.2259807288646698	1.2519221305847168	1.0712549686431885	0.2293797731399536	0.466203510761261	0.5902540683746338	0.48071613907814026	0.7221064567565918	0.661857545375824	0.7111251950263977	0.4314655065536499	0.20687028765678406	1.7459291219711304	0.37508243322372437	0.788127601146698	0.2219366580247879	0.13286200165748596	0.2586717903614044	0.6668499708175659	0.3178110122680664	0.9913715124130249	0.5537198185920715	0.3789774477481842	1.093745231628418	0.7090638875961304	0.44392988085746765	0.9446264505386353	0.2837580740451813	0.6498185992240906	1.5431530475616455	0.6080693602561951	0.3566562235355377	0.6254160404205322	0.4188835620880127	0.5705358386039734	0.5075997114181519	0.6745762825012207	0.08900857716798782	0.4703718423843384	0.9802649021148682	0.7015820741653442	0.38567134737968445	0.4979751408100128	0.6481058597564697	0.9657272100448608	0.7458280920982361	0.4997539818286896	0.22364136576652527	1.0378533601760864	0.47556155920028687	0.705218493938446	0.21427881717681885	0.09149730205535889	0.4997729957103729	0.31002071499824524	0.45796364545822144	0.30248355865478516	0.4622596502304077	0.20608104765415192	0.9908775091171265	0.4033280909061432	0.38932180404663086	0.5726465582847595	0.32423874735832214	0.4494798481464386	0.4066982567310333	0.17983174324035645	0.3273182511329651	0.7872642278671265	0.400690495967865	0.4165710210800171	1.1214169263839722	0.5173839926719666	0.3916427195072174	0.25355255603790283	0.39151886105537415	0.3902827203273773	0.5761210918426514	0.8209279179573059	0.2929053008556366	0.32485437393188477	1.570636510848999	1.0080927610397339	0.8568053841590881	0.23118731379508972	0.05688626319169998	0.9045435190200806	0.7625175714492798	0.04094293713569641	0.8137335181236267	0.1131318137049675	0.5330076813697815	0.9742358922958374	0.20571675896644592	0.7214166522026062	0.2272283434867859	1.020882248878479	0.21527506411075592	0.4355039894580841	0.6580017805099487	0.6752893924713135	0.7761744260787964	0.27628839015960693	1.5231753587722778	0.3268808126449585	1.135253667831421	1.0653233528137207	0.3262454569339752	0.7878144979476929	0.16649514436721802	0.5079329013824463	0.42661726474761963	0.306855171918869	0.7553800344467163	0.6731278300285339	0.6832348704338074	0.4917299449443817	0.817768394947052	0.519294798374176	0.2900560200214386	0.5228672623634338	0.8870684504508972	0.11215417087078094	0.3055526614189148	0.9299362301826477	0.33968719840049744	0.4828667640686035	0.2726256549358368	0.4674772024154663	0.2173333615064621	0.09570722281932831	1.1059757471084595	0.007701936177909374	1.0475208759307861	0.7583371996879578	0.5831176042556763	0.08834171295166016	0.5082252025604248	0.8699354529380798	0.48036420345306396	0.5770426988601685	0.5875577330589294	0.7786816358566284	0.42471522092819214	0.4808638393878937	0.46567580103874207	0.253519743680954	0.7713664770126343	0.4606366455554962	1.0890780687332153	0.4803827702999115	1.1078667640686035	0.5424321889877319	1.0469497442245483	0.23046374320983887	0.4320163428783417	1.1449863910675049	0.7348871827125549	0.7132317423820496	0.9354822635650635	0.2725531756877899	0.20231223106384277	0.3358820974826813	0.37896621227264404	0.7934955358505249	0.7061379551887512	0.800132155418396	0.4934673011302948	0.3296656906604767	0.9562932848930359	0.22730404138565063	0.5806580185890198	0.7501245737075806	0.03753751143813133	0.37699341773986816	0.2265118807554245	0.36739277839660645	0.47538456320762634	0.5245187282562256	0.38099417090415955	0.5648224949836731	0.3204551637172699	0.5874372720718384	1.5395766496658325	0.18637898564338684	0.5922216773033142	0.08332546055316925	0.759989857673645	0.5876411199569702	0.4414987862110138	1.1076136827468872	0.13445168733596802	0.20093733072280884	0.6393767595291138	0.8984057903289795	0.2480389028787613	0.7137105464935303	0.08092724531888962	0.3314919173717499	0.6454885005950928	0.4518383741378784	0.40447381138801575	0.4501042664051056	0.5656907558441162	0.9086024761199951	0.3107580542564392	0.33308929204940796	0.703586995601654	0.026787277311086655	0.9725884795188904	0.6469151973724365	0.02478288859128952	0.33153235912323	0.3798970580101013	0.35819733142852783	0.24885918200016022	0.5046055912971497	0.8417970538139343	0.3136304020881653	0.27548351883888245	0.3542415499687195	0.24131938815116882	0.4164750874042511	0.5561904907226562	0.7522658705711365	0.8831502795219421	0.5951924920082092	0.476852685213089	0.1238526999950409	0.5318520069122314	0.20376181602478027	0.379637748003006	0.3630504608154297	0.2269505262374878	0.6130778193473816	0.5607599020004272	0.12947137653827667	0.3341940641403198	1.3776575326919556	0.17262734472751617	0.5683095455169678	0.5743032693862915	0.9098392724990845	0.9540955424308777	0.8528013229370117	0.5466843843460083	0.8662903308868408	0.5037550926208496	0.4989969730377197	0.6162872910499573	1.6387702226638794	1.1126254796981812	0.9725528359413147	0.47729596495628357	0.3631799817085266	1.2070900201797485	0.34701451659202576	0.44914013147354126	0.4743545949459076	0.6979939341545105	0.45380228757858276	0.7499837279319763	0.06354634463787079	0.28096798062324524	0.5751601457595825	0.3837907016277313	0.3182597756385803	0.8739326596260071	0.4900388717651367	1.0045008659362793	0.3032597601413727	0.014507288113236427	1.672963261604309	0.1989312469959259	0.5502952933311462	0.186728373169899	0.9695460796356201	0.692511260509491	0.41921234130859375	0.4501549005508423	0.3032085597515106	0.9147478342056274	0.43472540378570557	0.21248048543930054	1.0001775026321411	0.7235231995582581	0.2586289644241333	0.2153697907924652	0.14043310284614563	0.5401290655136108	0.38511478900909424	0.61823570728302	0.137536883354187	0.6077194809913635	0.7538765072822571	0.14536041021347046	0.48943209648132324	0.6985452771186829	0.8195635080337524	0.3292742371559143	0.44607704877853394	0.39998751878738403	0.9955105781555176	1.0621180534362793	0.4975438117980957	0.505160391330719	0.6567587852478027	0.4442444145679474	0.7496935129165649	1.3927592039108276	0.5809481739997864	0.5117899179458618	0.47628918290138245	0.24988529086112976	0.31882551312446594	1.0087686777114868	0.8407394289970398	0.22283755242824554	1.0862325429916382	0.869893491268158	1.4471043348312378	0.18131928145885468	0.26943573355674744	0.8754035830497742	0.4422096908092499	0.22758948802947998	0.4158519208431244	0.12718726694583893	0.5612164735794067	0.21171212196350098	0.3855120539665222	0.48067718744277954	0.8324105143547058	0.6150680780410767	0.4849398136138916	0.4043583273887634	0.3863070607185364	0.31087255477905273	0.3850344121456146	0.30810463428497314	0.7144708633422852	0.2073083072900772	1.1649895906448364	0.2649332284927368	0.1874697506427765	0.6551114320755005	0.3184836506843567	0.22047531604766846	0.28907912969589233	0.6798440217971802	0.937904953956604	0.5876635909080505	0.8390387892723083	1.2963659763336182	0.31986916065216064	0.4353775680065155	0.6541334986686707	1.3525242805480957	0.6275358200073242	0.22650401294231415	0.2589442729949951	0.36605656147003174	1.2275714874267578	0.3177778124809265	0.3752225339412689	0.46017664670944214	1.1683077812194824	0.7611857652664185	0.7068215608596802	0.5359687209129333	0.48420247435569763	0.00022789835929870605	0.42662325501441956	0.6666138172149658	0.4107930064201355	0.3806632459163666	1.2429656982421875	0.6310323476791382	0.8023113012313843	0.24110262095928192	0.21272748708724976	0.4840211272239685	0.605283796787262	0.8039143085479736	0.5869131088256836	0.7302004098892212	1.0713763236999512	0.3929952085018158	0.6530711054801941	0.5430225729942322	0.2761031687259674	0.2482513040304184	0.03406806290149689	0.42257076501846313	0.6520047783851624	0.8357430100440979	0.1165953129529953	0.7491903901100159	0.282249391078949	0.4878523349761963	0.47874438762664795	0.5380488634109497	0.11313892900943756	0.4780469536781311	1.0928070545196533	0.6369315385818481	0.5081214308738708	0.6285281181335449	0.5712305307388306	0.12282788753509521	0.3667449951171875	0.8687848448753357	0.10831283032894135	0.7493107318878174	0.8518109321594238	0.860614001750946	0.6049724817276001	1.2660822868347168	1.026277780532837	0.20472276210784912	0.7226395010948181	0.25188449025154114	0.39193516969680786	0.44387587904930115	0.34944453835487366	0.3298370838165283	0.4109726548194885	0.14769425988197327	0.5569823980331421	0.8325808644294739	1.0924713611602783	0.870974063873291	0.4265826344490051	0.06288807094097137	0.07011070847511292	0.29700037837028503	0.79168301820755	0.3121357560157776	1.1563944816589355	0.5393859148025513	1.044144630432129	0.4775078594684601	1.2586287260055542	0.8562225103378296	0.1935998946428299	1.0353171825408936	0.5218746662139893	0.34331607818603516	0.6127636432647705	0.861138105392456	1.141750454902649	0.7204458117485046	0.5111079812049866	0.6393195390701294	0.026904022321105003	0.8511166572570801	0.2113824337720871	0.8266260623931885	0.6709015369415283	0.47408393025398254	0.8463526368141174	0.14084777235984802	1.2569124698638916	0.34869205951690674	0.23660893738269806	0.498627245426178	0.4648791551589966	0.6904525756835938	0.8536415100097656	0.4393523931503296	0.35639694333076477	0.49383649230003357	0.4365985095500946	0.14408989250659943	0.6479924917221069	0.530917763710022	0.4186697006225586	0.08839654177427292	0.22647763788700104	0.04280510172247887	0.7734866142272949	0.3688177168369293	1.1388556957244873	0.3759840130805969	0.1929461508989334	0.2931228280067444	0.5099159479141235	0.7954269647598267	0.7792451977729797	0.9036165475845337	0.42731547355651855	0.8431820869445801	0.4160589277744293	0.6777920722961426	0.6417196393013	0.6783462166786194	0.4243645668029785	0.8028551340103149	0.18073751032352448	0.6763274073600769	0.2171514630317688	0.8015069961547852	0.3583014905452728	0.18629059195518494	0.06899335980415344	0.23111213743686676	0.7108172178268433	0.8771741986274719	0.5200185179710388	0.6749714612960815	1.0799468755722046	0.5343015789985657	0.2147473394870758	0.47904208302497864	0.4217255115509033	0.18049730360507965	0.06445962935686111	0.5414354205131531	0.27018067240715027	0.43037155270576477	0.21263426542282104	0.3092477321624756	0.28444260358810425	0.8768613934516907	0.24709822237491608	0.5258560180664062	0.781274139881134	0.4127194583415985	1.0850894451141357	0.009963583201169968	1.0976827144622803	0.5826274752616882	0.6331982612609863	0.26945850253105164	0.6732980012893677	0.5396791100502014	0.6112654209136963	1.3772666454315186	0.8375808000564575	0.24726854264736176	1.2910679578781128	1.0555046796798706	0.7360583543777466	0.35978880524635315	0.5884410738945007	0.3125038743019104	0.6067826747894287	0.7880498170852661	0.06590400636196136	0.794727087020874	0.4213300943374634	0.8205528855323792	0.6594576835632324	0.8096222877502441	0.3120165467262268	0.46172448992729187	0.2861737310886383	0.7522290945053101	0.4231712818145752	0.24746458232402802	0.42268797755241394	0.2052844762802124	0.5824612379074097	0.5026271939277649	0.48196399211883545	0.45898860692977905	0.33090242743492126	0.30658578872680664	0.21910636126995087	0.27435821294784546	0.8404964208602905	0.058853618800640106	0.6592305302619934	0.5708896517753601	0.6015539765357971	0.3751412034034729	0.07209460437297821	1.5389976501464844	0.7006602883338928	0.49452972412109375	0.6406531929969788	0.12864276766777039	0.14907799661159515	0.16487617790699005	0.3889342248439789	0.8527669310569763	0.4404953718185425	0.43295949697494507	0.9068856239318848	0.9254239797592163	0.0827297493815422	0.29334741830825806	0.1434059739112854	0.554871678352356	0.5130214691162109	0.4318677484989166	0.34027764201164246	0.48789477348327637	0.5315019488334656	0.16584087908267975	1.0400902032852173	0.49947676062583923	0.044876810163259506	0.037003450095653534	0.11714999377727509	0.8805158138275146	0.03374645486474037	0.054019853472709656	0.21556256711483002	1.1963088512420654	0.1967754364013672	0.8048645257949829	0.26235494017601013	0.46369504928588867	0.9103800654411316	0.8190984129905701	1.0206329822540283	0.10527996718883514	0.04928336292505264	0.41572192311286926	0.5462509989738464	0.42928966879844666	0.7117361426353455	0.2570664882659912	0.2564655840396881	1.223175048828125	0.15357144176959991	0.15227432548999786	0.24002395570278168	0.9425706267356873	0.6812547445297241	0.3924764394760132	0.5859934091567993	0.5826232433319092	0.26190072298049927	1.0818781852722168	1.0777148008346558	0.5865135788917542	0.4824315905570984	0.42526116967201233	0.23513667285442352	0.8815316557884216	0.31264522671699524	0.7115731239318848	0.06813764572143555	0.24341566860675812	1.058411717414856	1.2911816835403442	0.36346715688705444	0.48908278346061707	1.0031417608261108	0.35445529222488403	1.3247301578521729	0.9776967763900757	0.42692577838897705	0.30576878786087036	0.11459179222583771	0.8882254362106323	0.6615784168243408	0.5398855209350586	0.8584343791007996	0.9307324886322021	0.7779796123504639	1.5798088312149048	0.4477887749671936	1.0838664770126343	0.13605977594852448	0.31219348311424255	0.9645123481750488	0.08597263693809509	0.7025235295295715	0.909856915473938	0.7587072849273682	0.24470674991607666	0.4708171784877777	1.2105907201766968	0.6362245678901672	0.7072900533676147	1.2909215688705444	1.0800126791000366	0.43713176250457764	0.5094389915466309	1.21001398563385	0.07485667616128922	0.5104377269744873	0.33301374316215515	0.9493904709815979	0.020631268620491028	0.5241789221763611	0.12639375030994415	0.5168876051902771	0.29167696833610535	0.061301250010728836	0.4015115797519684	0.4319300949573517	0.49306797981262207	0.5129284858703613	0.7260855436325073	0.18558095395565033	0.6547085046768188	0.32624685764312744	1.042792558670044	0.21945825219154358	0.20797297358512878	0.27330639958381653	0.4869782328605652	0.6288389563560486	0.8552331328392029	0.2612511217594147	0.590995192527771	0.11719872802495956	0.23594661056995392	0.38414186239242554	0.5422983765602112	0.650353729724884	0.3975411653518677	0.4428396224975586	1.7147572040557861	0.0	0.36288097500801086	0.9458059072494507	0.6923170685768127	0.5057839751243591	0.5086207985877991	0.046463899314403534	0.0	0.12327754497528076	1.3836137056350708	0.36403003334999084	0.49117016792297363	0.4243395924568176	0.3951135277748108	0.12943947315216064	0.17973993718624115	1.085999846458435	0.48669368028640747	0.17382974922657013	0.6028705835342407	0.4550376236438751	0.7853655219078064	1.1500684022903442	0.6846081614494324	0.04214932769536972	0.6589188575744629	0.3071677088737488	0.047766461968421936	0.0058747828006744385	0.709560751914978	0.5634734034538269	0.4679937958717346	0.19351989030838013	0.055890150368213654	0.5427443385124207	0.5541976690292358	0.46068501472473145	0.8213064670562744	0.8397756814956665	1.2397451400756836	0.6746357083320618	0.33892130851745605	0.3656154274940491	0.7277268767356873	0.5940577387809753	0.8669029474258423	0.6767737865447998	0.45430663228034973	0.56345134973526	0.8161045908927917	0.9284878969192505	0.5754247307777405	0.6896058320999146	0.10163839161396027	0.25599977374076843	1.2521476745605469	0.5684710741043091	0.6896433234214783	0.5342618227005005	0.9251396059989929	0.9387426972389221	0.7717784643173218	0.1909012794494629	0.29273349046707153	0.2506350576877594	1.5788508653640747	0.6949829459190369	0.6832162141799927	0.91182541847229	0.33452653884887695	0.9615724086761475	0.5278920531272888	0.22414027154445648	0.4861642122268677	0.1471414864063263	0.9640876054763794	0.5582190752029419	0.5440734624862671	0.2624959349632263	1.3501888513565063	0.29604098200798035	1.084976315498352	0.43851542472839355	0.8161402940750122	0.9554587006568909	0.6513292789459229	0.20162072777748108	0.3991592526435852	0.6217504739761353	0.4027802348136902	0.4749111235141754	0.6290999054908752	0.48492276668548584	1.273766040802002	0.5657451152801514	0.2533130347728729	0.20991118252277374	0.37518781423568726	1.1656094789505005	0.46737322211265564	0.24427564442157745	0.9605605006217957	0.37183406949043274	0.378612220287323	0.08553977310657501	0.29501479864120483	0.6218335032463074	0.061121776700019836	0.43998444080352783	0.8884159326553345	0.18187682330608368	0.8852641582489014	0.603550136089325	0.2748222053050995	0.6554104089736938	0.8288342356681824	0.7859166860580444	1.4781378507614136	0.5218445658683777	0.17332789301872253	0.49471160769462585	0.7475564479827881	0.48430296778678894	0.3420277535915375	0.06706390529870987	0.6456090807914734	0.9706181287765503	0.6775318384170532	0.5715060830116272	0.2966935634613037	0.45940449833869934	0.2956845164299011	1.1567004919052124	0.34692472219467163	0.33033445477485657	1.0194404125213623	0.7693181037902832	0.7206795811653137	0.5304497480392456	0.49647101759910583	0.6984542608261108	0.5168803930282593	0.363018661737442	0.6735535860061646	0.6974460482597351	0.5519420504570007	0.47024184465408325	0.2904040813446045	0.6437425017356873	0.39141348004341125	0.10472025722265244	0.46744537353515625	0.28535163402557373	0.22988292574882507	0.8221540451049805	0.10542371869087219	0.6280003786087036	0.6352784633636475	0.47499603033065796	0.453153133392334	0.7887091040611267	0.8124885559082031	0.858635425567627	0.6573221683502197	1.0521219968795776	0.8510867953300476	0.5013384819030762	0.7002076506614685	0.48380815982818604	0.2809746265411377	0.2517632246017456	0.6024397611618042	0.15362629294395447	0.5118211507797241	0.926295280456543	0.22847670316696167	0.09497496485710144	0.4797535836696625	0.7115318775177002	0.8084366321563721	0.7505608201026917	0.5961809158325195	0.4837583899497986	0.6063196659088135	0.8556458353996277	0.65746009349823	0.9373398423194885	0.22467041015625	0.38996371626853943	0.45892536640167236	0.9025379419326782	1.487489938735962	0.7238227725028992	0.6976537108421326	0.23306381702423096	0.28169476985931396	0.6031283140182495	0.36125415563583374	1.0681055784225464	0.6713451147079468	0.3384510576725006	0.4194437563419342	1.168038249015808	1.0824854373931885	0.5454902648925781	0.36055558919906616	0.7422112226486206	0.2787787616252899	0.2241746187210083	0.09842006862163544	0.7881224155426025	0.7086966037750244	0.41276419162750244	0.6688213348388672	0.6124516129493713	0.3100980818271637	0.5742589235305786	0.7822445034980774	0.36347419023513794	0.657863974571228	0.9754398465156555	0.9123098254203796	0.3259676694869995	0.5712707042694092	0.8902650475502014	0.002474075648933649	0.958787202835083	0.21395179629325867	0.802419900894165	0.23770315945148468	0.3253781199455261	0.6388201117515564	0.1245526522397995	1.0213690996170044	0.7853246927261353	0.2949982285499573	0.8604447245597839	0.22615739703178406	0.459527850151062	0.790783166885376	0.6470895409584045	0.023092128336429596	1.1362842321395874	0.3319948613643646	0.3948093056678772	0.5450422763824463	0.9833500385284424	0.49330997467041016	0.030465612187981606	0.9501528739929199	0.11013849824666977	0.6236805319786072	1.399747371673584	0.9517603516578674	0.367597758769989	0.9627243876457214	0.5063560605049133	0.1997782588005066	0.7115103602409363	0.596238911151886	0.27052053809165955	0.47334784269332886	0.07210737466812134	0.18012741208076477	0.19486796855926514	0.2517951726913452	0.24012674391269684	0.6304478645324707	0.4726521670818329	0.2733971178531647	0.39623454213142395	0.6606435775756836	1.3648761510849	0.4773288369178772	0.44823750853538513	0.7151297330856323	0.5411036014556885	1.3937596082687378	0.019829867407679558	0.2528221607208252	1.058233618736267	0.45796698331832886	1.2069593667984009	0.41355231404304504	1.1293631792068481	0.45442086458206177	0.0	0.28647035360336304	0.1480950564146042	0.8889385461807251	0.0	0.7446715235710144	0.8232856392860413	0.09980535507202148	0.6724745631217957	0.5123104453086853	0.5675253868103027	0.47540047764778137	0.9681538939476013	0.010464562103152275	0.9193730354309082	0.4521438777446747	0.8908899426460266	0.2859751880168915	0.9121811389923096	0.6641629934310913	0.24832962453365326	0.933506965637207	0.8151129484176636	0.7469189167022705	0.16074921190738678	1.0638129711151123	0.6045318841934204	0.37004756927490234	0.37535080313682556	0.2407747209072113	0.5941436290740967	0.2821871340274811	0.6307586431503296	0.7713988423347473	0.6259629130363464	0.12929785251617432	0.5935670733451843	0.5661517381668091	0.7555389404296875	0.33425068855285645	0.46317288279533386	0.35924962162971497	0.4368284344673157	0.8328655958175659	0.012535136193037033	0.6768774390220642	0.042742758989334106	1.2379006147384644	0.49137118458747864	0.38298478722572327	1.4768613576889038	0.2219347357749939	0.6252361536026001	0.46994227170944214	1.2596863508224487	0.7236912250518799	0.5837157964706421	0.370955228805542	0.6294298768043518	0.29223841428756714	0.34460148215293884	0.040896691381931305	0.3157691955566406	0.4166318476200104	0.7984474897384644	0.9234455823898315	0.7775493264198303	0.6291553378105164	0.11753648519515991	0.7311955690383911	0.6185937523841858	0.7462672591209412	0.7098799347877502	0.47582921385765076	0.3939766585826874	0.28254032135009766	1.0109446048736572	0.7135119438171387	0.5625559091567993	0.41984862089157104	1.1326026916503906	0.3584962785243988	0.43591535091400146	1.3710979223251343	0.43307235836982727	0.5733988285064697	0.7345139384269714	0.20333914458751678	0.8097265362739563	0.1546916365623474	0.12496737390756607	0.3905871510505676	0.9588593244552612	0.6487727761268616	0.943121075630188	0.7238904237747192	0.8163687586784363	0.336559534072876	0.7469159364700317	0.6879498958587646	0.3430022895336151	1.0645498037338257	0.29462409019470215	0.9602851867675781	0.8055469393730164	0.4587791860103607	1.2353100776672363	0.7937846779823303	0.36923038959503174	0.8334828615188599	0.8892584443092346	0.3359692692756653	1.1361467838287354	0.5182438492774963	0.17133976519107819	1.7292295694351196	0.9588491320610046	0.9868717789649963	0.5743645429611206	0.873161792755127	0.37191611528396606	0.342263787984848	0.7539494633674622	0.2566377818584442	0.56984943151474	0.8209292888641357	0.914269208908081	0.21317529678344727	0.7413182854652405	0.056274063885211945	0.5477290153503418	0.3454226553440094	0.46408605575561523	0.5094077587127686	0.41136446595191956	0.37117257714271545	0.4151493310928345	0.18576745688915253	0.24089521169662476	0.046456143260002136	0.42890262603759766	0.3013070225715637	0.4072192311286926	0.8668824434280396	0.1754307597875595	0.22302782535552979	0.9139959216117859	1.4031530618667603	0.6782459020614624	0.45157554745674133	0.1007801964879036	0.44455575942993164	0.20576228201389313	1.0584148168563843	0.49252599477767944	0.8700110912322998	0.9910787343978882	0.3376389145851135	0.6611007452011108	0.8655605912208557	0.25442036986351013	0.20447057485580444	1.7028816938400269	0.1460953950881958	0.2277730256319046	1.3927018642425537	0.3851360082626343	0.8395278453826904	0.41918835043907166	0.9156684875488281	0.23148825764656067	0.6253545880317688	0.36757099628448486	0.034611158072948456	0.9680720567703247	0.36501261591911316	0.9036667346954346	0.19504210352897644	0.025850921869277954	0.55637526512146	0.9945238828659058	0.502586305141449	0.2637719213962555	0.5773119926452637	0.22891481220722198	0.8333081603050232	0.09257927536964417	0.38063955307006836	0.6085757613182068	0.9791046977043152	0.7494014501571655	0.7435106635093689	0.6901862621307373	0.29353442788124084	0.5813252925872803	0.4989740252494812	0.2729455530643463	0.35035213828086853	0.47142237424850464	0.5301241278648376	0.23061227798461914	0.5303735136985779	0.0	0.25831153988838196	0.300992488861084	0.28854432702064514	0.7397433519363403	0.9496985673904419	0.5728049278259277	1.032720923423767	0.5157191157341003	0.47789400815963745	1.389256238937378	0.6028958559036255	0.8919359445571899	0.2764424979686737	0.40111440420150757	0.4629637598991394	0.02805449813604355	0.6200627088546753	1.0672780275344849	0.8999272584915161	1.0417239665985107	0.05929337441921234	0.888926088809967	0.25020796060562134	0.8662447333335876	0.24682697653770447	1.0825871229171753	0.5672708749771118	0.4952305257320404	0.554485023021698	0.01628287322819233	0.5037530660629272	0.6959027647972107	1.3347127437591553	0.5739861726760864	0.39633098244667053	0.31629490852355957	0.38906925916671753	0.8878971338272095	0.6540681719779968	0.14485889673233032	0.2342226356267929	0.30230915546417236	0.17916837334632874	1.1057978868484497	0.411268413066864	0.4125969409942627	0.33208373188972473	0.2359815239906311	1.2866780757904053	0.15924835205078125	0.6332070231437683	0.758362889289856	0.011981364339590073	1.0834465026855469	0.38252198696136475	0.47003981471061707	0.0876929983496666	0.448203980922699	0.38445690274238586	1.0340672731399536	1.1486198902130127	0.5178335905075073	0.7166792154312134	0.931881308555603	0.19249708950519562	0.22985079884529114	0.007254427298903465	0.6512171030044556	0.07109130918979645	0.1729554831981659	1.3557853698730469	0.22811269760131836	0.26286581158638	1.0435549020767212	0.39882534742355347	0.6606888175010681	1.62614107131958	0.2567918002605438	0.0	0.23687194287776947	0.3102720081806183	0.593016505241394	0.49851641058921814	0.7117554545402527	0.9412490129470825	0.2999586760997772	0.3279109597206116	0.36300599575042725	0.5121076107025146	0.9187591075897217	0.8052986860275269	0.150641530752182	0.29500994086265564	0.16432680189609528	0.052775897085666656	0.5593271851539612	0.10925324261188507	0.38378551602363586	0.8250763416290283	0.24307328462600708	0.5560330152511597	0.7431460022926331	0.9446386098861694	1.0294708013534546	0.9389172792434692	0.7423606514930725	0.7007622718811035	0.8570745587348938	0.8106510639190674	0.8913998007774353	0.4044840633869171	0.5002073049545288	0.31824591755867004	0.694922924041748	1.0129249095916748	1.2385121583938599	0.9023696184158325	0.7047089338302612	0.35459429025650024	0.84095299243927	0.9047257900238037	0.25245824456214905	1.1891889572143555	0.5279699563980103	0.10710934549570084	0.6799758672714233	0.6361928582191467	0.6883485317230225	0.8734990358352661	0.8709259629249573	0.5125322341918945	0.979304850101471	0.13498128950595856	0.40721744298934937	0.20354479551315308	0.3723708391189575	0.6084990501403809	0.12376223504543304	1.0369715690612793	0.2784239947795868	0.1627371609210968	0.49648791551589966	0.23423819243907928	0.963685154914856	0.5563599467277527	0.5692861676216125	0.5204473733901978	0.23869192600250244	0.6354583501815796	0.49999624490737915	0.12221159040927887	0.15507028996944427	0.47774624824523926	0.3753136396408081	0.5567366480827332	0.28792479634284973	0.03931136801838875	0.19575455784797668	0.8547970056533813	0.6065235733985901	0.9872971177101135	0.9688703417778015	0.15720252692699432	0.012271592393517494	0.33772897720336914	0.8744083642959595	0.31435149908065796	0.5206475257873535	0.6947345733642578	0.5191858410835266	0.3123895227909088	0.71126788854599	0.4639739692211151	0.09461496770381927	0.9281277656555176	1.052699327468872	0.5336407423019409	0.29981788992881775	0.6396276950836182	0.3652564287185669	0.17352157831192017	0.14920207858085632	0.149136483669281	0.10941565036773682	0.5908313989639282	0.3817385137081146	0.0736469179391861	0.8349451422691345	0.6173176765441895	0.5471546053886414	0.5261293053627014	0.6804811954498291	0.5572205185890198	0.021836906671524048	0.7078903317451477	0.5369778275489807	0.5842928290367126	1.4985041618347168	0.3325417935848236	0.5386500358581543	0.7835519909858704	0.5302767753601074	1.3535226583480835	0.7391181588172913	0.22271031141281128	0.8720166683197021	0.48744136095046997	0.606657862663269	0.8224307894706726	0.10261138528585434	0.2429315447807312	0.9011977314949036	0.17152629792690277	0.4799850881099701	0.9952831268310547	0.6416177153587341	0.06448301672935486	0.34823721647262573	0.16580940783023834	0.7987970113754272	0.660402238368988	0.5400438904762268	0.29447880387306213	0.9094228148460388	0.5002031922340393	0.7050949335098267	0.5623654127120972	1.0348566770553589	0.7621716856956482	0.8670424818992615	0.0033002980053424835	0.7498724460601807	0.8150655627250671	0.6888455152511597	0.3665841817855835	0.47319886088371277	0.12580606341362	0.4581364095211029	0.4643060564994812	0.23361429572105408	0.0	0.6324381232261658	0.19543501734733582	0.324425607919693	0.23180872201919556	0.4268040657043457	0.0147781977429986	0.3477536737918854	1.0236960649490356	0.08938338607549667	0.3387691080570221	1.3210738897323608	0.7534705400466919	0.2520500123500824	0.7063817381858826	1.2813199758529663	0.7041365504264832	0.36987990140914917	0.46163123846054077	0.16487115621566772	0.8073319792747498	1.1651579141616821	0.07065258920192719	1.2031279802322388	0.9379368424415588	0.42329248785972595	0.5334338545799255	0.4075128436088562	0.5032566785812378	1.216844081878662	0.24723808467388153	0.8342556953430176	0.25914719700813293	0.8525463342666626	0.714408278465271	0.5170883536338806	1.1861337423324585	0.6967262625694275	0.03611911088228226	0.3693479001522064	0.6004660129547119	0.6807554364204407	0.4283621311187744	0.2829809784889221	1.1296311616897583	0.8883344531059265	0.9660767912864685	0.8008153438568115	0.6306607723236084	0.14923003315925598	0.3733696937561035	0.7498466968536377	0.524239718914032	0.7044490575790405	0.33252543210983276	0.1666792780160904	1.114757776260376	0.515920102596283	0.14901044964790344	0.0	0.19488036632537842	1.0777382850646973	0.2801437973976135	0.18007685244083405	0.3841930031776428	0.15175293385982513	0.24411122500896454	0.42309144139289856	0.6082485914230347	0.20028972625732422	0.866687536239624	0.23441055417060852	1.0010651350021362	0.0788775235414505	0.43250206112861633	0.770234227180481	0.2191285341978073	0.193991020321846	0.4494801461696625	1.0141626596450806	0.10311950743198395	0.5853332877159119	0.477339506149292	0.7407151460647583	0.5934942960739136	0.013137773610651493	0.7768221497535706	0.4664226472377777	0.19948810338974	0.9382991790771484	0.18716445565223694	0.11930933594703674	0.5148460865020752	0.3861652612686157	0.8806725144386292	0.5338493585586548	0.516528844833374	0.7045804858207703	0.49611711502075195	0.3039940595626831	0.0	1.3722373247146606	0.355058878660202	0.6703490614891052	0.16041582822799683	0.611574649810791	0.32474008202552795	0.6235132813453674	0.44223886728286743	0.366691917181015	0.22347939014434814	0.37074610590934753	0.3141307830810547	1.0621497631072998	0.3469032049179077	0.42508572340011597	0.6128996014595032	0.5810989141464233	0.8575723171234131	0.5796962976455688	1.0488908290863037	0.9844860434532166	0.751061737537384	0.716184139251709	0.16283899545669556	0.567180335521698	0.21361051499843597	0.07092903554439545	0.8623225688934326	0.727122962474823	0.2929556667804718	0.4302179515361786	0.4884757995605469	1.1017827987670898	0.41834211349487305	0.591889500617981	0.34335997700691223	0.8767651915550232	0.06203008443117142	0.5389848947525024	0.7098879814147949	0.2108309119939804	0.04749823734164238	0.30961140990257263	0.06915585696697235	0.9137458801269531	0.3671048581600189	0.40869763493537903	0.47901710867881775	0.7036713361740112	0.3406105935573578	0.8052868843078613	0.3148651719093323	1.6405563354492188	0.12307635694742203	0.9841267466545105	0.7871048450469971	0.8813396692276001	0.5089752078056335	0.5758921504020691	0.7210448980331421
0.6825717687606812	0.6957437992095947	0.7906907796859741	1.0352559089660645	0.6560038924217224	0.1967693567276001	0.255150705575943	0.8712980151176453	1.0245357751846313	0.3140047788619995	0.5603740811347961	0.22942277789115906	0.5550640821456909	0.4002092182636261	0.4745568633079529	0.24983425438404083	0.7081779837608337	0.6957707405090332	0.1473088562488556	0.5408452749252319	1.0674101114273071	0.2742227017879486	0.7936017513275146	0.4547184109687805	0.579822301864624	0.6381745338439941	0.9841868877410889	0.9468645453453064	0.6395184993743896	0.3708789050579071	0.39370831847190857	0.2677680552005768	0.6021006107330322	0.5598173141479492	0.3561600148677826	0.46425920724868774	0.24802923202514648	0.6694610118865967	0.9111190438270569	0.8356039524078369	0.22345727682113647	0.4049697816371918	0.27232152223587036	0.5519242882728577	0.36343079805374146	0.37579551339149475	0.33878180384635925	0.9352319240570068	0.541126549243927	0.9621623158454895	0.21966128051280975	0.3124155104160309	0.6744338274002075	0.29063379764556885	0.645430326461792	0.20533540844917297	0.4332820773124695	0.9397767186164856	0.5259312391281128	1.0556249618530273	0.1856909692287445	0.5232219696044922	1.0204102993011475	0.8524521589279175	0.3883603811264038	0.6288356781005859	0.7607066035270691	0.4733375906944275	0.3748602867126465	0.27095356583595276	0.41046205163002014	0.4025077819824219	0.3639831840991974	0.2955023944377899	0.4568743109703064	0.8266247510910034	0.18889246881008148	0.8893237113952637	0.8639315366744995	1.0816532373428345	0.8450728058815002	0.5053896307945251	0.5997860431671143	0.3108361065387726	0.4296729564666748	0.13584496080875397	0.7673174738883972	0.7530063986778259	0.19288821518421173	0.20444516837596893	0.3809588551521301	0.5171531438827515	0.1584639549255371	0.8678445219993591	0.7909040451049805	0.4756161570549011	0.9266015291213989	0.4387264549732208	0.7178744077682495	0.5479043126106262	0.7553240060806274	0.7806844711303711	0.34383994340896606	1.0078586339950562	0.8752385377883911	0.9250454306602478	0.5208275318145752	1.7979650497436523	0.3710123300552368	0.4294770061969757	0.44680261611938477	0.8404274582862854	0.32227596640586853	0.3847499489784241	0.6473748087882996	0.26367661356925964	0.495086133480072	0.854364812374115	1.0266004800796509	0.38972043991088867	1.0772955417633057	0.2697199285030365	0.050580475479364395	0.48275691270828247	0.6254348754882812	0.627124011516571	0.20250087976455688	0.4290241301059723	0.8244588971138	0.8097918033599854	0.17778916656970978	0.27697494626045227	0.4690120816230774	0.1533460170030594	0.3340645432472229	0.3081732988357544	0.6812912225723267	0.2741495966911316	0.5399630665779114	0.3538179099559784	0.1467515081167221	0.18338488042354584	1.0650869607925415	0.26697319746017456	0.38139355182647705	0.357026070356369	0.2462708204984665	0.433418869972229	0.844811737537384	0.35539084672927856	0.358365923166275	0.45940664410591125	0.626065194606781	0.2906031012535095	0.31166717410087585	0.3619646430015564	0.4500163495540619	0.5904610753059387	0.3053096532821655	0.2512759566307068	0.2604236602783203	0.47923702001571655	0.3053531348705292	0.4948970675468445	0.3792673945426941	0.38338321447372437	0.38424554467201233	0.48325079679489136	0.42492109537124634	0.7307780981063843	0.4565466642379761	0.27104267477989197	0.3626824617385864	0.7794039249420166	0.30642029643058777	0.39349105954170227	0.466490775346756	0.5604935884475708	0.6661990880966187	0.39546701312065125	0.37801527976989746	0.9103506803512573	0.40575915575027466	0.6203039288520813	0.6786882877349854	1.0225483179092407	0.25493913888931274	0.3334693908691406	0.8842518925666809	0.30347055196762085	0.2413112074136734	0.1983427256345749	0.6351596713066101	0.7460401654243469	0.2975396513938904	0.2079310119152069	0.35219642519950867	0.284903347492218	0.5570404529571533	0.4244757294654846	0.7015566229820251	0.689636766910553	0.4332544803619385	0.5514050722122192	0.5300852656364441	0.6232331991195679	1.1023733615875244	0.8289742469787598	1.0895453691482544	0.4081111252307892	0.4268495738506317	0.32510653138160706	0.18881268799304962	0.4163724184036255	0.6293328404426575	0.8472532629966736	0.944517195224762	0.3159395456314087	0.5202746987342834	0.7667118906974792	0.30724895000457764	0.35706979036331177	0.40560978651046753	0.9222608804702759	0.44858506321907043	0.5187609791755676	0.36798423528671265	0.7152905464172363	0.7167951464653015	0.40056613087654114	0.6645053625106812	0.28552430868148804	0.4618723392486572	1.7318049669265747	1.010408639907837	0.231876403093338	0.3922082185745239	0.4649146795272827	0.329529732465744	0.15795832872390747	0.34920522570610046	0.4389481842517853	1.1471143960952759	0.38750332593917847	0.24414339661598206	0.8364624381065369	0.736947774887085	0.7751643657684326	0.31260761618614197	0.5562387108802795	0.6862234473228455	0.6362317204475403	0.7997603416442871	0.8496384620666504	0.5181165337562561	0.7482059001922607	1.1361093521118164	0.5645250082015991	0.8673858642578125	0.32829105854034424	0.48361366987228394	0.9446559548377991	0.38022667169570923	0.48930907249450684	0.5710795521736145	0.26366788148880005	0.5624886751174927	0.1629590392112732	0.5775144696235657	0.4595489501953125	0.5666807293891907	0.5401179194450378	0.5018013119697571	0.22265714406967163	0.9071517586708069	0.4691949784755707	0.7290298938751221	0.5547783374786377	0.35486751794815063	0.5977240800857544	0.9243183135986328	1.010424256324768	0.48674747347831726	0.31222739815711975	0.5680761337280273	0.7163031101226807	0.4134514629840851	0.727730929851532	0.27253758907318115	0.5276035666465759	0.7594093680381775	0.12534266710281372	0.3293933868408203	0.36517077684402466	0.27311083674430847	0.5413088798522949	0.37622180581092834	0.37050485610961914	0.6820105910301208	0.31470930576324463	0.13611659407615662	0.3622598350048065	0.468425452709198	0.5339164733886719	0.6574380397796631	0.271858274936676	0.6261507868766785	1.367936134338379	0.36973005533218384	1.35355806350708	0.2294134497642517	0.7998529672622681	0.3322182595729828	0.6096299886703491	0.7918710112571716	0.3322891891002655	0.5217220187187195	0.7791630625724792	0.36020976305007935	0.9540584683418274	0.5198565125465393	0.7549641132354736	0.3951919376850128	0.6943670511245728	0.6016007661819458	0.33260560035705566	0.7521518468856812	0.34507375955581665	0.32470703125	0.12293114513158798	1.0764515399932861	0.2653111219406128	0.2641028165817261	0.3963747024536133	1.3375697135925293	0.12224423885345459	0.43134579062461853	0.9248977303504944	0.4552546441555023	0.5610278844833374	0.32398632168769836	0.3088090419769287	0.35695433616638184	0.5795103907585144	0.24957656860351562	0.7104484438896179	0.6302041411399841	0.5204911828041077	0.8016725778579712	0.3948974907398224	0.4711769223213196	0.7392413020133972	0.22245725989341736	0.6629455089569092	0.21418903768062592	0.19005179405212402	0.4106098413467407	0.3324667513370514	0.25224366784095764	0.41790837049484253	0.7359211444854736	0.5272098779678345	0.8765408992767334	0.33291807770729065	0.4867778718471527	0.1929420828819275	0.40090078115463257	0.5670139193534851	0.7936270236968994	0.3319929838180542	0.3233642876148224	1.0299526453018188	0.36737945675849915	1.1754525899887085	0.24280327558517456	0.4497341215610504	0.5419918894767761	0.29519975185394287	0.44156986474990845	0.6600053310394287	0.40514376759529114	0.8513719439506531	0.5740452408790588	0.3502225875854492	0.6081121563911438	0.14947378635406494	0.6054932475090027	0.16885212063789368	0.6021662354469299	0.384148508310318	0.5587907433509827	0.3156629502773285	0.5123878717422485	0.7232311367988586	0.39274969696998596	0.8152204751968384	0.8598238229751587	0.34585851430892944	0.5201460123062134	0.6620823740959167	0.6047983169555664	0.26686301827430725	0.1866050809621811	0.6404642462730408	0.6838300228118896	0.3145023286342621	0.5966809988021851	0.7215457558631897	0.36932823061943054	0.2022886723279953	0.44439730048179626	0.20629094541072845	0.6720497012138367	0.4468021094799042	0.608659565448761	0.7648971676826477	0.24376419186592102	0.6767920851707458	0.4321037530899048	0.6118519902229309	0.32586750388145447	0.3402952253818512	1.1683428287506104	0.6268410682678223	0.6388641595840454	0.6762677431106567	0.4569016993045807	0.9497110247612	0.6075799465179443	0.6671348214149475	0.35206884145736694	0.516793966293335	0.6363760232925415	0.5999001264572144	0.3709283173084259	0.41556912660598755	0.33417749404907227	0.7820464372634888	0.6925259828567505	0.18553538620471954	0.3717869222164154	0.5086548328399658	0.4578637182712555	0.7837706208229065	0.2797997295856476	0.25467169284820557	1.069440484046936	0.5110138058662415	0.5257986783981323	0.08274230360984802	0.6557757258415222	0.3579890727996826	0.5557309985160828	0.6335822343826294	0.2710095942020416	0.18193531036376953	0.045566219836473465	0.5296461582183838	0.8475045561790466	0.45268094539642334	0.6875218152999878	0.3406407833099365	0.2775306701660156	0.9473863840103149	0.4302477538585663	0.23548735678195953	1.107641577720642	0.3318912982940674	0.2661721110343933	0.48064544796943665	0.7434139251708984	0.3306083083152771	0.4627014994621277	0.2051684409379959	0.21516749262809753	0.2291894257068634	1.0258419513702393	0.45441627502441406	0.49559485912323	0.6930633187294006	0.5804396867752075	0.3300805389881134	0.8870499730110168	0.8998334407806396	0.4165608882904053	0.8997366428375244	0.33567413687705994	1.3028395175933838	0.48223158717155457	0.5111486911773682	0.7874242067337036	0.23912452161312103	0.8754979968070984	0.5258111357688904	0.7193073034286499	0.6411949992179871	0.39929744601249695	0.28820565342903137	0.20991827547550201	0.4060937464237213	0.6441822052001953	0.44165635108947754	0.47189033031463623	0.4559662342071533	0.3309447467327118	0.5273202657699585	0.8414139151573181	0.12146025896072388	0.22927910089492798	0.45927712321281433	0.38756173849105835	0.9296323657035828	0.6325324773788452	1.2994639873504639	0.7142775654792786	0.3142155408859253	0.41597816348075867	0.39012500643730164	0.9054836630821228	0.3726831376552582	0.5138711929321289	0.566015899181366	0.5955802202224731	0.8623546361923218	0.25155919790267944	0.3516636788845062	0.4889502227306366	0.47051897644996643	0.7913634777069092	0.3292900025844574	1.470375418663025	0.3896838128566742	0.5063162446022034	0.6910360455513	0.5206684470176697	0.2752560079097748	0.39392179250717163	0.33860886096954346	0.5573605298995972	0.3596547544002533	0.7293808460235596	0.6069348454475403	0.5565346479415894	0.8617597222328186	0.28732240200042725	0.6416386961936951	0.411701500415802	0.231949120759964	1.0227586030960083	1.0263506174087524	1.1212644577026367	0.5007554292678833	0.39450952410697937	0.227431520819664	0.4932831823825836	0.3778855502605438	0.3286539316177368	0.5261722207069397	0.29637935757637024	0.4442155957221985	0.24072086811065674	0.30173492431640625	0.35726040601730347	0.44884219765663147	0.4009800851345062	0.3224201798439026	0.25519639253616333	0.10975237190723419	0.618440568447113	1.4709651470184326	0.7980989217758179	0.36106204986572266	0.9683992862701416	0.4003732204437256	0.6024255156517029	0.42671439051628113	0.10560882836580276	0.1975143849849701	0.7677591443061829	0.2936912178993225	0.6805958151817322	0.08791930228471756	0.1926165074110031	0.38282331824302673	0.37902766466140747	0.7493101954460144	0.3568115830421448	1.1877888441085815	0.44193315505981445	0.6004041433334351	0.465194970369339	0.2603748142719269	0.5992512106895447	0.3175504803657532	0.7578279376029968	0.49827930331230164	0.8054289817810059	0.3886892795562744	0.5012325048446655	0.4014851450920105	0.4647649824619293	0.6847267150878906	0.40867549180984497	0.3840439021587372	0.7618797421455383	0.3782941997051239	0.43854692578315735	0.46028396487236023	0.8006860017776489	1.176935076713562	0.1246003657579422	0.43632325530052185	0.2460346519947052	0.6427114009857178	0.35307222604751587	1.2796803712844849	0.2770348787307739	0.4072890877723694	0.5231626629829407	0.45669025182724	0.15873713791370392	0.47679150104522705	0.4138070344924927	0.7956097722053528	0.5006129741668701	0.5287128686904907	1.0111100673675537	0.834337592124939	0.8177319169044495	0.4933435022830963	0.5765711069107056	0.1773604303598404	0.19830122590065002	0.6724569201469421	0.34080296754837036	0.3060470223426819	0.5873708724975586	1.160245418548584	0.2516956925392151	0.2634003460407257	0.863004744052887	0.5394036173820496	0.10674826800823212	0.915145993232727	1.0127804279327393	0.5055696964263916	0.4574512839317322	0.20265643298625946	0.5488959550857544	0.7440730333328247	0.3461904227733612	0.42267611622810364	0.6176576614379883	0.40415525436401367	0.6436654329299927	0.38597387075424194	0.4329373836517334	0.830082893371582	0.37275993824005127	0.4555984437465668	0.358810693025589	0.5746335983276367	0.3839735686779022	0.35320591926574707	0.5381572246551514	1.1772041320800781	0.35449594259262085	0.3225514888763428	0.34710147976875305	0.5662136077880859	0.36790603399276733	0.5518014430999756	0.37005913257598877	0.7530061602592468	0.8059098720550537	0.43732964992523193	0.6003943085670471	0.7241239547729492	0.6628422737121582	0.20871984958648682	0.29577144980430603	0.31215816736221313	0.4699370563030243	0.5373850464820862	0.5404126644134521	0.631381094455719	0.7870272397994995	0.3481774926185608	0.2931992709636688	0.2571638822555542	0.5203274488449097	0.8866741061210632	0.5769540071487427	0.3518018126487732	0.20774054527282715	0.41460904479026794	0.34629595279693604	0.32238513231277466	0.43462085723876953	0.3013556897640228	0.48382875323295593	1.0643726587295532	0.5843021273612976	0.23548361659049988	0.5410249829292297	0.364502489566803	0.7613809108734131	1.0579537153244019	0.7957460880279541	0.7299731373786926	1.126788854598999	0.5504361391067505	1.0368106365203857	0.7487390637397766	0.2507631778717041	0.7766367793083191	0.8916956186294556	0.31297972798347473	0.8556909561157227	0.3025544285774231	0.5827977061271667	0.8145244121551514	0.5852497220039368	0.45011162757873535	0.18938927352428436	0.5238741636276245	0.19871659576892853	0.3283347189426422	1.088417887687683	0.40357479453086853	0.48483675718307495	0.4170038104057312	0.49493345618247986	0.32615041732788086	0.2548224925994873	0.4738350212574005	0.2638149559497833	1.0267771482467651	1.1596815586090088	0.2844184339046478	0.49238473176956177	1.133347749710083	0.7941756248474121	0.43720290064811707	0.2285146564245224	0.4916137456893921	0.5697720050811768	0.8896715641021729	0.4242030382156372	1.0056811571121216	1.0026483535766602	0.3922313451766968	0.38873863220214844	0.11898813396692276	0.16495488584041595	0.3998633623123169	1.0085850954055786	0.47734758257865906	0.3592243194580078	0.2638838589191437	0.7640635967254639	0.43916019797325134	0.26954951882362366	0.5243647694587708	0.3887879550457001	0.3906119167804718	0.6113816499710083	0.5283194184303284	0.25270596146583557	0.29037219285964966	0.3833250105381012	0.3462827503681183	0.7716401219367981	0.4235598146915436	0.8957458138465881	0.27089184522628784	0.562964916229248	0.285951167345047	0.13070565462112427	0.23774857819080353	0.3184428811073303	0.869012713432312	0.515932559967041	0.2656838893890381	0.4070529639720917	0.8974388241767883	0.3293362855911255	0.5787035822868347	0.17347851395606995	0.6607005596160889	0.47482243180274963	0.355356365442276	0.4940997362136841	0.3291666507720947	0.9679950475692749	0.5743561387062073	1.0665788650512695	0.45042774081230164	0.17640221118927002	0.9909881353378296	1.101467251777649	0.342496782541275	0.47870320081710815	0.2696736752986908	0.5097402930259705	0.9907037019729614	0.6284789443016052	0.28489071130752563	0.7170397043228149	0.46452394127845764	0.5774591565132141	0.841313898563385	0.33291488885879517	0.5877422094345093	0.6120045781135559	0.5337218046188354	0.16227561235427856	1.3514196872711182	0.23020361363887787	0.20616021752357483	0.6715596318244934	0.44702041149139404	0.6066681742668152	0.4502132534980774	0.6010854244232178	0.963257908821106	0.730876624584198	0.2995935082435608	0.89350825548172	0.17387552559375763	0.33162418007850647	0.6435613036155701	0.2985449433326721	1.3082714080810547	0.16686250269412994	0.5209733247756958	0.4073047935962677	0.62040114402771	0.262774795293808	0.7323392033576965	0.8998083472251892	0.24148531258106232	0.6102902293205261	0.26685598492622375	1.2331970930099487	0.27220916748046875	0.6125259399414062	0.5840865969657898	0.2763131260871887	0.15982003509998322	0.7998643517494202	0.45321476459503174	0.575687050819397	0.38596493005752563	0.5600606799125671	0.35449063777923584	0.6328977346420288	0.33699238300323486	0.22671745717525482	0.41368499398231506	0.3482382893562317	0.17442703247070312	0.22232186794281006	0.6470804214477539	0.24129384756088257	0.2883722186088562	0.30524659156799316	0.25123265385627747	0.6898409724235535	0.8609704971313477	0.47042563557624817	0.4659617841243744	0.3947512209415436	0.5952215790748596	0.3351703882217407	0.49446892738342285	0.4104723334312439	0.6128770112991333	0.7166714072227478	0.29382380843162537	0.16202901303768158	0.7585286498069763	0.3852708339691162	0.741965651512146	0.4461129307746887	0.7699839472770691	0.24672062695026398	0.6646379232406616	1.4823905229568481	0.2987796664237976	0.6495545506477356	0.6336785554885864	0.36038637161254883	0.46536946296691895	0.5968874096870422	0.5760465264320374	0.17673295736312866	0.46954208612442017	1.018633246421814	0.4854927361011505	0.8415963649749756	0.3235553205013275	0.4103711247444153	0.18113850057125092	0.2569098472595215	0.9066919088363647	0.43115290999412537	0.5398809313774109	0.5922104716300964	0.3774537146091461	0.5190569758415222	0.5595147013664246	0.4961201548576355	0.24848581850528717	0.7184978723526001	0.18130342662334442	0.4607327878475189	0.09306395798921585	0.1562073826789856	0.7069282531738281	0.4768494963645935	0.7433979511260986	0.8603349924087524	0.9633182883262634	0.5979617238044739	0.40680640935897827	0.2928558588027954	0.3152751326560974	0.519730269908905	0.6898336410522461	0.7455195188522339	1.2147815227508545	0.6520290374755859	0.8501664400100708	0.2573230266571045	0.5043997764587402	0.4151459336280823	0.6214261651039124	0.3078780770301819	0.46413618326187134	0.2785278558731079	0.3980224132537842	0.6006672382354736	0.13234806060791016	0.6178258061408997	0.3599523603916168	0.9426998496055603	0.3774893879890442	0.5608290433883667	0.582443356513977	0.46247830986976624	0.7412598729133606	0.9252273440361023	0.7784526944160461	0.4613577723503113	0.3442491590976715	0.5648325681686401	0.18183554708957672	0.4191144108772278	0.5988576412200928	0.17871084809303284	0.4702850878238678	0.765959620475769	0.34604981541633606	0.2448863536119461	0.8119488954544067	0.8547533750534058	0.4315344989299774	0.24968954920768738	0.17751508951187134	0.36741697788238525	0.2708248496055603	0.6369015574455261	0.4242526590824127	0.45824557542800903	0.28848257660865784	0.39438435435295105	0.9549155235290527	0.5370477437973022	0.1943693608045578	1.009446382522583	0.6132552623748779	0.5685043931007385	0.6994699835777283	0.48433786630630493	0.27250081300735474	0.23182551562786102	0.37255313992500305	0.6483376622200012	0.5072557926177979	0.4137071967124939	0.13572922348976135	0.6635582447052002	0.25659212470054626	1.1477197408676147	0.8746904730796814	0.3288841247558594	0.10629545152187347	0.20609548687934875	0.33325278759002686	0.5499405264854431	0.28512483835220337	0.44162923097610474	0.3232569396495819	0.2936568856239319	0.36246219277381897	0.6008486151695251	0.4838047921657562	0.7985665202140808	0.4127795696258545	0.5023579001426697	0.34764134883880615	0.7230587005615234	0.29333654046058655	0.5715717673301697	0.4432376027107239	0.38817891478538513	0.586858332157135	0.3333166837692261	0.694771945476532	0.568938672542572	0.7352631688117981	0.8020275831222534	0.3942015469074249	0.30744409561157227	0.9018900990486145	0.6229445338249207	0.6521259546279907	0.7673507928848267	0.3413686454296112	0.7528241872787476	0.5081362724304199	0.7170709371566772	0.5220634341239929	1.0657612085342407	0.5135513544082642	0.3518301546573639	0.8073378205299377	0.3842104375362396	0.3978540301322937	0.4130936563014984	0.5576186776161194	0.8588285446166992	0.9850839376449585	0.83143150806427	0.40846893191337585	0.5085634589195251	1.2712353467941284	0.265058308839798	0.8586874008178711	0.4480772614479065	0.5846169590950012	0.9743553400039673	0.49932000041007996	0.4904128313064575	0.7378643751144409	0.6960927844047546	0.49888330698013306	0.6883305311203003	0.4063936471939087	0.8718907833099365	0.39249441027641296	0.3738916516304016	0.6069851517677307	0.6026517748832703	0.6164765357971191	0.1583065539598465	0.5558619499206543	0.2663790285587311	0.5662064552307129	0.740719199180603	0.2249985784292221	0.21726104617118835	0.7807000875473022	0.5201845169067383	0.8214404582977295	0.5714826583862305	0.34893617033958435	0.5932716727256775	0.798790693283081	0.17919184267520905	0.7356022000312805	1.3316949605941772	0.7161470651626587	0.29120126366615295	0.6191057562828064	0.38526901602745056	0.27475297451019287	0.7486750483512878	0.30590102076530457	0.6061983108520508	0.5311441421508789	0.9763178825378418	0.6597700119018555	0.649120569229126	0.42391133308410645	0.3014819920063019	0.2732416093349457	0.6534197330474854	0.4905725121498108	0.41495564579963684	0.4749699831008911	0.5166298151016235	0.12541300058364868	0.9373153448104858	0.7089072465896606	0.4325326383113861	0.7375250458717346	0.7497214078903198	0.5098300576210022	0.319365531206131	0.8561128973960876	0.40494680404663086	0.9018456339836121	0.6947535276412964	0.978595495223999	0.7178674340248108	0.6618046760559082	0.8326376080513	0.6185566186904907	0.4191221296787262	1.5811560153961182	0.47226661443710327	0.5527552366256714	0.4469439387321472	0.2717686891555786	0.38255205750465393	0.8228646516799927	0.5123939514160156	0.08630725741386414	1.0217437744140625	0.35256895422935486	1.0538209676742554	0.5369267463684082	0.5566157698631287	0.31251204013824463	1.2270612716674805	0.8946607708930969	0.15898647904396057	0.6585161089897156	0.1901020109653473	0.3712701201438904	0.3745937645435333	0.24559134244918823	0.4895269274711609	0.2930138409137726	0.2876237630844116	0.7988024353981018	0.26801034808158875	1.0488755702972412	0.3899763822555542	0.4836927354335785	0.418682336807251	0.4061247408390045	0.8243037462234497	0.2936607301235199	0.15552391111850739	0.4813110828399658	0.5994859933853149	0.30932289361953735	0.9298765659332275	0.7688069939613342	0.15237554907798767	0.5121891498565674	0.25091469287872314	0.5900418758392334	0.2427385449409485	0.6303070783615112	0.08761864900588989	0.41093650460243225	0.42557665705680847	0.5511475801467896	0.46386051177978516	0.36370769143104553	0.451007604598999	0.383525013923645	0.36844831705093384	0.37092727422714233	0.6864106059074402	1.1510621309280396	0.9653619527816772	0.8613137602806091	0.293880820274353	0.36823052167892456	0.5503994822502136	0.17840071022510529	0.4771548807621002	0.33263349533081055	0.20986975729465485	0.9619431495666504	0.5810896158218384	0.42888766527175903	0.44350284337997437	0.30190274119377136	0.2948916256427765	0.3821062445640564	0.18304042518138885	0.5144250988960266	0.9270858764648438	0.4615023732185364	0.26729005575180054	0.6948353052139282	0.4237509071826935	0.7247771620750427	0.20102448761463165	0.23471304774284363	0.5105409622192383	0.37230706214904785	0.3770492970943451	0.6256130933761597	0.3178649842739105	0.5387805104255676	0.393207311630249	0.40148791670799255	0.7863486409187317	0.4509370028972626	0.37178802490234375	0.36542949080467224	0.6048367023468018	0.33172130584716797	0.34569472074508667	0.40806013345718384	0.27644461393356323	0.9683166146278381	0.8221226930618286	0.9092274904251099	0.2922043204307556	0.3292909264564514	0.4492228031158447	0.5821589827537537	0.42044371366500854	0.529960572719574	0.14105135202407837	1.190642237663269	0.32014772295951843	0.8408393263816833	0.1362742781639099	0.2630993127822876	0.8584925532341003	0.3653903901576996	0.17837703227996826	0.6219691634178162	0.29613545536994934	0.5201997756958008	0.687029242515564	0.46894243359565735	0.9764593243598938	0.34158259630203247	0.6447417140007019	0.48832014203071594	0.5152754783630371	1.0916037559509277	0.34202083945274353	0.31845608353614807	0.954623818397522	0.2706126272678375	0.793825626373291	0.2486400306224823	0.3659636676311493	0.3127431571483612	0.3726448714733124	0.6068445444107056	0.9569897055625916	0.15401692688465118	0.4420875608921051	0.07124311476945877	0.608961284160614	0.5817579030990601	0.27830010652542114	0.3652676045894623	0.46017006039619446	0.3500487208366394	0.7266057133674622	1.1216778755187988	0.43120190501213074	0.6058692932128906	0.3418940603733063	0.7456110119819641	0.3427256643772125	0.7368425130844116	0.538076639175415	0.25740164518356323	0.4661741554737091	0.31831037998199463	0.4195922017097473	0.660756528377533	1.0449535846710205	0.3141268491744995	0.4128530025482178	0.7903150916099548	0.47702860832214355	0.4222407937049866	0.38259339332580566	0.46460437774658203	0.35249996185302734	0.3692115843296051	0.581336259841919	0.3171719014644623	0.6043112277984619	0.5973206758499146	0.29011446237564087	0.2686873972415924	0.9088591933250427	0.49821019172668457	0.32965391874313354	0.33917003870010376	0.2343093454837799	0.5827085971832275	0.32703182101249695	0.4831894636154175	0.5070257186889648	0.39193934202194214	0.417690634727478	0.5579917430877686	0.36859577894210815	0.1918664127588272	0.3650170862674713	0.7793474197387695	0.4790806174278259	0.8573654294013977	0.5680009722709656	0.49187716841697693	0.27461332082748413	0.17487698793411255	0.6320160031318665	0.3458412289619446	1.0629794597625732	0.874591588973999	0.4279739558696747	0.4180339276790619	0.35263222455978394	0.14532311260700226	0.6043155789375305	0.4147682785987854	0.5766576528549194	0.43096494674682617	0.3639586865901947	0.6441224813461304	0.34311607480049133	0.5401363968849182	0.37021899223327637	0.49505090713500977	0.6568959355354309	0.6208550930023193	0.9260057210922241	0.7046096324920654	0.5895124077796936	0.7488788366317749	0.3041675090789795	0.35139089822769165	0.4673062264919281	0.5642989277839661	0.19297517836093903	0.4252331554889679	0.32704833149909973	0.6717906594276428	0.944359540939331	0.4677667021751404	0.9113897681236267	0.42743051052093506	0.21144042909145355	0.43851202726364136	0.5142419338226318	0.9576596617698669	0.4413256049156189	0.6558127403259277	0.410983145236969	0.10913160443305969	0.6093759536743164	0.38363853096961975	0.5037422180175781	0.17192086577415466	0.4070752263069153	0.4359297454357147	0.35393306612968445	0.573040783405304	0.5563540458679199	0.5435769557952881	1.1056991815567017	0.45163217186927795	0.1032293513417244	0.7678070664405823	0.4650830626487732	0.6287943720817566	0.4108549952507019	0.5381727814674377	0.396335631608963	0.5310928821563721	0.32498013973236084	0.5460614562034607	0.6900973320007324	0.3621072471141815	0.39396944642066956	0.5490574836730957	0.36620819568634033	0.5900133848190308	0.39653077721595764	0.48824864625930786	0.5987135171890259	1.0835429430007935	0.13846571743488312	0.3462061285972595	0.12355209141969681	1.0676945447921753	0.5692927241325378	0.26845574378967285	0.5343313813209534	0.15800534188747406	0.40381523966789246	0.5695776343345642	0.6538754105567932	0.3775014579296112	0.606419026851654	0.40168341994285583	0.2212585210800171	0.5877285599708557	0.5146145224571228	0.49756234884262085	0.45840996503829956	0.19599169492721558	0.6777486205101013	0.12587907910346985	0.1959177851676941	0.7678762674331665	0.4563169479370117	0.6473586559295654	0.15078553557395935	0.6169726848602295	0.549645185470581	0.4105086922645569	0.4202803373336792	0.4925680160522461	0.503921627998352	0.5732641220092773	0.31786301732063293	0.4261384904384613	0.2878612279891968	0.5459144115447998	0.6814464330673218	0.2659032344818115	0.23535706102848053	0.5859851241111755	0.5192390084266663	0.408174604177475	1.1435208320617676	1.0723360776901245	0.9306231737136841	0.24997594952583313	0.26919111609458923	0.20684295892715454	0.34454071521759033	0.9582577347755432	0.93787682056427	0.0756794735789299	0.582000195980072	0.37061187624931335	0.32656288146972656	0.37885037064552307	0.6208933591842651	0.689940869808197	0.411711186170578	0.1718377023935318	0.6502383351325989	0.2944377064704895	0.5636681318283081	0.5422316193580627	0.4058429002761841	0.4347069561481476	0.26914069056510925	0.6540966629981995	0.7235895395278931	0.23467737436294556	0.7465949654579163	0.6849237680435181	0.6109523773193359	0.43020355701446533	0.4273676872253418	0.910885214805603	0.8395153284072876	0.647932767868042	0.8241731524467468	0.19779807329177856	0.5004957914352417	1.120369791984558	0.9032350778579712	0.4150727689266205	0.6515487432479858	0.6070393323898315	0.8194627165794373	0.593397855758667	0.7663882970809937	0.4145989418029785	0.32148560881614685	0.33958253264427185	0.8542860150337219	0.5913769602775574	0.6583073139190674	0.7536958456039429	0.5066426396369934	0.7309844493865967	0.36024123430252075	1.6055059432983398	0.466945618391037	0.28634464740753174	0.3627588748931885	0.9867068529129028	0.45112279057502747	0.6623443365097046	0.3677218556404114	0.45647841691970825	0.2812795042991638	0.4935588836669922	0.19224853813648224	0.23041628301143646	0.568428099155426	0.9921087026596069	0.5808011889457703	0.6385701894760132	0.3699971139431	0.4414280354976654	0.2867564260959625	0.12150522321462631	0.38903093338012695	0.24911236763000488	0.5195146203041077	0.5836942195892334	0.6982806921005249	0.6174750924110413	0.4625835716724396	0.8301510214805603	0.20863963663578033	0.45079001784324646	0.5245686173439026	0.7270076870918274	0.4275566637516022	0.2568731904029846	0.5492724180221558	0.3530867099761963	0.9341228008270264	0.434738427400589	0.17391793429851532	0.7432645559310913	0.4919382333755493	0.5759064555168152	0.5816924571990967	1.1005522012710571	0.733486533164978	0.8560714721679688	0.5511020421981812	0.5079664587974548	0.41442352533340454	0.4233764111995697	0.40304654836654663	0.4172169864177704	0.5054568648338318	1.0531506538391113	0.30589309334754944	0.5179895162582397	0.3889092803001404	0.7995436191558838	0.4366261661052704	0.5087772607803345	0.3740580976009369	0.6360818147659302	0.284560889005661	0.30344608426094055	0.32736125588417053	0.45287024974823	0.35678592324256897	1.0696742534637451	0.7013652920722961	0.9376088380813599	0.5885599851608276	0.6829920411109924	0.4011538624763489	0.3673241138458252	1.3158743381500244	0.5467492938041687	0.8520433902740479	0.7058387398719788	0.3545467257499695	0.3351418077945709	0.5834543108940125	0.43584340810775757	0.2717782258987427	0.6453080773353577	0.4812946319580078	0.6378723978996277	0.49773454666137695	0.8859752416610718	0.47024375200271606	0.25168997049331665	0.2834118604660034	0.8701612949371338	0.4213945269584656	0.5630762577056885	0.19504594802856445	0.9403060078620911	0.6424387097358704	1.1715553998947144	0.4010411500930786	0.4425874352455139	0.38908252120018005	0.8385012149810791	1.0781689882278442	0.4341390132904053	0.3139282166957855	0.1887279450893402	0.7538386583328247	0.1692420095205307	0.7432078123092651	0.5490159392356873	0.5517969131469727	0.31385156512260437	0.6063859462738037	1.3335281610488892	0.3613724708557129	0.9267041683197021	0.2584102153778076	0.1475771814584732	0.684077262878418	0.5543727278709412	0.5151326656341553	0.5309909582138062	0.903216540813446	0.41091376543045044	0.27761876583099365	0.30142831802368164	0.683205246925354	0.5614811182022095	0.15229961276054382	0.8217264413833618	0.6149982213973999	0.8288765549659729	0.5561317205429077	0.4749515950679779	0.34393954277038574	0.24401286244392395	0.4236157536506653	0.5163529515266418	0.5345768928527832	0.257413387298584	0.6019923090934753	0.28850218653678894	0.354676216840744	0.7513939142227173	0.1826966106891632	0.19955453276634216	0.5169259309768677	0.3745763897895813	0.5096741318702698	0.902567446231842	0.4477977454662323	0.8160312175750732	0.21542459726333618	0.5826734900474548	0.3749184012413025	0.5744106769561768	0.8864394426345825	0.45255374908447266	0.5647128820419312	0.49706530570983887	0.6142664551734924	0.5676769018173218	0.6866210103034973	1.007691740989685	0.9549282193183899	0.8920482993125916	0.6630508899688721	0.3420100808143616	0.450242817401886	0.3162844479084015	0.7568708658218384	0.4302685856819153	0.4335496723651886	0.5476399064064026	0.358901709318161	0.2884677052497864	0.9380864500999451	0.5739848017692566	2.064162015914917	0.8157766461372375	0.38032206892967224	0.5698673129081726	0.6853109002113342	0.32325243949890137	0.07871919125318527	0.48439472913742065	0.34448346495628357	0.7234708666801453	1.0704156160354614	0.46452468633651733	0.6555308103561401	0.40655311942100525	0.9613677859306335	0.8707554340362549	0.5311912894248962	0.8790903687477112	0.2371847778558731	0.386459082365036	0.4210815727710724	0.4520767331123352	0.6633079648017883	1.0343797206878662	0.2903936207294464	0.5771870017051697	0.8661991953849792	0.72996985912323	0.4848175644874573	0.31915712356567383	0.39472460746765137	0.22891080379486084	0.14998508989810944	0.30027806758880615	0.8993539810180664	1.125985026359558	0.4110475480556488	0.6925435066223145	0.8983421325683594	0.8780150413513184	0.6121987700462341	0.920677661895752	0.20431067049503326	0.743040919303894	0.19681620597839355	0.38233810663223267	0.31720203161239624	0.2317514419555664	0.6083717346191406	0.8369062542915344	0.6671942472457886	1.898606777191162	0.27089112997055054	0.5697195529937744	0.5064862966537476	0.43050476908683777	0.47848570346832275	0.35260942578315735	0.20209604501724243	0.1407622992992401	0.392008513212204	0.8802694082260132	0.45013049244880676	0.09710686653852463	0.40568000078201294	1.1132699251174927	0.25756698846817017	1.0433335304260254	0.3682518005371094	0.8880675435066223	0.9934542179107666	0.3952953815460205	0.5062544941902161	0.5039709210395813	0.8068560361862183	0.45122265815734863	0.6756274104118347	0.24034953117370605	0.44980907440185547	0.12090805172920227	0.816342830657959	0.5903619527816772	0.6699179410934448	0.443843275308609	0.8284534215927124	0.31764668226242065	0.27240121364593506	0.48601841926574707	0.3965764045715332	0.3822595477104187	0.7929697036743164	0.4216325879096985	0.8710315227508545	0.803376317024231	1.2020207643508911	0.8889858722686768	0.1856202334165573	0.7496528029441833	0.5917114019393921	0.20040296018123627	0.7226503491401672	0.6431742906570435	0.4750407934188843	0.42282864451408386	0.5436886548995972	0.3419785499572754	0.5668765902519226	0.8911483883857727	0.4883670210838318	0.8039277195930481	1.470345139503479	0.5667184591293335	0.6709390878677368	0.8494341969490051	0.1340658962726593	0.4438154101371765	0.5911476612091064	0.5828083157539368	0.34065455198287964	1.0435791015625	0.5412399172782898	0.7598989009857178	0.428401380777359	0.26820287108421326	0.2343413382768631	0.3444342017173767	0.3277515172958374	0.7296991944313049	0.5003660321235657	0.21791419386863708	0.6755412220954895	0.1407446414232254	0.3036157488822937	0.6370992660522461	0.49237513542175293	0.040641721338033676	0.5540907979011536	0.21314746141433716	0.7699220776557922	0.21523989737033844	0.6153143644332886	0.8083572387695312	0.8123103976249695	0.49168193340301514	0.27350059151649475	0.34222838282585144	0.3209152817726135	0.5059260725975037	0.5234313011169434	0.3891697824001312	0.39387041330337524	0.6156829595565796	0.44384825229644775	0.6143904328346252	0.5263959169387817	0.7693172693252563	0.31848523020744324	0.5422080159187317	0.4246954321861267	0.4574432671070099	0.7716138362884521	0.6003169417381287	0.4969575107097626	0.6883498430252075	0.7525851130485535	0.22348758578300476	0.2717743515968323	0.39503392577171326	0.409318208694458	0.46785247325897217	0.5129578113555908	0.22562521696090698	0.9996379613876343	0.4057728350162506	0.4175757169723511	0.8431227207183838	0.4883318841457367	0.6077057123184204	0.4023604393005371	0.6085191369056702	0.35686415433883667	0.1649329662322998	0.6551162600517273	0.45950397849082947	0.450050413608551	0.8023265600204468	0.8934626579284668	0.4790968894958496	0.5724912881851196	0.865218997001648	0.3563264310359955	0.4187413156032562	1.1562336683273315	0.38178983330726624	0.39188557863235474	0.5902091860771179	0.27261680364608765	0.5243445038795471	0.2782217860221863	0.6290512084960938	0.8851528763771057	0.4274742901325226	0.39450204372406006	0.7860308885574341	0.3994390368461609	1.094201922416687	0.1779746115207672	0.23667943477630615	0.4949059784412384	0.3463989496231079	0.6682626605033875	0.5654734373092651	0.5693185329437256	0.7421199083328247	0.35118016600608826	0.4890498220920563	0.6591986417770386	0.21515986323356628	0.4988548755645752	0.3972359895706177	0.35279348492622375	0.5405113101005554	1.065927267074585	0.5688933730125427	0.3872162401676178	0.6723203659057617	0.42825576663017273	0.18518860638141632	0.5072188377380371	0.5865688920021057	0.283511757850647	0.5121201872825623	0.3380250930786133	0.6623229384422302	0.7413596510887146	0.413932740688324	0.9254536032676697	1.1583774089813232	1.0042113065719604	0.686258852481842	0.6454071998596191	0.3935220539569855	0.369552344083786	0.9705277681350708	0.20520064234733582	0.8433790802955627	0.22296768426895142	0.22310519218444824	0.5184288024902344	0.6782742738723755	0.654656171798706	0.6281525492668152	0.6220322251319885	0.6361671686172485	0.4822457432746887	0.39726749062538147	0.5876953601837158	0.2754371166229248	0.6047371029853821	0.19422107934951782	0.2223086655139923	0.2923942506313324	0.7385697960853577	0.5948348641395569	0.15388396382331848	0.8814226388931274	0.5081995129585266	0.31191685795783997	0.32976827025413513	0.364341676235199	0.5327059030532837	0.4044765532016754	0.42326927185058594	0.7722197771072388	0.40465858578681946	0.8247702121734619	0.7779642343521118	0.6267988681793213	0.8627961277961731	0.834449291229248	0.6819537878036499	0.37616682052612305	0.1635674685239792	0.1454835832118988	0.4960092306137085	0.24462179839611053	0.7586787939071655	0.36469048261642456	0.6828202605247498	0.7417231202125549	0.8684564828872681	0.37857189774513245	0.33273905515670776	0.3683841824531555	0.403110146522522	0.09009639173746109	0.9749231934547424	0.22230583429336548	0.5681185126304626	0.5533288717269897	0.14658766984939575	0.6723382472991943	0.2771907448768616	0.3296748697757721	1.1398346424102783	0.2869158983230591	0.4023531973361969	0.5802308320999146	0.5125124454498291	0.2216484248638153	0.7648724317550659	0.24385400116443634	0.5172476172447205	0.6441158056259155	0.8416223526000977	0.22068504989147186	0.39907729625701904	0.5956301689147949	0.5142961144447327	0.42803722620010376	0.3441428244113922	0.1794421523809433	0.48058030009269714	0.6920285224914551	0.22755299508571625	0.49187177419662476	0.1440410614013672	1.1552242040634155	0.7406669855117798	0.4258115887641907	1.1809425354003906	0.7105885148048401	0.5091584324836731	0.39348918199539185	0.5966208577156067	0.6208139657974243	0.47660067677497864	0.496086984872818	0.1915883868932724	0.5997719764709473	0.7389363646507263	0.3738786280155182	0.49939197301864624	0.4193568825721741	0.6229695677757263	0.0910223051905632	0.4170280694961548	0.5241537690162659	0.2828842103481293	0.5385920405387878	0.24194054305553436	0.7799043655395508	0.7812132835388184	0.6932839751243591	0.3735983073711395	0.38605737686157227	0.3390912413597107	0.29866573214530945	0.36615389585494995	0.29405370354652405	0.9856544137001038	0.9905325174331665	0.6613672375679016	0.6106329560279846	0.40549275279045105	0.30703625082969666	0.5353415012359619	0.5468367338180542
0.4452081024646759	0.5376982688903809	0.6076352596282959	0.29935911297798157	0.715863049030304	0.19651664793491364	0.24441464245319366	1.05475652217865	0.3546043038368225	0.142994225025177	0.45868879556655884	0.20252621173858643	0.9571802616119385	0.4126497209072113	0.5038745403289795	0.6122753620147705	0.44964152574539185	0.5475995540618896	0.19253043830394745	0.4851062297821045	1.0233560800552368	0.4031374454498291	0.39038190245628357	0.38216161727905273	0.53057461977005	0.5753838419914246	0.8390946984291077	0.6859533190727234	0.49206796288490295	0.5405591726303101	0.49935054779052734	0.4274485409259796	0.6391814947128296	0.4827256202697754	0.24314485490322113	0.39091357588768005	0.3114941716194153	0.3597453534603119	0.5233287811279297	0.4420965313911438	0.5136089324951172	0.5692963004112244	0.3783489465713501	0.5596336722373962	0.31064289808273315	0.6536593437194824	0.28132736682891846	0.6354849934577942	0.3159748315811157	0.8315770626068115	0.451084703207016	0.4718685746192932	0.5744760036468506	0.46516260504722595	0.6078366041183472	0.2670321464538574	0.4472762942314148	0.9244813323020935	0.41112902760505676	0.3868679404258728	0.19586342573165894	0.23906037211418152	0.5963460803031921	0.7327306866645813	0.2871689200401306	0.6244973540306091	0.6419881582260132	0.551810622215271	0.3231734335422516	0.5149074792861938	0.30606991052627563	0.43836063146591187	0.4725203514099121	0.6092388033866882	0.5528708100318909	0.5630523562431335	0.3088010549545288	0.5818169116973877	0.4326319694519043	0.5520671606063843	0.8240835070610046	0.6023491621017456	0.5280182361602783	0.35136961936950684	0.6735498905181885	0.1739116907119751	0.4658915400505066	0.5881391763687134	0.9895167350769043	0.3561962842941284	0.6124368906021118	0.501201868057251	0.31162962317466736	0.542777419090271	0.29531988501548767	1.1054030656814575	0.7588388919830322	0.4247213900089264	0.5248910784721375	0.580047607421875	0.4752705991268158	1.087235450744629	0.18478162586688995	0.9651711583137512	0.5023254156112671	0.5692317485809326	0.5410632491111755	1.4268196821212769	0.6798526048660278	0.8555090427398682	0.6772529482841492	0.9828759431838989	0.5831944346427917	0.6999927759170532	0.7812851071357727	0.1605501025915146	0.49172189831733704	0.7625823616981506	0.5955668091773987	0.3608182966709137	0.5432752370834351	0.34962451457977295	0.2593591809272766	0.376621812582016	0.7032778859138489	0.5869541168212891	0.16470937430858612	0.459761381149292	0.8525756001472473	1.0148365497589111	0.2211923450231552	0.30364200472831726	0.24043016135692596	0.2506934106349945	0.26962515711784363	0.20829984545707703	0.7292922735214233	0.28687191009521484	0.44846436381340027	0.4032692313194275	0.17430375516414642	0.26800069212913513	0.9106702208518982	0.23252351582050323	0.6784708499908447	0.7217480540275574	0.28064680099487305	0.5252274870872498	1.065009593963623	0.449799120426178	0.30439504981040955	0.16819623112678528	0.8302152156829834	0.31121718883514404	0.3779248893260956	0.5917176604270935	0.7414858341217041	0.7265263795852661	0.2977377474308014	0.5087597370147705	0.28121766448020935	0.721777617931366	0.31314897537231445	0.32442185282707214	0.28608807921409607	0.4688180387020111	0.3617039918899536	0.38195177912712097	0.3890855610370636	0.5058483481407166	0.31518834829330444	0.35524722933769226	0.6266798377037048	0.41863757371902466	0.29939892888069153	0.3126918077468872	0.45580795407295227	0.7315228581428528	0.30374205112457275	0.2854348421096802	0.45579826831817627	0.6192202568054199	0.33299562335014343	0.7948840856552124	0.8179202079772949	0.9330869317054749	0.39908939599990845	0.21598200500011444	0.324903666973114	0.7679433226585388	0.4012359082698822	0.26087093353271484	0.4617730975151062	0.741703987121582	0.49381333589553833	0.01948373205959797	0.9134514331817627	0.336017370223999	0.552057147026062	0.2980921268463135	0.35727429389953613	0.5421138405799866	0.28221505880355835	0.5254091620445251	0.40304136276245117	0.44186002016067505	0.4642460346221924	0.5108738541603088	0.8651390075683594	0.8115635514259338	0.7681728005409241	0.445637583732605	0.1907743513584137	0.49089741706848145	0.60782790184021	0.30205538868904114	0.9159467816352844	0.4835377037525177	0.4448367655277252	0.7631869316101074	0.3443792760372162	0.33798322081565857	0.3260456919670105	0.813697338104248	0.4885563254356384	0.8012926578521729	0.6136699914932251	0.5642383694648743	0.5228729248046875	0.2849891185760498	0.6213515400886536	0.3696173429489136	0.5745689272880554	1.1654069423675537	1.0369305610656738	0.4067802131175995	0.2955016791820526	0.7494928240776062	0.29373830556869507	0.13093312084674835	0.4707389175891876	0.5365815758705139	1.5068700313568115	0.20216846466064453	0.43636393547058105	0.7950964570045471	0.6404201984405518	0.8037036657333374	0.2501527667045593	0.6369831562042236	1.0619697570800781	0.8035931587219238	0.7779165506362915	0.3332623243331909	0.48663580417633057	0.7450166940689087	0.8822310566902161	0.34011414647102356	1.3485281467437744	0.1536397635936737	0.6818563938140869	0.6691297292709351	0.3151708245277405	0.417647123336792	0.5667911767959595	0.39905649423599243	0.43406495451927185	0.37282851338386536	0.3642403781414032	0.7663223743438721	0.7079184651374817	0.7964940667152405	0.7201386094093323	0.2992469370365143	0.5677252411842346	0.5797638893127441	0.5266193151473999	0.6557949185371399	0.45733773708343506	0.8268016576766968	0.5513556003570557	0.4551905691623688	0.5511167645454407	0.30718863010406494	0.5287319421768188	1.2969443798065186	0.34096407890319824	0.5779770016670227	0.30140021443367004	0.26861080527305603	0.7073816061019897	0.3495906591415405	0.5206137299537659	0.2598360478878021	0.1537470668554306	0.507646918296814	0.5069864988327026	0.3455687463283539	0.6342247724533081	0.29959142208099365	0.24970272183418274	0.39518341422080994	0.9800082445144653	0.6686635613441467	0.7632426023483276	0.1534101665019989	0.6847971081733704	1.3096048831939697	0.4222899377346039	1.1655791997909546	0.6678026914596558	0.4395100474357605	0.44672921299934387	0.5288782715797424	0.419452041387558	0.3575565218925476	0.5066629648208618	0.7452400922775269	0.3059599995613098	0.8484863042831421	0.41892385482788086	0.6918516159057617	0.5364775657653809	0.5580462217330933	0.7335081100463867	0.5293089151382446	0.5898668766021729	0.6004881858825684	0.5839057564735413	0.5186700224876404	0.917293131351471	0.3881395161151886	0.24032801389694214	0.29280269145965576	0.9963934421539307	0.1499963253736496	0.5741283893585205	0.8720060586929321	0.6193159818649292	0.7909116744995117	0.2434326708316803	0.30541470646858215	0.2595110237598419	0.5149627327919006	0.49410757422447205	0.4926774799823761	0.3891368508338928	0.44113728404045105	0.7549093961715698	0.18480220437049866	0.6819090843200684	0.6693853735923767	0.4746900200843811	0.9613962173461914	0.5007441639900208	0.24897199869155884	0.5544638633728027	0.5427905321121216	0.29111188650131226	0.39700862765312195	1.0485538244247437	0.4793965220451355	0.6759356260299683	0.36977502703666687	0.28436079621315	0.6580475568771362	0.10819058120250702	0.5559021830558777	0.6637179255485535	0.40262579917907715	0.4037245512008667	0.5165278315544128	0.39098405838012695	0.8129621744155884	0.40347158908843994	0.39990681409835815	0.9788980484008789	0.531649649143219	0.7925187945365906	0.6618850231170654	0.4065001606941223	0.7222870588302612	0.440902978181839	0.38595157861709595	0.5298465490341187	0.360095351934433	0.6029514670372009	0.17902565002441406	0.6568069458007812	0.27131184935569763	0.3749564290046692	0.2643231749534607	0.29705074429512024	0.7173165082931519	0.5943412780761719	0.6551823616027832	0.7381025552749634	0.2937680780887604	0.33921825885772705	0.6778331398963928	0.7316684722900391	0.537986159324646	0.4897674024105072	0.9724806547164917	0.29093965888023376	0.41783833503723145	0.4388274550437927	0.49054601788520813	0.5200799107551575	0.25328683853149414	0.6685285568237305	0.4558449685573578	0.9706979990005493	0.320900022983551	0.567857027053833	0.537639856338501	0.4930110275745392	0.5660622119903564	0.21766971051692963	0.41974568367004395	0.41469141840934753	0.22179840505123138	0.760097861289978	0.7153780460357666	0.6487213969230652	0.4569934904575348	0.4757620394229889	0.6915290951728821	0.35666102170944214	0.4491977393627167	0.4091447591781616	0.31293967366218567	0.40401944518089294	0.617486298084259	0.30585408210754395	0.5454491972923279	0.40731316804885864	0.8807660341262817	0.4056708812713623	0.2068309783935547	0.6225728988647461	0.7280078530311584	0.9766719937324524	0.7308009266853333	0.4476015865802765	0.4775446653366089	0.7234607338905334	0.33771875500679016	0.4598917067050934	0.6360399127006531	0.42008376121520996	0.24458599090576172	0.27879077196121216	0.5246545672416687	0.3208969533443451	0.2298472374677658	0.55024653673172	0.5104165077209473	0.9293423295021057	0.5080739259719849	0.7564624547958374	0.4380868077278137	0.2813800275325775	0.33934441208839417	0.4417116940021515	0.41975638270378113	0.702846884727478	0.5081868767738342	0.2678312063217163	0.3012193739414215	0.6516543626785278	0.2694871425628662	0.40828266739845276	0.21590496599674225	0.7667614817619324	0.1802772730588913	1.106869101524353	0.7877670526504517	0.6869125366210938	0.3547692596912384	0.6574498414993286	0.37917622923851013	0.9774949550628662	0.6115923523902893	0.7391541004180908	0.8082467913627625	0.48394471406936646	1.0980432033538818	0.5454079508781433	0.46141788363456726	0.6469022035598755	0.26623451709747314	0.7177329659461975	0.5751250386238098	0.9149373769760132	0.6155669689178467	0.5114395022392273	0.4608348608016968	0.2441399097442627	0.39670249819755554	0.8693565130233765	0.6709851622581482	0.6984236240386963	0.43707841634750366	0.3547718822956085	0.7799195647239685	0.48666876554489136	0.28146126866340637	0.3311607241630554	0.3357793092727661	0.3588516414165497	0.7933210134506226	0.222269669175148	0.9089040756225586	0.5851505994796753	0.5594207048416138	0.27140265703201294	0.1380428820848465	0.7102054953575134	0.49017003178596497	0.3918546140193939	0.6611200571060181	0.47173863649368286	0.8129586577415466	0.21728317439556122	0.29315444827079773	0.9407265186309814	0.31292229890823364	0.5607452392578125	0.4957476556301117	0.7756124138832092	0.3175065219402313	0.7335125803947449	0.976269006729126	0.4928551912307739	0.34809568524360657	0.1509760469198227	0.5979861617088318	0.39081358909606934	0.46717187762260437	0.8777692914009094	0.7598995566368103	0.41357195377349854	0.7836998105049133	0.4260568618774414	0.43205299973487854	0.4738966226577759	0.15299585461616516	0.6125950813293457	0.6734688878059387	0.677413821220398	0.6529017686843872	0.6425408720970154	0.309040367603302	0.27504926919937134	0.36831003427505493	0.6094451546669006	0.5426868200302124	0.5285910367965698	0.7089046835899353	0.35712382197380066	0.5328785181045532	0.2881123423576355	0.4120097756385803	0.43695929646492004	0.46112385392189026	0.33136671781539917	0.16979850828647614	0.6174656748771667	0.9777230024337769	0.5964402556419373	0.08695860207080841	0.9459748268127441	0.3789871335029602	0.3634577691555023	0.48933637142181396	0.21647635102272034	0.3047856092453003	0.6055023074150085	0.25198328495025635	0.6155626773834229	0.15956860780715942	0.28396350145339966	0.4183558225631714	0.4441705346107483	0.5769065618515015	0.31664103269577026	0.46014511585235596	0.6439611315727234	0.45224058628082275	0.5323584079742432	0.4502823054790497	0.4032794237136841	0.507790744304657	0.7752779126167297	0.5205374360084534	0.5440384745597839	0.33599334955215454	0.37883126735687256	0.2808297872543335	0.41911229491233826	0.5663677453994751	0.3228895664215088	0.43420663475990295	0.6478366255760193	0.436379075050354	0.1656777560710907	0.5771844387054443	0.5480143427848816	0.5201817154884338	0.24786782264709473	0.5086535215377808	0.7882168292999268	0.7149155735969543	0.45174676179885864	0.8015705347061157	0.1678653061389923	0.307936429977417	0.37450867891311646	0.4889247417449951	0.3016706705093384	0.3687295913696289	0.373889297246933	0.7945080995559692	0.3566040098667145	0.34793996810913086	0.6727365851402283	0.7318207025527954	0.6769589185714722	0.6597305536270142	0.7193818688392639	0.2577372193336487	0.1761399358510971	0.7374554872512817	0.3503749370574951	0.19330531358718872	0.521002471446991	0.47861260175704956	0.238240584731102	0.2642848789691925	0.4221034646034241	0.4911363422870636	0.2217695713043213	0.6704901456832886	0.7398690581321716	0.6748009324073792	0.6702911257743835	0.33201849460601807	0.43055295944213867	0.8433712720870972	0.495856374502182	0.255196750164032	0.29363173246383667	0.42829596996307373	0.3877561092376709	0.46519210934638977	0.577629029750824	0.33736956119537354	0.621419370174408	0.21944420039653778	0.4055759310722351	0.5710943937301636	0.27287358045578003	0.45130640268325806	0.7835111618041992	0.6292736530303955	0.4973447918891907	0.14662101864814758	0.8381136059761047	0.4868227243423462	0.5342857837677002	0.3650244176387787	0.2283063381910324	0.781102180480957	0.5709372758865356	0.7307910919189453	0.810128390789032	0.523354172706604	0.6974666118621826	0.4366644322872162	0.6590812802314758	0.4499712884426117	0.4767366647720337	0.8137654662132263	0.6848288178443909	0.40386995673179626	0.8250854015350342	0.45161139965057373	0.20644590258598328	0.38169291615486145	1.0486339330673218	0.7622900605201721	0.1762353628873825	0.39736804366111755	0.13916489481925964	0.17611736059188843	0.4167691767215729	0.5492372512817383	0.5296735763549805	0.34782108664512634	0.6147412061691284	0.5062359571456909	0.447925329208374	0.1797105371952057	0.46574240922927856	0.5498510003089905	0.8637396693229675	0.4941011369228363	0.48044657707214355	0.8889671564102173	1.3127493858337402	0.5618917942047119	0.5946314930915833	0.5606213212013245	0.3047793209552765	0.48041945695877075	0.5406784415245056	0.4006887972354889	0.6657923460006714	0.7896831035614014	0.5931484699249268	0.726280689239502	0.6701237559318542	0.8469163775444031	0.3307207226753235	0.560096025466919	0.6375395655632019	0.33744606375694275	0.8537946939468384	0.3677547872066498	0.35008955001831055	0.3233995735645294	0.3554554581642151	0.49131065607070923	0.4639711380004883	0.4544225037097931	0.22794514894485474	0.9583226442337036	0.6772351264953613	0.09356800466775894	0.4776992201805115	0.504611611366272	0.44074299931526184	0.46005377173423767	0.5046961307525635	0.6234715580940247	0.35416465997695923	0.5379359722137451	0.509920597076416	0.6303523778915405	0.5530443787574768	0.27615684270858765	0.39478737115859985	0.1351694017648697	0.1361767202615738	0.23248231410980225	0.7095618844032288	0.35947123169898987	0.6455643177032471	0.6352956295013428	0.7486429214477539	0.858314037322998	0.24060945212841034	0.7839516997337341	0.3894658088684082	0.11217143386602402	0.662328839302063	0.5038482546806335	0.483959436416626	0.37914466857910156	0.25491076707839966	0.6890447735786438	0.6153607964515686	0.5418645143508911	0.7383618354797363	0.4085805118083954	0.41856878995895386	0.245840385556221	0.13838398456573486	0.4909888803958893	0.24504996836185455	1.1692181825637817	0.3448033630847931	0.26832008361816406	0.3592885434627533	0.4038426876068115	0.34294426441192627	0.3995921015739441	0.6205298900604248	0.5700953006744385	1.0956135988235474	0.32973605394363403	0.39228588342666626	0.37189769744873047	0.6584360003471375	0.5517838597297668	0.9324538707733154	0.3487042784690857	0.24550533294677734	0.7924574017524719	0.5708616971969604	0.4389117658138275	0.6801654100418091	0.5940579175949097	0.43968266248703003	0.5701016187667847	0.8464750647544861	0.3839949369430542	0.9097503423690796	0.5263702273368835	0.5279787182807922	0.6087321043014526	0.5148531198501587	0.3786797523498535	0.6692028045654297	0.8248907327651978	0.6492551565170288	0.7877689599990845	0.24191297590732574	0.3387860059738159	0.8524953722953796	0.6021738052368164	0.6733729839324951	0.3643353581428528	0.2471739500761032	0.9709073901176453	0.44349944591522217	0.2798879146575928	1.134546160697937	0.19852383434772491	0.380058228969574	0.7758595943450928	0.4599587023258209	0.9778633117675781	0.425144761800766	0.5053287744522095	0.7688848972320557	0.600883960723877	0.515445351600647	0.9807801842689514	0.7368108630180359	0.22051969170570374	0.5863624215126038	0.3195962905883789	0.7439056634902954	0.5048288702964783	0.4366246461868286	0.8612341284751892	0.4934702515602112	0.33958858251571655	0.48172062635421753	0.2858705520629883	0.45331060886383057	0.3191911280155182	0.4759845435619354	0.3935171961784363	0.4723270833492279	0.2989569306373596	0.27282166481018066	0.43227672576904297	0.3073384165763855	0.19567051529884338	0.22077305614948273	0.48974791169166565	0.6782039403915405	0.4915814995765686	0.21179750561714172	0.3303678333759308	0.46132245659828186	0.5596347451210022	0.41827017068862915	0.28598731756210327	0.36915916204452515	0.4748620390892029	0.5060018301010132	0.5857316851615906	0.46201950311660767	0.4083579182624817	0.5916227102279663	0.32813024520874023	0.5701380372047424	0.5933166146278381	0.5928319096565247	0.7079116106033325	0.25909343361854553	0.8759632706642151	0.46788620948791504	0.3522445559501648	0.7668932676315308	0.3900511860847473	0.4358532726764679	0.6020357608795166	0.31506025791168213	0.4852738082408905	0.6869704127311707	0.5905854105949402	0.18521781265735626	0.5516772866249084	0.900844156742096	0.3623451590538025	0.7271418571472168	0.3441496789455414	0.43175357580184937	0.3289162516593933	0.27835285663604736	0.7342733144760132	0.29805588722229004	0.3509409725666046	0.319793164730072	0.2921789884567261	0.46435025334358215	0.5091067552566528	0.4376406669616699	0.44636350870132446	0.6371108889579773	0.27853289246559143	0.8648887872695923	0.08270108699798584	0.21714965999126434	0.7663075923919678	0.3900364935398102	0.4817354679107666	0.6961813569068909	1.3272842168807983	0.5896087288856506	0.37100833654403687	0.2730610966682434	0.5470235347747803	0.2716485261917114	0.4547569453716278	0.5860673785209656	1.3607381582260132	0.5056052207946777	0.5645968317985535	0.2659999132156372	0.38123393058776855	0.4689885377883911	0.41803503036499023	0.3562297821044922	0.2835598289966583	0.28967592120170593	0.4277436435222626	0.41093316674232483	0.14463824033737183	0.827192485332489	0.385469526052475	0.47249892354011536	0.4034666419029236	0.6244924068450928	0.7303060293197632	0.19955985248088837	0.8878624439239502	1.0738270282745361	0.7705378532409668	0.4469488561153412	0.53898024559021	0.8197029829025269	0.24379968643188477	0.4073270559310913	0.7739151120185852	0.23364244401454926	0.3880203664302826	0.27686721086502075	0.5804957747459412	0.410841166973114	0.5505496859550476	0.6687552332878113	0.39505136013031006	0.6545048952102661	0.3208782970905304	0.334443062543869	0.3866461217403412	0.5884079337120056	0.20600011944770813	0.6855868697166443	0.37202686071395874	0.3005409836769104	1.200067400932312	0.8527687191963196	0.21810799837112427	1.4107043743133545	0.6471497416496277	0.46938395500183105	0.5984651446342468	0.3071783781051636	0.3983226418495178	0.20426973700523376	0.3264990746974945	1.0903977155685425	0.33854392170906067	0.5370070934295654	0.4010006785392761	0.24661783874034882	0.42539626359939575	1.263198733329773	0.5794916152954102	0.46114253997802734	0.383506715297699	0.6471021771430969	0.3105188012123108	0.28537118434906006	0.38495388627052307	0.5414546728134155	0.4049641191959381	0.41810765862464905	0.3915979266166687	0.7340609431266785	0.6289071440696716	0.7558751702308655	0.37205275893211365	1.1407768726348877	0.4710249900817871	0.7133773565292358	0.3117403984069824	0.3231601417064667	0.80653315782547	0.4875684976577759	0.5647950172424316	0.548973560333252	0.7906717658042908	0.22022758424282074	1.0378600358963013	0.5380905866622925	0.4339057207107544	0.5238008499145508	0.32828840613365173	0.5788193345069885	0.5891815423965454	0.9524294137954712	0.35570672154426575	0.8913143873214722	0.9613286852836609	0.7140323519706726	0.2171972244977951	0.5407931208610535	0.7562345266342163	0.34117767214775085	1.1589733362197876	0.45662838220596313	0.38841620087623596	0.780697762966156	0.2702978253364563	0.6004318594932556	0.3623967170715332	0.783806324005127	0.30165404081344604	0.7088192701339722	1.3229234218597412	0.23507007956504822	0.6359795331954956	0.27558186650276184	0.6513010263442993	0.6654254198074341	0.36659368872642517	0.6278856992721558	0.5955905914306641	0.4347887337207794	0.6315022110939026	0.6809667348861694	0.3615870177745819	0.5477287173271179	0.6095234751701355	0.5744895935058594	0.7728891372680664	0.7604057192802429	0.7405689358711243	0.14525561034679413	0.41377753019332886	0.2617415189743042	0.2852146327495575	0.458631694316864	0.3573969900608063	0.4838917851448059	0.6445229053497314	0.2680612802505493	0.2901586890220642	0.4182012975215912	0.37134769558906555	0.44395336508750916	0.7853442430496216	0.3196450173854828	0.2596179246902466	0.9935697317123413	0.5063206553459167	1.1351253986358643	0.5443829298019409	0.6615793108940125	0.2489355504512787	0.7909661531448364	0.40390485525131226	0.7073481678962708	0.952460765838623	0.5988926887512207	0.3946983218193054	0.42821723222732544	0.27208244800567627	0.5120972394943237	0.4102545976638794	0.4550182819366455	0.31580880284309387	0.1556469053030014	0.5487655401229858	0.6368699073791504	0.32672548294067383	0.8031883835792542	0.4091215133666992	0.4623681306838989	0.6640718579292297	0.46062132716178894	0.5771633386611938	0.580178439617157	0.7552312016487122	0.26238423585891724	1.1297054290771484	0.45965340733528137	0.4671662747859955	0.3681613504886627	0.671955406665802	0.37225526571273804	0.43369439244270325	0.13435500860214233	0.6266240477561951	0.3957575261592865	0.6049726009368896	0.20821675658226013	0.2912770211696625	0.42491382360458374	0.9140552282333374	0.40544649958610535	0.0896768867969513	0.7912726402282715	0.6955314874649048	1.168776512145996	0.32195040583610535	0.36065536737442017	0.4645290672779083	0.8466373682022095	0.666154682636261	0.4158785939216614	0.4581145644187927	0.2811468541622162	0.4398006498813629	0.2659454047679901	0.9099485874176025	0.595545768737793	0.22914481163024902	0.27682262659072876	0.7903783321380615	0.4501439332962036	1.0551626682281494	0.6229689121246338	0.5435971021652222	0.6251773834228516	0.39576292037963867	0.4491656422615051	0.3692444860935211	0.40348705649375916	0.7736284136772156	0.6829631328582764	0.4482603073120117	0.6935577392578125	0.7959511280059814	0.4346086084842682	0.1823088824748993	0.7359687685966492	0.7005434632301331	0.46982795000076294	0.5395543575286865	0.3886254131793976	0.5833472609519958	0.5139980316162109	0.36436864733695984	0.7189545631408691	0.3762989640235901	0.6681445837020874	0.44091546535491943	0.21219715476036072	0.16694501042366028	0.4180440902709961	0.7114323973655701	0.4003930985927582	0.6490287780761719	0.33025020360946655	0.4163857400417328	0.43566611409187317	0.17631563544273376	0.3148208260536194	0.21896235644817352	0.3715710937976837	0.630659282207489	0.586021900177002	0.8607348799705505	0.38277050852775574	0.32196158170700073	0.34546995162963867	0.35216328501701355	0.34546709060668945	0.4044249951839447	0.6701090335845947	0.4910130798816681	0.4665868580341339	0.55091792345047	0.3380168378353119	0.8703678250312805	0.4490405321121216	0.43402034044265747	0.3526276648044586	0.5227101445198059	0.7607139348983765	0.4162965416908264	0.4628835916519165	0.39108261466026306	0.27026036381721497	0.544402539730072	0.5959656834602356	0.6685237884521484	0.3806045651435852	0.2664436399936676	0.439706027507782	0.27482566237449646	0.3708534836769104	0.32768309116363525	0.1369946151971817	0.8742374777793884	0.609477698802948	0.5813136100769043	0.3703150451183319	0.7198668122291565	0.45415323972702026	0.7161132097244263	0.42725223302841187	0.42475029826164246	0.3772488236427307	0.5402219891548157	0.5330289602279663	1.0853796005249023	0.44994115829467773	0.47367438673973083	0.9513845443725586	0.27775049209594727	0.26674363017082214	0.46274635195732117	0.35147836804389954	0.33468714356422424	0.8917810320854187	0.4959673285484314	0.9607435464859009	0.43001627922058105	0.47783246636390686	0.8506056070327759	0.47671324014663696	0.8043766617774963	0.0940859466791153	0.25467872619628906	0.9248495697975159	0.2968413233757019	0.9139367341995239	0.26969024538993835	0.3545305132865906	0.38995426893234253	0.38315993547439575	0.6220160722732544	0.7564278841018677	0.28838852047920227	0.21712443232536316	0.15805457532405853	0.7123569250106812	0.8410946130752563	0.2787308096885681	0.41394612193107605	0.42991042137145996	0.5939977765083313	0.6341037154197693	1.4103630781173706	0.6271405220031738	0.9864784479141235	0.5802206993103027	0.77604079246521	0.3646217882633209	0.5483360886573792	0.4682055711746216	0.34554341435432434	0.5222451686859131	0.16133315861225128	0.5697346329689026	0.6770496368408203	0.83118736743927	0.8402519822120667	0.6404468417167664	0.7505987882614136	0.3971623182296753	0.33043965697288513	0.3850073218345642	0.33630961179733276	0.1211051493883133	0.3919990360736847	0.5996202826499939	0.5144150853157043	0.4361107349395752	0.7357827425003052	0.2935408055782318	0.3233625888824463	0.6805335283279419	0.560314953327179	0.2095942348241806	0.517435610294342	0.5777642726898193	0.3333050310611725	0.4573616087436676	0.48059406876564026	0.545753002166748	0.16913290321826935	0.2981661856174469	0.5641821026802063	0.42811545729637146	0.23445117473602295	0.2870805561542511	0.7388768792152405	0.2970072031021118	0.7093160152435303	0.44311222434043884	0.5810394287109375	0.20699065923690796	0.4922671914100647	0.5828355550765991	0.40051114559173584	0.8199151754379272	0.6307477951049805	0.6000108122825623	0.49460309743881226	0.1901545226573944	0.2261454463005066	0.6378833651542664	0.5561874508857727	0.9245048761367798	0.2526293992996216	0.4723834991455078	0.44288355112075806	0.45994263887405396	0.4436664283275604	0.24956084787845612	0.8012035489082336	0.7943224310874939	0.5753440856933594	0.8486326336860657	0.880079448223114	0.6432174444198608	0.5298485159873962	0.2697349190711975	0.24534714221954346	0.4817453622817993	0.5041103363037109	0.37071919441223145	0.2123105525970459	0.3151940405368805	0.7814280390739441	0.7946991324424744	0.6379219889640808	0.38492998480796814	0.35679519176483154	0.33107852935791016	0.6569761633872986	0.6524234414100647	0.4577948749065399	0.23896069824695587	0.6243241429328918	0.32043135166168213	0.5533962845802307	0.6118202805519104	0.22961923480033875	0.4887063205242157	0.4335210621356964	0.4557379484176636	0.3867420554161072	0.2808900773525238	0.6801738142967224	0.43214571475982666	0.7369024753570557	1.0863432884216309	0.45041346549987793	0.1886717975139618	0.4057955741882324	0.43739089369773865	0.8081888556480408	0.6758818030357361	0.47934702038764954	0.553760826587677	1.0807945728302002	0.323899507522583	0.645252525806427	0.33386367559432983	0.6283828616142273	0.3475077450275421	0.5930161476135254	0.39000019431114197	0.7590956091880798	0.3050438165664673	0.3102821707725525	0.4983111321926117	0.5593599081039429	0.0976659432053566	0.40856602787971497	0.15148691833019257	0.8021342158317566	0.7467651963233948	0.20658010244369507	0.4270123243331909	0.510865330696106	0.4866737425327301	0.43573254346847534	0.7513717412948608	0.3843120038509369	0.4231750965118408	0.35394808650016785	0.43885141611099243	0.528079092502594	0.39069706201553345	0.40566325187683105	0.8868483304977417	0.731238067150116	0.5551311373710632	0.11254004389047623	0.17703723907470703	1.0495448112487793	0.28906020522117615	0.9531525373458862	0.27370747923851013	0.40142691135406494	0.6460891962051392	0.38905781507492065	0.39594656229019165	0.4099462330341339	0.7123554944992065	0.5309330224990845	0.33307600021362305	0.43356025218963623	0.46516087651252747	0.6699879765510559	0.5247988700866699	0.17972561717033386	0.5602341890335083	0.9275050163269043	0.45400506258010864	0.4779670834541321	1.1019457578659058	0.4921160638332367	0.4438788592815399	0.30641812086105347	0.2505171298980713	0.55853271484375	0.37577393651008606	0.7150870561599731	0.980319619178772	0.22398436069488525	0.39868640899658203	0.39126092195510864	0.46428704261779785	0.8059076070785522	0.4777287542819977	0.5616934895515442	0.8553635478019714	0.27647125720977783	0.6317178010940552	0.28329524397850037	0.6370207667350769	0.42567265033721924	0.6187731027603149	0.5675112009048462	0.347880482673645	0.7818391919136047	0.6414932012557983	0.375153124332428	0.4984908699989319	0.417312890291214	0.41414493322372437	0.29934820532798767	0.5856090188026428	0.43338921666145325	0.5372974276542664	0.7151454091072083	0.7992582321166992	0.3064606189727783	0.1598823368549347	0.8839717507362366	0.8985962271690369	0.4102206230163574	0.6412854790687561	0.5352794528007507	0.9939582943916321	0.3807157576084137	0.8980897665023804	0.4100360870361328	0.17888318002223969	0.3306112587451935	0.721657395362854	0.46334928274154663	0.33219432830810547	0.6645927429199219	0.4842948019504547	0.72993403673172	0.30034396052360535	1.7213654518127441	0.4219081997871399	0.30234041810035706	0.3322981297969818	0.8130934238433838	0.1569075882434845	0.20537148416042328	0.6071047782897949	0.38682520389556885	0.14453983306884766	0.5783436298370361	0.35791945457458496	0.41338488459587097	0.5690459609031677	0.6531700491905212	0.7293808460235596	0.5628608465194702	0.4463561475276947	0.5319228768348694	0.46097108721733093	0.8368533849716187	0.11563131213188171	0.24136991798877716	0.5547014474868774	0.29293107986450195	0.40684324502944946	0.5041526556015015	0.5102983117103577	0.46999886631965637	0.30033111572265625	0.5577476620674133	0.44634249806404114	0.6558014154434204	0.4992961585521698	0.4338948130607605	0.34435752034187317	0.3480507731437683	0.4532006084918976	0.3637484908103943	0.23400548100471497	0.3722113370895386	0.6578212380409241	0.519842267036438	0.6353375911712646	0.7680561542510986	0.7323288917541504	1.0778840780258179	0.47252708673477173	0.47799476981163025	0.6363964080810547	0.32866746187210083	0.2998584806919098	0.4456465542316437	0.6051352620124817	1.0091605186462402	0.276642382144928	0.5426986217498779	0.7391365170478821	0.3516816794872284	0.09322704374790192	0.5083629488945007	0.44878455996513367	0.9058608412742615	0.26285791397094727	0.3113503158092499	0.6088091731071472	0.6202961206436157	0.36482059955596924	0.6787245869636536	0.4652397930622101	1.0888971090316772	0.36850395798683167	0.652803361415863	0.3045651316642761	0.43491479754447937	0.6880954504013062	0.5411192774772644	0.37954407930374146	0.5243211984634399	0.21891653537750244	0.3914259672164917	0.39729127287864685	0.7925835251808167	0.21305328607559204	0.9163446426391602	0.6464560031890869	0.44447556138038635	0.8756130933761597	1.0569493770599365	0.27093109488487244	0.3038591146469116	0.574103832244873	0.5997189879417419	0.3796558380126953	0.5318640470504761	0.22578388452529907	0.5815226435661316	0.37570422887802124	0.6473950743675232	0.26868078112602234	0.33084550499916077	0.6004931926727295	0.6441025137901306	0.4256601929664612	0.6435884237289429	0.6442992687225342	0.25090351700782776	0.5997239351272583	0.1959516853094101	0.7604058980941772	0.58318030834198	0.5668442249298096	0.11016939580440521	0.5454477667808533	1.0339714288711548	0.6939592361450195	0.690241813659668	0.6355190873146057	0.3692300319671631	0.5708935856819153	0.8272279500961304	0.7285354733467102	0.6592883467674255	0.9857313632965088	0.638414740562439	0.23675961792469025	0.3266609311103821	0.4110804498195648	0.6988210678100586	0.1851714849472046	0.6235098242759705	0.5562558174133301	0.7335732579231262	0.539540708065033	0.3303173780441284	0.34531930088996887	0.2633143663406372	0.5900732278823853	0.3203606605529785	0.32889580726623535	0.15936677157878876	0.7701249122619629	0.42914560437202454	0.26175984740257263	0.8458132743835449	0.29772236943244934	0.3691636919975281	0.46589019894599915	0.4189003109931946	0.4318925142288208	0.15714719891548157	0.4131697416305542	0.8612716794013977	0.14641088247299194	0.5143619179725647	0.6413854360580444	0.4049462676048279	0.43196412920951843	0.3895782232284546	0.4800638258457184	0.3060917258262634	0.6833847761154175	0.3539187014102936	0.7790983319282532	0.7493244409561157	0.4114015996456146	0.551577091217041	0.5049082040786743	0.4231901466846466	0.5246943831443787	0.22429712116718292	0.843866229057312	0.4812648296356201	0.7353531122207642	0.7574278116226196	0.8979105353355408	0.295983225107193	0.5566469430923462	0.483630508184433	0.8529262542724609	0.5414665937423706	0.431255966424942	0.2706729769706726	0.651165783405304	0.24816076457500458	0.09768982231616974	0.489315003156662	0.5700498223304749	0.7979629635810852	0.8727936744689941	0.4047020673751831	0.6974160671234131	0.29729363322257996	0.870591938495636	0.6801221370697021	0.7455444931983948	0.31311681866645813	0.6640862226486206	0.4656888246536255	0.2606099545955658	0.4204098582267761	0.8627223372459412	0.34712666273117065	0.2858414649963379	0.6718920469284058	0.810714602470398	0.8875409960746765	0.19849613308906555	0.30894315242767334	0.4806796610355377	0.16509339213371277	0.3087763786315918	0.38308846950531006	0.8750070929527283	0.7067846059799194	0.5004318952560425	0.8758506178855896	0.6871007680892944	0.6533680558204651	0.6940840482711792	0.20312538743019104	0.4389476180076599	0.48644086718559265	0.16511788964271545	0.5382027626037598	0.6450645923614502	0.2046673595905304	0.5463289618492126	0.43369051814079285	1.2660940885543823	0.5988688468933105	0.17237529158592224	0.5674551725387573	0.5169939994812012	0.3184318542480469	0.4213627874851227	0.26461485028266907	0.2017083615064621	0.07002504169940948	0.29370397329330444	0.6388772130012512	0.4253409206867218	0.06213751062750816	0.4269070327281952	0.9131999015808105	0.18317747116088867	0.8991956114768982	0.45531952381134033	0.3377210795879364	0.4750264883041382	0.5152970552444458	0.5246624946594238	0.3681262731552124	0.6677166819572449	0.5212206244468689	0.669182300567627	0.11860180646181107	0.3750842213630676	0.25606605410575867	0.5254111289978027	0.42426109313964844	0.479503870010376	0.4820770025253296	0.4709765911102295	0.6914628744125366	0.6346950531005859	0.3072928488254547	0.42992597818374634	0.454463928937912	0.7337679266929626	0.40674835443496704	0.29844141006469727	0.6357805728912354	0.52083420753479	0.7689855098724365	0.2813241481781006	0.7857784032821655	0.4233274757862091	0.21673114597797394	0.6734714508056641	0.7900673747062683	0.5359790921211243	0.5390499830245972	0.4303078055381775	0.5195444822311401	0.6928524971008301	0.6150862574577332	0.22187799215316772	0.6985446214675903	0.891264021396637	0.28541478514671326	0.704085111618042	0.7862693071365356	0.17765554785728455	0.5284252762794495	0.5687968730926514	0.8381253480911255	0.2677145302295685	1.1129932403564453	0.4500792920589447	0.2814573645591736	0.5648783445358276	0.6026619076728821	0.754630446434021	0.18694178760051727	0.5209877490997314	0.7272819876670837	0.4633939564228058	0.3954309821128845	0.5159403085708618	0.3684203624725342	0.5957428216934204	0.5420626401901245	0.3380416929721832	0.2670174539089203	0.22468973696231842	0.38009390234947205	0.5650151968002319	0.09809833019971848	0.6937534809112549	0.5549213886260986	0.9272452592849731	0.3333878815174103	0.2270611822605133	0.41865304112434387	0.25126034021377563	0.4389229714870453	0.3905743658542633	0.42154601216316223	0.6926191449165344	1.069685459136963	0.31998804211616516	0.8419091701507568	0.7529332041740417	0.4252374768257141	0.5698460340499878	0.13000516593456268	0.7009134292602539	0.2925560772418976	0.6941581964492798	0.19972068071365356	0.5787575244903564	0.8139504790306091	0.6968954801559448	0.38343551754951477	0.14003166556358337	0.5018664002418518	0.6848678588867188	0.3282380700111389	0.22655464708805084	0.2020355463027954	0.5898908376693726	0.34101399779319763	0.6028009057044983	0.7255897521972656	0.4700242280960083	1.039616346359253	0.49844712018966675	0.6038277745246887	0.4262969493865967	0.3276960551738739	0.3884011507034302	1.0194159746170044	0.6653900146484375	0.7851165533065796	1.0130611658096313	0.4681181013584137	0.27913179993629456	0.6115841865539551	0.37231335043907166	0.3734203577041626	0.8239874243736267	0.35296404361724854	0.38391751050949097	0.21655261516571045	0.15916095674037933	0.9486097693443298	0.43362727761268616	0.4731529653072357	0.5982241630554199	0.4192909300327301	0.219692200422287	0.5710988640785217	0.25208571553230286	0.6974591612815857	0.30855593085289	0.2846587300300598	0.40452849864959717	0.2860664427280426	0.5370743274688721	0.4861406981945038	0.6239020228385925	0.6756173372268677	0.6247256994247437	0.400077223777771	0.5143384337425232	0.34290480613708496	0.7485713362693787	0.7737946510314941	0.2719841003417969	0.6647297143936157	0.47817274928092957	0.2843385338783264	0.44532573223114014	0.5570873022079468	0.3996988832950592	0.17473067343235016	0.4056609570980072	0.4363487958908081	0.6249813437461853	0.7080451846122742	0.5255471467971802	0.47889798879623413	0.5259888768196106	0.3099104166030884	0.7549129128456116	0.7026211619377136	0.5277172327041626	0.6293321847915649	0.5193573236465454	0.38327503204345703	0.3539896309375763	0.5215733051300049	0.4286472499370575	0.5929663181304932	0.28933364152908325	0.17791670560836792	0.6574451923370361	0.6876807808876038	0.6870957016944885	0.27816203236579895	0.40717682242393494	0.36839795112609863	0.4312729239463806	0.36672839522361755	0.5769051313400269	0.29181158542633057	0.6869268417358398	1.003423810005188	0.5154014229774475	0.31412991881370544	0.48240822553634644	0.4396968483924866	0.27956801652908325	0.6129360198974609	0.6626984477043152	0.35896992683410645	0.5050609111785889	0.3252907395362854	0.46702301502227783	0.33210137486457825	0.5144026279449463	0.474710077047348	0.684024453163147	0.7856373190879822	0.8137089014053345	0.6116068363189697	1.1609296798706055	0.643833577632904	0.5453806519508362	1.1055792570114136	0.5351000428199768	0.1380699872970581	0.5814505815505981	0.7088450193405151	0.5016748309135437	0.17225927114486694	0.4189602732658386	0.5665925145149231	0.37783345580101013	0.6011507511138916	0.4398077130317688	1.258008599281311	0.4085025191307068	0.08314534276723862	0.27703896164894104	0.19159382581710815	0.624685525894165	0.4343268871307373	0.5443110466003418	0.5774404406547546	0.5509856939315796	0.35039153695106506	1.1748030185699463	0.3576199412345886	0.5541179776191711	0.6016932725906372	0.19608202576637268	0.11935865879058838	0.5133517384529114	0.20962384343147278	0.7408610582351685	0.48543065786361694	0.9428065419197083	0.13676126301288605	0.6219192743301392	0.5297902226448059	0.2408425658941269	0.5895721316337585	0.3261324465274811	0.09916405379772186	0.4210849404335022	0.9032862186431885	0.1640225052833557	0.2861100733280182	0.3970915675163269	0.698108434677124	0.6222406029701233	0.2427293360233307	1.0550966262817383	0.7480125427246094	0.9252942800521851	0.41348305344581604	0.5440696477890015	0.5528362393379211	0.40319693088531494	0.7530938982963562	0.4703523814678192	0.5611410737037659	1.0269206762313843	0.34145262837409973	0.5895581245422363	0.6061305403709412	0.8507500886917114	0.30645906925201416	0.5372136831283569	0.44591331481933594	0.37160491943359375	0.586693286895752	0.42664211988449097	0.9337931871414185	0.6809000968933105	0.8344923853874207	0.7651163339614868	0.4296140670776367	0.33027809858322144	0.4996325671672821	0.4530116021633148	0.48377299308776855	0.996856689453125	0.9258097410202026	0.47191357612609863	0.5423098802566528	0.508267879486084	0.18218085169792175	0.6804200410842896	0.2900380492210388
0.1426820009946823	0.2802972197532654	0.3068162798881531	1.2705559730529785	1.4807583093643188	0.1590735912322998	0.40211939811706543	0.45275163650512695	0.8751897215843201	0.5138207674026489	0.21478474140167236	0.33414021134376526	1.3012096881866455	0.5175862312316895	0.6353949904441833	0.15901309251785278	0.9006308317184448	0.3061971366405487	0.4714435935020447	0.41111400723457336	0.992013692855835	0.27916646003723145	0.5513891577720642	0.28851619362831116	0.33844444155693054	0.5725939273834229	1.071973443031311	0.9567384719848633	0.5212705135345459	0.379040002822876	0.8731242418289185	0.37193161249160767	0.7010915279388428	0.3515915274620056	0.46250632405281067	0.24155686795711517	0.29167449474334717	0.5140020251274109	1.4617092609405518	1.0365891456604004	0.20997187495231628	0.22169937193393707	0.649508535861969	0.6221126317977905	0.08939673006534576	0.6778522729873657	0.6440144777297974	0.574316680431366	0.2967156767845154	0.34334510564804077	0.7936840057373047	0.44390976428985596	0.5835084319114685	0.28489458560943604	0.31587305665016174	0.2035100907087326	0.11987458914518356	0.0802343562245369	0.4667907953262329	0.9647696018218994	0.21632707118988037	0.9177296161651611	0.7234768867492676	0.8227973580360413	0.3493865132331848	0.6494681239128113	1.0230963230133057	0.5219346284866333	0.3967730700969696	0.34209540486335754	0.7359408140182495	0.5140004754066467	0.17399105429649353	0.4213372766971588	0.4879288673400879	0.9731245636940002	0.31753993034362793	0.8388862609863281	0.42321088910102844	0.9152124524116516	0.9245349764823914	0.37527522444725037	0.4422268867492676	0.2535361349582672	0.3416420817375183	0.3031044900417328	0.8428738713264465	0.6388177275657654	0.15320250391960144	0.25872254371643066	0.5624512434005737	0.6077739000320435	0.020539890974760056	0.3955521583557129	0.6694927215576172	0.6900570392608643	1.0636310577392578	0.40006160736083984	1.394176721572876	0.1008448377251625	0.6960979700088501	1.015135645866394	0.44986963272094727	0.565277636051178	0.7555204033851624	1.265199065208435	0.4330005347728729	0.1916399896144867	0.2984415292739868	0.4657661020755768	0.4473224878311157	0.21227993071079254	0.781576931476593	0.4349321126937866	0.6519051790237427	0.18357713520526886	0.41848820447921753	0.7305722236633301	1.1653679609298706	0.3672369122505188	1.7380520105361938	0.5724612474441528	0.1875518411397934	0.9673551321029663	0.3562975823879242	0.615107536315918	0.33027076721191406	0.5846548080444336	0.41163912415504456	0.38177406787872314	0.22237321734428406	0.9106846451759338	0.6577834486961365	0.3546923100948334	0.4089050889015198	0.7615799903869629	0.393018901348114	0.25937265157699585	0.46593984961509705	0.4391769468784332	0.4249824285507202	0.2387789934873581	0.13063406944274902	0.37861189246177673	0.5662980675697327	0.3735258877277374	0.7809186577796936	0.6056545972824097	1.2276256084442139	0.33868712186813354	0.2773832380771637	0.3174726963043213	0.24526247382164001	0.0	0.2613205313682556	0.7031068801879883	0.2943086624145508	1.6748716831207275	0.18287457525730133	0.21280458569526672	0.6142014861106873	0.19741307199001312	0.24634410440921783	0.6195288300514221	0.39226073026657104	0.5987012386322021	0.7421836853027344	0.24905414879322052	0.14354978501796722	1.6928893327713013	0.15084208548069	0.28243884444236755	0.4844104051589966	1.0741196870803833	0.534529447555542	0.13815338909626007	0.944222092628479	1.0989875793457031	0.7292572855949402	0.5066769123077393	0.3710756003856659	0.9393993616104126	0.37270763516426086	0.78477942943573	0.5508418679237366	0.9179942011833191	0.22613275051116943	0.3240188956260681	0.4128907024860382	0.5134447813034058	0.33757320046424866	0.34227487444877625	0.6220297813415527	0.4277690052986145	0.41799065470695496	0.9176551103591919	0.10290831327438354	0.3349347710609436	0.6156423687934875	0.5383660793304443	0.7727276086807251	0.9871608018875122	0.6775373220443726	0.6206153631210327	0.5273207426071167	0.6478399634361267	0.37406405806541443	0.43787330389022827	1.0366756916046143	0.24317649006843567	0.6434075236320496	0.5205579996109009	0.11050966382026672	0.2863326072692871	0.639951229095459	0.6633217334747314	0.7782171368598938	0.31504347920417786	0.947982668876648	0.21204149723052979	0.18849633634090424	0.22094620764255524	0.552766740322113	0.2620481550693512	0.5275155305862427	0.4495287537574768	0.45889225602149963	0.7027577757835388	0.7808212637901306	0.7821837663650513	0.07590121030807495	0.8331685066223145	0.352183997631073	1.6887450218200684	0.42592817544937134	0.5626882314682007	0.2548006474971771	0.9401644468307495	0.5062559247016907	0.20339560508728027	0.9025942087173462	0.4379643201828003	0.1913168728351593	0.4345639944076538	0.1346602588891983	0.5661070942878723	0.40209561586380005	0.5167522430419922	0.43988990783691406	0.5633645057678223	0.14940348267555237	0.1573726087808609	0.23098599910736084	1.2832626104354858	0.9484851956367493	0.35791608691215515	0.3001086711883545	0.8437513113021851	0.25342506170272827	0.30025714635849	0.6810493469238281	0.5885618925094604	0.5190863609313965	0.3664725124835968	0.12278645485639572	0.261658251285553	0.4491155445575714	0.19604729115962982	0.5714547634124756	0.17333126068115234	0.5237081050872803	0.49246877431869507	0.006309424061328173	0.7982277274131775	0.2703854739665985	0.5167893767356873	0.5758640170097351	0.3337152302265167	0.3562440574169159	0.4125412106513977	0.39223745465278625	0.4910719692707062	0.5035436749458313	0.3489880859851837	0.6487573981285095	0.2592557370662689	0.4077019691467285	0.6106388568878174	0.19623857736587524	0.4200688898563385	0.37837594747543335	0.4605642259120941	0.5494797825813293	0.6649672389030457	0.29197806119918823	0.22344981133937836	0.3059636354446411	0.26415640115737915	0.6415190696716309	0.8698689937591553	0.14694398641586304	0.29691070318222046	0.7760292291641235	0.6539691686630249	0.23962637782096863	0.12457487732172012	0.3243553638458252	0.5646846294403076	0.331514447927475	1.1614058017730713	0.7259125709533691	0.5545592308044434	0.6705114841461182	0.4795059561729431	0.6585153341293335	0.6531639695167542	0.41291579604148865	0.7794596552848816	0.4939648509025574	1.1462491750717163	0.42019617557525635	0.28260669112205505	0.7215302586555481	1.0563308000564575	1.3516331911087036	0.2968529760837555	0.28038290143013	0.3126237392425537	0.3796369433403015	0.3826286792755127	1.10764479637146	0.3197310268878937	0.38052237033843994	0.5020147562026978	1.272139072418213	0.4580010175704956	0.9619237184524536	0.031492311507463455	0.3239476978778839	0.40022531151771545	0.16583724319934845	0.4511856734752655	0.1970510333776474	0.4142037034034729	0.138499915599823	0.36467334628105164	0.721510112285614	0.5749936699867249	1.27681303024292	0.2876504063606262	1.4318788051605225	0.30652594566345215	0.355520635843277	0.2639252543449402	0.015479359775781631	0.2003570944070816	0.3404269516468048	0.48013460636138916	0.31971538066864014	0.4258483052253723	0.9289246797561646	0.5322940349578857	0.7051246762275696	0.5007562041282654	0.8160092830657959	0.9072672128677368	1.088440179824829	0.09645113348960876	0.16239072382450104	0.26522406935691833	0.8273270726203918	0.883227527141571	0.6304607391357422	0.7527515888214111	0.006917666643857956	0.4900312125682831	1.112737774848938	0.35857275128364563	0.46201664209365845	0.5256204009056091	0.4458577036857605	0.7224718928337097	0.7462407946586609	0.3303813636302948	0.6300877928733826	0.1336973011493683	0.7387665510177612	0.2567560374736786	0.5835294723510742	0.4318162500858307	0.4021301567554474	0.667840301990509	0.5663579106330872	0.7254889607429504	0.2921236753463745	0.6674823760986328	0.626517653465271	0.33460140228271484	0.9708216190338135	0.4528561532497406	0.194359689950943	0.2807030975818634	0.17061394453048706	0.3501102924346924	0.899300217628479	0.2610189914703369	0.927106499671936	0.5753319263458252	0.3628707826137543	0.19080750644207	0.8740496635437012	0.03266414627432823	0.31492510437965393	0.12607607245445251	0.5842821598052979	1.2693103551864624	0.12052740901708603	1.1291977167129517	0.6383850574493408	0.7550960183143616	0.13363699615001678	0.2827420234680176	0.9288201928138733	0.3592040240764618	0.37140458822250366	0.31940364837646484	0.4614550471305847	0.2643987536430359	0.31099408864974976	0.25037384033203125	0.42323410511016846	1.2386384010314941	0.34943267703056335	0.7712011933326721	0.6208385229110718	0.41254186630249023	0.3586309552192688	0.9868984222412109	0.6441289186477661	0.10226115584373474	1.0273069143295288	0.5389747619628906	0.2927152216434479	0.7936097979545593	0.6204438209533691	0.5001276135444641	1.427594542503357	0.6476312875747681	0.3046584725379944	0.5662316679954529	0.9129193425178528	0.275544673204422	0.2510322630405426	0.6639916300773621	0.1115732491016388	0.3001483380794525	0.27273643016815186	0.3234024941921234	0.03203384578227997	0.1142471432685852	0.6377286314964294	0.1551932543516159	0.39979031682014465	1.0133447647094727	0.12880009412765503	0.41347551345825195	0.17238765954971313	0.30634641647338867	0.06522689759731293	0.6527795195579529	0.5081535577774048	0.2505691945552826	0.23542465269565582	0.5080866813659668	0.8331273198127747	0.9624887108802795	0.1699475347995758	0.5977768898010254	0.4956338107585907	0.5201945900917053	0.3075893819332123	0.4857364892959595	0.9428012371063232	0.48753878474235535	0.25664275884628296	0.3397837281227112	0.561456561088562	1.322780728340149	0.5796693563461304	0.3696446418762207	0.33946046233177185	0.5646275281906128	0.9817511439323425	0.7358563542366028	0.3193618655204773	0.5034949779510498	0.38841986656188965	0.7736921906471252	0.23487792909145355	0.5074412822723389	0.8147674202919006	0.5301567316055298	0.18261586129665375	0.6229860782623291	0.0018650311976671219	1.2965121269226074	0.7754802107810974	0.8077208995819092	0.16066496074199677	0.38270044326782227	0.7092941999435425	0.8702189922332764	0.7589095830917358	0.5831250548362732	0.7651137113571167	0.3735980689525604	0.3494917154312134	0.6140280961990356	0.6397807002067566	0.6981053948402405	0.5021944046020508	0.9806468486785889	0.45916640758514404	0.35387343168258667	0.29360443353652954	0.4883870780467987	0.9165014028549194	0.33429840207099915	1.4571361541748047	0.4557746648788452	1.333028793334961	0.5450188517570496	0.31625261902809143	0.25761276483535767	0.32297492027282715	0.3385939598083496	0.4329756200313568	0.389369934797287	0.7747530937194824	0.2051011472940445	0.6413578987121582	0.4137248694896698	0.19305317103862762	0.588229775428772	0.3700146973133087	0.39969685673713684	0.4319387674331665	0.36852607131004333	1.3078724145889282	1.2972174882888794	1.0412931442260742	0.48351937532424927	0.3408157229423523	0.2600726783275604	0.27802589535713196	0.23292043805122375	0.22279289364814758	0.7287189960479736	0.3767958879470825	0.4402937591075897	0.20034544169902802	0.875568151473999	0.29093456268310547	0.4805784523487091	1.0661464929580688	0.1767391860485077	0.30430275201797485	0.1572127640247345	0.3300909698009491	1.5764634609222412	1.1374491453170776	1.03177809715271	1.4657467603683472	0.04020022600889206	0.46687641739845276	0.6144454479217529	0.2032606452703476	0.08498533070087433	0.465609610080719	0.45945045351982117	0.41615182161331177	0.40347525477409363	0.4176926016807556	0.7349482178688049	0.5324164032936096	0.7291193008422852	0.2493269294500351	1.0672824382781982	0.4825284481048584	0.8722233176231384	0.5791764855384827	0.23128637671470642	1.0929157733917236	0.9697096943855286	0.2453397810459137	0.4015599489212036	0.5824896693229675	0.4308747351169586	0.28593385219573975	0.6303747892379761	0.24447955191135406	0.30594316124916077	0.5219993591308594	0.7640767097473145	1.001979947090149	0.424044132232666	0.7476720809936523	0.12108467519283295	0.42163312435150146	1.3090986013412476	0.2677159607410431	0.3729080557823181	0.16148990392684937	0.7892861366271973	0.36114877462387085	1.0985167026519775	0.21197383105754852	0.449313223361969	0.24613447487354279	0.7064379453659058	0.11241093277931213	0.6083740592002869	0.5218841433525085	0.3648143708705902	0.33220839500427246	0.34705549478530884	1.1639745235443115	0.034303680062294006	0.48156046867370605	0.6807606220245361	0.5536982417106628	0.20427407324314117	0.35861390829086304	1.0540368556976318	0.4034314453601837	0.33475443720817566	0.6820399761199951	1.3776941299438477	0.0899471789598465	0.24610742926597595	0.9684420824050903	0.6937454342842102	0.18155695497989655	0.946256160736084	1.3251975774765015	0.5467542409896851	0.4095122516155243	0.1684630662202835	0.8710737824440002	0.21357955038547516	0.1495952010154724	0.6002510190010071	0.36042889952659607	0.6248576641082764	0.6678382754325867	0.23327487707138062	0.6020435690879822	0.6856788396835327	0.3238891363143921	0.4041737914085388	0.2036644071340561	0.06567955762147903	0.4528219699859619	0.37939783930778503	0.6892223954200745	1.4610730409622192	0.8262203335762024	0.4410049021244049	0.9262296557426453	0.37785962224006653	0.234941765666008	0.286554217338562	0.4386143684387207	0.4944460690021515	0.534325122833252	0.7898005247116089	0.4902215600013733	0.45515578985214233	0.501677930355072	0.14518272876739502	0.6891937255859375	0.6758557558059692	0.3861980438232422	0.10656945407390594	0.29139474034309387	0.456991583108902	0.4268641471862793	0.4741901159286499	0.19197823107242584	0.36902886629104614	1.0700244903564453	0.9993396401405334	0.2702198326587677	0.4911610782146454	0.3418687582015991	0.582362174987793	0.2958652973175049	0.40700292587280273	0.8086236119270325	0.13361826539039612	0.6249891519546509	1.539034366607666	0.561360239982605	0.18812182545661926	0.43836599588394165	0.46159279346466064	0.5178192853927612	1.244333267211914	0.33859628438949585	0.921390950679779	0.8515575528144836	0.6863393187522888	0.8095546960830688	0.20701120793819427	0.30321356654167175	0.3368087410926819	0.3672168254852295	0.39513736963272095	1.0290052890777588	0.5780951380729675	0.7462828159332275	0.6448532342910767	0.7585844397544861	0.24369187653064728	0.49223560094833374	0.767069935798645	1.1160439252853394	0.19283051788806915	0.24459326267242432	0.34128618240356445	0.3232417404651642	0.5296738147735596	0.5519591569900513	0.18526789546012878	0.42181849479675293	0.7195299863815308	0.14172108471393585	0.824929416179657	0.6278424859046936	0.27661848068237305	0.6202144622802734	0.9878005385398865	1.0049561262130737	0.9120030403137207	0.02343078888952732	0.5096621513366699	0.5141708850860596	0.372455894947052	0.19486242532730103	0.1889924556016922	0.7674017548561096	0.40719884634017944	0.6566352248191833	0.26650846004486084	0.2734745740890503	0.5872207880020142	0.21655884385108948	0.43597811460494995	0.2179289013147354	0.45797669887542725	0.9293296933174133	0.7192489504814148	0.1346779763698578	0.8137481808662415	0.5681924819946289	0.30596786737442017	0.2744031846523285	0.77456134557724	0.19326291978359222	0.6497614979743958	0.381554514169693	0.10709944367408752	0.4092308580875397	0.5151504278182983	0.9188023209571838	0.2219352424144745	0.5558255314826965	0.20705151557922363	0.1986762434244156	0.23572862148284912	0.2529985010623932	0.25146329402923584	0.6658405661582947	0.5828506946563721	0.3723512291908264	0.9313960075378418	0.11809711903333664	0.22533375024795532	0.11412166059017181	0.7200285792350769	0.4733271896839142	0.23006798326969147	0.7437931895256042	0.533136785030365	0.8339779376983643	0.805174708366394	1.519303560256958	0.549494743347168	0.2794562578201294	0.9389749765396118	0.858686089515686	0.3456771969795227	0.4772210717201233	0.6412113308906555	0.32489097118377686	0.09144944697618484	0.9689844846725464	0.7881503105163574	0.47219201922416687	0.4518507122993469	0.13792447745800018	1.025515079498291	0.443864643573761	0.5247350335121155	0.1746707707643509	1.2265969514846802	0.3753727674484253	1.0732173919677734	0.12202624976634979	0.09543264657258987	0.3534931540489197	0.35886350274086	0.9222642779350281	0.8074604272842407	0.5264966487884521	0.7073363065719604	0.4967910051345825	0.4744100868701935	1.114882230758667	0.24351921677589417	0.5566891431808472	0.4993351101875305	0.7357584834098816	1.3276677131652832	0.8694618940353394	0.7579051852226257	0.21082094311714172	0.6700001358985901	0.4609169363975525	0.141565203666687	0.923422634601593	0.39183509349823	0.8417760133743286	0.6102968454360962	1.4243634939193726	0.5453475713729858	0.514437198638916	0.10705626010894775	0.15462180972099304	0.1758662313222885	0.702017605304718	0.41491270065307617	0.9433755874633789	0.6017666459083557	0.3511746823787689	0.446780800819397	0.6510562896728516	0.6647202372550964	0.4743196368217468	0.6731310486793518	0.8247883915901184	0.15449348092079163	0.5321481823921204	0.5488936901092529	0.15074004232883453	0.40915417671203613	0.6067485809326172	0.13044659793376923	0.5196576118469238	0.836711049079895	0.6956589221954346	0.6208997964859009	0.4667067229747772	0.9405154585838318	0.5024077892303467	0.5146756768226624	0.6000323295593262	0.4399471879005432	0.6566694378852844	0.5310067534446716	0.1424017995595932	1.170067310333252	0.2562965154647827	0.16045181453227997	0.3046005666255951	0.20975203812122345	0.33058005571365356	0.29320499300956726	1.217300295829773	0.5305934548377991	0.5485561490058899	0.5768499970436096	0.4288702607154846	0.6132414937019348	1.2948886156082153	0.6235665082931519	0.1558452844619751	0.018414443358778954	0.9255756735801697	1.0241106748580933	0.17847874760627747	0.570963442325592	0.825378954410553	0.3333074748516083	0.2914676070213318	1.1705505847930908	0.5365971326828003	0.5073692798614502	0.7373470067977905	0.48873665928840637	0.5409634113311768	0.3392196297645569	0.09507858008146286	0.5208691358566284	0.4476562440395355	0.431816965341568	0.17738139629364014	0.11736389249563217	0.25157928466796875	0.518009603023529	0.605364978313446	0.43691563606262207	0.0127026392146945	0.046234339475631714	0.011653766967356205	0.2422841489315033	0.7759390473365784	0.8885153532028198	0.34159377217292786	0.3938835561275482	0.9318876266479492	0.9577661752700806	0.768562912940979	0.43290960788726807	0.32788336277008057	0.5923784375190735	0.43014097213745117	0.4118179976940155	0.39958319067955017	0.5030843019485474	0.9265139102935791	0.6445383429527283	0.6795947551727295	0.20435495674610138	0.12902066111564636	0.43347546458244324	1.2231467962265015	0.6193621754646301	0.49864840507507324	0.35985735058784485	1.0951769351959229	0.7998774647712708	0.9600003957748413	0.6458988189697266	0.5535497069358826	0.23610368371009827	0.9459526538848877	0.10570485889911652	0.5243361592292786	0.5793924927711487	0.17736980319023132	0.45414045453071594	0.5302597284317017	0.761110782623291	0.2709999084472656	1.5551955699920654	0.7478693127632141	0.37367725372314453	1.5508370399475098	0.7772212028503418	0.09540890157222748	0.6946597695350647	0.6417410969734192	0.465145081281662	0.5134271383285522	0.10550135374069214	0.32804882526397705	0.04731708765029907	0.6595138311386108	0.523436963558197	0.2278478443622589	0.5275352001190186	0.8451279997825623	0.3588862121105194	0.7798445820808411	0.2541024386882782	0.5727083086967468	0.6448156833648682	0.7720869779586792	0.7510745525360107	0.21441420912742615	0.2183092087507248	1.021790623664856	0.4243484139442444	1.3246097564697266	1.006357192993164	0.6876142024993896	0.30910295248031616	0.651638925075531	0.27021878957748413	0.6828359365463257	0.45010048151016235	0.5618489384651184	0.29867684841156006	0.11673375964164734	0.27889877557754517	0.08318711817264557	0.3132074773311615	0.6852639317512512	0.297518789768219	0.6995506882667542	0.040015898644924164	0.9293176531791687	0.3999689817428589	0.853606104850769	1.2146615982055664	0.5055765509605408	0.39629870653152466	0.6138398051261902	0.3293631970882416	0.43464139103889465	0.2557212710380554	0.16712647676467896	0.35331395268440247	0.210344135761261	0.045413341373205185	0.5845649838447571	0.5735070109367371	0.1217724084854126	0.14407095313072205	0.31045928597450256	0.6413694620132446	0.1090300977230072	0.5120566487312317	1.0425670146942139	0.5744137763977051	0.2163582444190979	1.0777897834777832	0.22586356103420258	0.4993780553340912	0.2225853055715561	0.9804695248603821	0.7431052923202515	0.9987239241600037	0.8679471015930176	0.1027144342660904	0.050527144223451614	1.4514209032058716	0.12643511593341827	0.6330389380455017	0.6210646033287048	1.1771979331970215	1.0468047857284546	0.7524315714836121	0.624744176864624	0.4818441867828369	0.5581027269363403	0.18381677567958832	0.8689429759979248	0.523711621761322	0.6065197587013245	0.633267879486084	0.3591158986091614	0.5946835279464722	0.5209799408912659	0.22904661297798157	0.20585723221302032	0.4405178427696228	0.21081042289733887	0.16280214488506317	1.1887260675430298	0.517366349697113	0.23004065454006195	0.3739423453807831	0.2303563952445984	1.2738447189331055	1.2000644207000732	0.3369685113430023	0.6559653282165527	0.47412264347076416	0.24664266407489777	0.7019087672233582	1.5871987342834473	1.0278098583221436	0.19443143904209137	0.2995877265930176	0.49543771147727966	0.7395179867744446	1.044611930847168	0.3308751583099365	0.23859038949012756	0.5393299460411072	0.9500492811203003	0.7971987128257751	0.3502841889858246	0.25139668583869934	1.1814539432525635	0.3514269292354584	0.7240723371505737	0.5738095641136169	0.2758195400238037	0.4773310720920563	0.0577293261885643	0.43153849244117737	1.3997819423675537	0.10564449429512024	0.8659592270851135	0.236002117395401	0.5337855219841003	0.1868186742067337	0.255210816860199	1.006678581237793	0.3543468713760376	0.34061872959136963	0.7624058127403259	0.40625059604644775	0.4600476324558258	0.7019677758216858	1.3395473957061768	0.4020063281059265	0.19395828247070312	1.1092205047607422	0.8932583332061768	0.45811623334884644	0.576499342918396	0.4016997516155243	0.44290271401405334	0.3023684024810791	0.6375963091850281	0.07576163113117218	0.4738430976867676	0.1686760038137436	0.6302516460418701	0.29828402400016785	0.7215892672538757	0.4602334797382355	1.2077544927597046	0.9804597496986389	0.2838018536567688	0.5604527592658997	0.5032719969749451	0.5681883096694946	0.25830861926078796	0.9696735143661499	0.5506959557533264	0.17029157280921936	0.576082706451416	0.635364830493927	0.5245028734207153	0.18959209322929382	0.42427438497543335	0.2298784852027893	0.6053434014320374	0.14866986870765686	0.7076380252838135	0.10709263384342194	0.09790415316820145	1.0289499759674072	1.0426911115646362	0.24903923273086548	0.4788040518760681	0.7596432566642761	0.0424845889210701	0.535696268081665	0.8224565386772156	0.37193214893341064	0.6431347131729126	0.5788196921348572	0.003144521266222	0.34652817249298096	0.4293055534362793	0.23425400257110596	0.06046959012746811	0.4132571518421173	0.2598915696144104	0.8951828479766846	0.2969442903995514	0.8463981747627258	0.43879032135009766	0.38287240266799927	0.2999480366706848	0.13770204782485962	0.5486850142478943	0.37208783626556396	0.26006001234054565	0.6900054216384888	1.0491890907287598	0.2827015221118927	0.2080134004354477	0.2363511621952057	0.3611530661582947	0.2830454409122467	0.5200522541999817	0.296993225812912	0.34699276089668274	0.49173253774642944	0.4210255444049835	0.754253625869751	1.0703212022781372	0.16464629769325256	0.3973866105079651	0.7872392535209656	1.089982509613037	0.5555086731910706	0.3729495406150818	0.36763009428977966	0.548307478427887	0.3992633819580078	0.33099687099456787	0.4657033085823059	0.36771854758262634	0.08106003701686859	0.4439627528190613	0.6541355848312378	1.0272213220596313	0.2649883031845093	0.41472452878952026	0.6144903898239136	0.5089306831359863	0.8130760192871094	0.2861836850643158	0.14015665650367737	0.1575021594762802	1.1458098888397217	0.6869921088218689	0.4658057689666748	0.666071355342865	0.5705099701881409	0.04514600336551666	0.9237272143363953	0.48822617530822754	0.6367125511169434	0.1692146360874176	1.4399564266204834	0.3845907151699066	0.6289404630661011	0.42467373609542847	0.24515195190906525	0.7951801419258118	0.4956112504005432	0.2435101419687271	0.5322237610816956	0.551108717918396	0.39922159910202026	1.2746477127075195	0.513862669467926	0.7880842685699463	0.1934746652841568	0.6473652124404907	0.19446931779384613	0.8891388773918152	0.47366204857826233	0.5541791319847107	0.3238735496997833	0.3405517339706421	0.21858075261116028	0.3470323085784912	0.6572039723396301	0.7148067355155945	0.49569594860076904	0.3996215760707855	0.7931798696517944	1.457857370376587	0.14446905255317688	0.5783771872520447	0.17248091101646423	0.33948007225990295	0.2032330334186554	0.283521443605423	0.05705931410193443	0.4686729907989502	0.10599849373102188	0.3483447730541229	0.5460720658302307	0.16176357865333557	1.3425512313842773	0.3783411383628845	1.6907116174697876	0.35168418288230896	0.46351245045661926	0.7879424691200256	0.49944937229156494	0.24723872542381287	0.4792770743370056	0.21182088553905487	0.9451112151145935	1.2369763851165771	0.8462183475494385	0.5084844827651978	0.8008445501327515	0.39268139004707336	0.5807548761367798	0.8168264627456665	0.9132750034332275	0.03601104021072388	0.24852517247200012	0.5832100510597229	0.3789825737476349	0.8647007346153259	0.591368556022644	0.2364850789308548	0.14189492166042328	0.34804484248161316	0.5185733437538147	0.2669207453727722	0.38282278180122375	0.24308735132217407	0.434524804353714	0.27934587001800537	0.13778604567050934	0.25840938091278076	0.43489202857017517	0.4282936155796051	1.2502121925354004	0.93028724193573	0.49929291009902954	0.44986552000045776	0.22889140248298645	0.4592655897140503	1.0605018138885498	1.1693795919418335	0.7553525567054749	0.723241925239563	0.5373519659042358	0.4308507740497589	0.865563690662384	1.1397573947906494	0.8880887031555176	0.213307186961174	0.4867594838142395	0.1524001955986023	0.3132243752479553	0.7455353140830994	0.33978527784347534	0.9899728894233704	0.1297849416732788	0.16006521880626678	0.1035219207406044	0.2699369788169861	0.9510751366615295	0.6872007846832275	0.3631351888179779	0.08343586325645447	0.5398455858230591	1.6655864715576172	0.4651349186897278	0.5558329820632935	0.5767883658409119	0.9369737505912781	0.7598596215248108	0.4711998999118805	0.49526306986808777	0.33706188201904297	0.4396776556968689	0.40667569637298584	0.7149050831794739	1.1526095867156982	0.6999098658561707	1.4997481107711792	0.5740445852279663	0.37409013509750366	0.4107806980609894	0.24972619116306305	1.1339123249053955	0.6988730430603027	0.3352133333683014	0.3406694233417511	0.46913444995880127	0.32989752292633057	0.35053932666778564	0.9511297941207886	0.5501248240470886	0.6837449669837952	0.12954813241958618	0.6350157856941223	0.5060520172119141	0.8513830900192261	0.5438371300697327	0.7590855956077576	0.6668700575828552	0.3131386935710907	0.8799883127212524	1.197540044784546	1.2561599016189575	0.37383151054382324	0.38957950472831726	0.4427521228790283	0.2091895043849945	0.6821601390838623	0.5183666944503784	0.6333919763565063	0.08420431613922119	0.24188247323036194	0.6983814239501953	0.580045759677887	0.6502943634986877	0.40041935443878174	0.7139347791671753	0.680827260017395	0.9328144788742065	0.2336038202047348	0.4885188937187195	0.0665537416934967	0.0819651260972023	0.7143830060958862	0.3306800425052643	1.0578747987747192	0.2999228239059448	0.2129271924495697	0.5905211567878723	0.7033461332321167	0.21902146935462952	0.3752221465110779	0.035975683480501175	0.14622631669044495	0.41440534591674805	0.8994430899620056	0.45538201928138733	0.5368191003799438	0.3263819217681885	0.3432534337043762	0.27602848410606384	0.16144874691963196	0.5358971357345581	0.6614082455635071	0.9015629887580872	0.25922608375549316	0.2022460550069809	0.4788021445274353	0.6120583415031433	0.053874239325523376	0.4368908107280731	0.39966702461242676	0.361785352230072	0.28514739871025085	0.29359203577041626	0.33768314123153687	0.8589608669281006	0.1169055849313736	0.4400975704193115	0.4379148781299591	0.5940994024276733	0.3883292078971863	0.338665246963501	0.07070768624544144	0.6583343148231506	0.9564781785011292	0.31710267066955566	0.932780385017395	0.17499853670597076	0.08100426942110062	1.09218168258667	0.2827546000480652	0.09360681474208832	0.612128496170044	1.2148447036743164	0.2955207824707031	0.130873441696167	1.1586928367614746	0.6852779388427734	0.6822237372398376	0.1553935706615448	0.8478405475616455	0.3304792642593384	0.518553614616394	0.7757188081741333	0.4194321930408478	0.359855055809021	0.44085896015167236	0.12751853466033936	0.3611304759979248	0.6046152710914612	0.4730975925922394	0.9534634947776794	0.09842507541179657	0.7991938591003418	0.15761739015579224	0.5296021699905396	0.5877353549003601	0.039673060178756714	0.1731797158718109	0.42810648679733276	0.8252071142196655	1.5416927337646484	0.28541505336761475	0.2800551950931549	0.7372970581054688	0.7203704714775085	0.9946958422660828	0.4246056079864502	0.17901566624641418	0.34694764018058777	0.5726212859153748	0.402322918176651	0.5175904035568237	0.3759768307209015	0.44240760803222656	0.4058663547039032	0.9590084552764893	0.7492793202400208	0.3667908012866974	0.06460462510585785	0.5166600942611694	0.215856671333313	0.09330113232135773	0.845135509967804	0.7673217058181763	0.5402350425720215	0.15791763365268707	1.0046782493591309	0.14900067448616028	0.8583827018737793	0.5061810612678528	0.6114181876182556	0.5179705619812012	0.8604273796081543	0.5677301287651062	0.4704962968826294	0.3465423583984375	0.35263222455978394	0.48193854093551636	0.20458805561065674	0.9483453035354614	0.3211607038974762	0.568732738494873	0.6474684476852417	0.31874406337738037	0.43307745456695557	0.33208167552948	0.5810457468032837	0.2083883434534073	0.612098217010498	0.28120243549346924	0.8601125478744507	0.5577743053436279	0.15959958732128143	0.7219439744949341	0.4406495690345764	1.167515754699707	0.19317053258419037	0.21067920327186584	0.762449324131012	0.7590385675430298	0.35689595341682434	0.9316856265068054	0.5665871500968933	0.7026187181472778	0.10260072350502014	0.6071133613586426	0.19478940963745117	0.2556225657463074	0.28112679719924927	0.46051904559135437	0.9507207274436951	0.25130221247673035	1.406402349472046	0.4786016345024109	0.8111255764961243	0.8785077333450317	0.7490473985671997	1.033708095550537	0.5152026414871216	0.09293373674154282	0.3479018211364746	0.4001142978668213	0.3349097669124603	0.05424652621150017	0.23845650255680084	0.3684603273868561	0.8172452449798584	0.642673909664154	0.3407098948955536	0.6789500713348389	0.7435950040817261	0.22584761679172516	0.2725902795791626	1.5201964378356934	0.6200587153434753	0.36522620916366577	0.6453064680099487	0.32324662804603577	0.13484525680541992	0.40812602639198303	0.2731117904186249	0.29855281114578247	0.9429701566696167	0.32526665925979614	0.942644476890564	1.235174536705017	0.8262311816215515	0.47680890560150146	0.394212543964386	0.3690152168273926	0.3528752326965332	0.3470301628112793	0.6714182496070862	0.11390325427055359	0.6933187246322632	0.6640138626098633	0.9907018542289734	0.7209941744804382	0.46342113614082336	0.071113221347332	0.19163702428340912	0.5777061581611633	0.6045664548873901	0.10299377143383026	0.16003724932670593	0.8439327478408813	0.4074099361896515	0.301890105009079	0.5998029112815857	0.5590590834617615	0.37763169407844543	0.2904490530490875	0.060914527624845505	0.637924075126648	1.1003390550613403	0.0031677372753620148	0.07466932386159897	0.09883490949869156	1.2038425207138062	0.02453695423901081	1.3047689199447632	0.8705871105194092	0.6759721040725708	0.38973259925842285	0.6119977235794067	0.5408356189727783	0.2932380139827728	0.10074528306722641	0.28890570998191833	0.3488284647464752	0.1414337307214737	0.29619285464286804	0.4389093518257141	0.8428524732589722	0.4402269423007965	0.44725704193115234	1.0994040966033936	0.50679612159729	0.4784183204174042	0.6796249151229858	0.37977033853530884	0.24862436950206757	0.29027026891708374	0.28372716903686523	0.28254804015159607	0.3086754381656647	0.6451402902603149	0.08630320429801941	1.3046163320541382	0.5011849403381348	0.0745692104101181	0.21707838773727417	0.48189303278923035	0.20096047222614288	0.9734479784965515	0.32708117365837097	0.6198070049285889	0.34828752279281616	0.4972039461135864	0.12430833280086517	1.1885130405426025	0.2369776964187622	0.3539979159832001	1.443306565284729	0.9201139807701111	0.8056501150131226	0.7658858895301819	0.7937812805175781	0.20237968862056732	1.267201542854309	0.9767488241195679	0.41540297865867615	0.9122517704963684	1.1407067775726318	0.18607555329799652	0.5404447913169861	0.4796661138534546	1.4041173458099365	0.5546644330024719	0.5377622246742249	0.46126261353492737	0.6121878027915955	0.4748501777648926	0.10355066508054733	0.34044402837753296	0.7197290062904358	1.100944995880127	1.247368574142456	0.5998015403747559	0.43256837129592896	0.5496587753295898	0.4327659606933594	0.7823017835617065	0.12032908201217651	1.2522773742675781	0.9901459217071533	1.0278815031051636	0.864061176776886	0.7406867742538452	0.4916718006134033	1.2272059917449951	0.30315062403678894	0.48393014073371887	1.1654083728790283	0.2066754847764969	0.5664637088775635	0.5391866564750671	0.41262537240982056	0.17950645089149475	0.26654744148254395	0.29375162720680237	0.09427741914987564	0.06949938088655472	0.42146745324134827	0.7287112474441528	0.9048794507980347	0.40603822469711304	0.13431498408317566	1.0378764867782593	0.23152990639209747	1.499218225479126	0.09659108519554138	0.877875566482544	0.340638130903244	0.24157389998435974	0.6250739693641663	0.6222987174987793	0.10668948292732239	1.8716002702713013	0.4715786278247833	0.15651462972164154	0.35667848587036133	0.28093835711479187	0.19434170424938202	0.4621011018753052	0.24474374949932098	0.20524314045906067	0.3625991642475128	1.1794705390930176	0.5646066069602966	0.29130104184150696	0.7095587849617004	0.9028614163398743	0.20256689190864563	0.018460193648934364	0.3198472261428833	1.1704875230789185	0.8599638342857361	0.7190002202987671	0.7765612602233887	0.7307665944099426	0.47145888209342957	0.572328507900238	0.30422231554985046	0.56993168592453	0.5555357336997986	0.14728887379169464	0.45275983214378357	0.9476882219314575	0.46224749088287354	0.6763930916786194	0.5555422902107239	0.7550705671310425	0.04281327873468399	0.7614805102348328	0.30704265832901	0.1564117670059204	0.11475904285907745	0.26047283411026	0.8802096247673035	0.7612727880477905	0.8626750111579895	0.39874520897865295	0.45029211044311523	0.8647332191467285	1.056178092956543	0.22141869366168976	0.5440546870231628	0.3955298662185669	0.5351624488830566	0.46058204770088196	0.3725639283657074	0.3744531571865082	0.6983903050422668	0.5375454425811768	0.5690518021583557	1.168405294418335	1.4126604795455933	0.3803454041481018	0.08781430870294571	0.7722379565238953	0.22434797883033752	0.37444454431533813	0.5548344254493713	0.41981446743011475	0.3194797933101654	1.3653521537780762	0.707043468952179	0.9482313990592957	0.7776910066604614	1.023746132850647	0.6634398698806763	0.5533190965652466	0.19744428992271423	0.45762860774993896	1.1595256328582764	0.09888128936290741	0.6252641081809998	0.3213904798030853	0.20949378609657288	0.07462607324123383	0.4997554123401642	0.038598015904426575	0.34568095207214355	0.1781984567642212	0.8033901453018188	0.2947918474674225	0.168806254863739	0.6989115476608276	0.47938990592956543	0.3434631824493408	0.34814807772636414	0.4300309419631958	0.24026699364185333	0.7111661434173584	0.36276155710220337	1.0959441661834717	0.8557267785072327	0.14750385284423828	0.35972753167152405	1.3241815567016602	0.10294564068317413	0.8748165369033813	0.3294042944908142	0.3295932710170746	0.07258252799510956	0.6605769395828247	1.4237353801727295	0.6323440074920654	0.3046950399875641	0.7077844142913818	1.4508005380630493	0.8508902788162231	0.22293376922607422	0.7821703553199768	0.822566568851471	0.7077670097351074	0.7417227029800415	0.09973207861185074	0.11199407279491425	0.34458407759666443	0.22723260521888733	0.14395630359649658	0.12287051975727081	0.38642480969429016	0.44869154691696167	0.09028488397598267	0.14037930965423584	0.2129768282175064	0.7893812656402588	0.3499293327331543	0.5475782752037048	0.6944151520729065	1.13681161403656	0.7907307744026184	0.3512391448020935	0.5441668629646301	0.3864152133464813	0.4048130214214325	1.5487349033355713	0.5251943469047546	0.5571260452270508	0.6675329208374023	0.2700660824775696	0.7306637763977051	0.48479196429252625	0.5241793990135193	0.573320746421814	0.33886730670928955	0.38536587357521057	0.8627044558525085	0.5805313587188721	1.1192278861999512	0.25043943524360657	0.3475129306316376	0.2297835797071457	0.5239644646644592	0.6880829334259033	0.764987587928772	0.3276618719100952	1.2031490802764893	0.37279948592185974	0.7485915422439575	0.9493303298950195	0.33837127685546875	0.5996918678283691	0.7937237620353699	0.47474607825279236	0.4633789658546448	1.0319961309432983	0.47570475935935974	0.48773565888404846	0.2907467782497406	0.3356969654560089	0.07193541526794434	0.7966588735580444	0.38084709644317627	0.7832625508308411	0.23768523335456848	0.6131766438484192	0.7615826725959778	0.8352134227752686	0.3177228271961212	0.418212354183197	0.9094358682632446	1.188560128211975	0.7497169375419617	0.5029428005218506	0.15231238305568695	0.40038958191871643	0.7959519624710083	0.5964456796646118	0.40390774607658386	0.4268139600753784	0.35308337211608887	0.48421570658683777	0.11869461089372635	0.16184182465076447	1.230567216873169	1.0240774154663086	1.021444320678711	0.3515343964099884	0.47841930389404297	0.26243990659713745	0.5358832478523254	1.1298227310180664	0.5251179933547974	0.4753432869911194	0.14366482198238373	0.5556409358978271	0.7535139322280884	0.26699838042259216	0.5026029944419861	1.1232315301895142	0.20858882367610931	0.6644983291625977	0.3171009123325348	0.19268980622291565	0.3936569392681122	0.2180020809173584	0.6505061984062195	0.32699400186538696	0.790041446685791	0.20792420208454132	0.24283035099506378	0.20446902513504028	0.8165863752365112	0.6116833090782166	0.9675156474113464	0.5456944704055786	0.2013821303844452	0.5844926238059998	0.31499412655830383	1.2378042936325073	0.5092174410820007	0.3814859092235565	0.5384047627449036	0.6035517454147339	0.40309709310531616	0.017019880935549736	0.280204713344574	0.4573575556278229	0.16293060779571533	0.667835533618927	0.3386479318141937	0.49590590596199036	0.3493959605693817	0.1034766286611557	0.428406298160553	0.45995596051216125	0.5126985311508179	1.1045809984207153	0.8350951075553894	0.39457422494888306	0.7823066115379333	0.9238114356994629	0.3045462667942047	0.33905738592147827	0.319732129573822	0.689341127872467	0.6995291709899902	0.7658730745315552	0.45904505252838135	0.3287245035171509	0.5087180137634277	0.40116140246391296	0.8979437947273254	0.24173307418823242	0.0923045426607132	0.6853650808334351	0.752504289150238	0.32427698373794556	0.26966625452041626	0.08027637004852295	1.250584602355957	0.37656235694885254	0.37845560908317566	1.1360042095184326	0.20026624202728271	1.0093662738800049	0.383296936750412	0.40977567434310913	0.5367220640182495	0.8867176175117493	0.5551720857620239	0.3053852319717407	0.06196308135986328	0.5895394086837769	0.9834771156311035	0.3079708218574524	0.2796414792537689	0.18237216770648956	0.1172710731625557	0.3060643970966339	0.285316526889801	0.3369815945625305	0.4907578229904175	0.35974785685539246	1.1639652252197266	1.1982717514038086	0.5520468354225159	0.6553307175636292	0.5184354782104492	0.46818429231643677	0.4523932635784149	0.5831733345985413	0.25235021114349365	0.4114713966846466	0.40578749775886536	0.8243577480316162	1.1140302419662476	0.42758309841156006	0.4362196922302246	0.6443795561790466	1.1372724771499634
0.0	0.17731142044067383	0.5206311345100403	1.1458300352096558	1.5678592920303345	0.27966809272766113	0.18918052315711975	0.7195721864700317	0.9214476346969604	0.2863912880420685	1.2776429653167725	0.3461017608642578	0.21899843215942383	0.6236789226531982	0.6320566534996033	0.08311079442501068	0.10258471965789795	0.5415909886360168	0.765869677066803	0.40754199028015137	0.6597604155540466	0.4002470374107361	0.807381272315979	0.1514534056186676	0.7455766201019287	0.5049548149108887	0.7065753936767578	0.5261366367340088	0.6830238103866577	0.815826952457428	0.11761365830898285	0.5317330956459045	0.27948135137557983	0.4217366576194763	0.3575139343738556	0.4180430471897125	0.3439212143421173	0.2984938323497772	0.5654929280281067	0.9729543924331665	0.6638866066932678	0.7253472805023193	0.25370660424232483	0.4988391697406769	0.19265705347061157	0.02933577448129654	0.43340179324150085	0.9056439995765686	0.6297557353973389	0.6200803518295288	0.9888240098953247	0.6682085394859314	0.8366049528121948	0.888704776763916	0.8380593061447144	0.4126104414463043	0.640895664691925	1.158979892730713	0.6287778615951538	0.7194651365280151	0.25561052560806274	0.9016933441162109	0.19673408567905426	0.3951232135295868	0.5420486927032471	0.4581297039985657	0.5034765601158142	0.4510747790336609	0.6123685240745544	0.5491943359375	0.11245635151863098	0.5700482726097107	1.01944899559021	0.6734235882759094	0.7040138840675354	0.7638635039329529	0.2103152573108673	0.4716947674751282	0.22440451383590698	0.6758780479431152	0.19263224303722382	0.38125982880592346	0.1206754669547081	0.09627248346805573	0.006573522463440895	0.4559965133666992	0.4062603712081909	0.31962743401527405	0.6870405673980713	0.7646332383155823	0.3430156707763672	0.4952317178249359	0.3548428416252136	0.1672048419713974	0.7753854990005493	0.8369140625	0.4815466105937958	0.37965911626815796	0.49772557616233826	0.7684470415115356	0.458808034658432	0.2904072403907776	0.2410905659198761	0.14071525633335114	0.31724661588668823	0.04929831251502037	0.717363178730011	1.0608786344528198	1.0816433429718018	0.6893965601921082	0.6817312836647034	1.0684763193130493	0.3040664494037628	0.17355236411094666	0.42774099111557007	0.3405022621154785	0.3868807256221771	0.6765312552452087	0.0	0.521240234375	1.1522860527038574	0.14027372002601624	0.811179518699646	0.4270154535770416	0.4766942858695984	0.9299914836883545	0.3581083118915558	0.42434900999069214	0.8573747873306274	0.056241925805807114	0.3570454716682434	1.2005099058151245	0.16962362825870514	0.07299450039863586	0.2530266046524048	0.1743449866771698	0.3452596664428711	0.3291515111923218	0.45933982729911804	0.2810758352279663	0.34666746854782104	0.2967768609523773	0.676246166229248	0.3903161287307739	0.6607049107551575	0.9038528800010681	0.032439202070236206	0.15326820313930511	0.8215620517730713	0.21704772114753723	0.18417567014694214	0.05779361352324486	0.6954160928726196	1.0665048360824585	0.1200706958770752	0.6384581327438354	0.5679906010627747	1.0447754859924316	0.2279302179813385	0.603216826915741	1.0930147171020508	0.9167463779449463	0.3824242651462555	0.5406944751739502	0.4506187438964844	0.7089818716049194	0.2542324364185333	0.20907056331634521	1.1753809452056885	1.291597843170166	0.2698526978492737	0.3255658447742462	0.5428177118301392	0.612273633480072	0.39495721459388733	0.11373601108789444	0.6588076949119568	0.364739328622818	0.5851426124572754	0.19169291853904724	0.3612331449985504	0.18966957926750183	0.39364591240882874	0.835523784160614	0.6805711388587952	0.17419326305389404	0.5075892806053162	0.1648954153060913	1.0554258823394775	1.3825634717941284	0.5496269464492798	0.15559600293636322	0.4585478603839874	0.9537620544433594	0.3641449809074402	0.7896114587783813	0.584074854850769	0.48662620782852173	0.270830899477005	0.7623195648193359	0.6154587864875793	0.34269341826438904	0.3473238945007324	0.2473842203617096	0.09736604243516922	1.044940710067749	0.6682645082473755	0.3111737072467804	0.6247429847717285	0.8142566680908203	0.40697166323661804	0.22454413771629333	0.20000331103801727	0.5270352959632874	0.011754637584090233	0.6067143082618713	0.7129604816436768	0.6162076592445374	0.3271019458770752	1.315659999847412	0.44501960277557373	0.18605928122997284	0.13942129909992218	0.7824435234069824	0.5177968144416809	0.4219987392425537	0.39098095893859863	0.8144599795341492	0.6864051222801208	1.0392740964889526	0.56681227684021	0.33231592178344727	0.6742328405380249	0.06235698610544205	0.10109607875347137	0.5545988082885742	0.3996058404445648	0.29436978697776794	0.7346663475036621	0.15871243178844452	0.15374724566936493	0.5696901082992554	0.25193870067596436	0.4338528513908386	0.6411300897598267	0.10603420436382294	0.5277169942855835	0.29913708567619324	0.25031474232673645	0.5877977609634399	0.45035895705223083	0.3890729248523712	0.2608569264411926	0.7030147314071655	0.6197546124458313	0.7230072021484375	0.011086074635386467	0.867331862449646	0.8614175319671631	0.182648703455925	0.2974085807800293	0.1324302703142166	0.3556542992591858	0.18480440974235535	0.8349526524543762	0.24880482256412506	0.6442232728004456	0.1946529597043991	0.21430477499961853	0.6610617637634277	0.3600008487701416	0.44893425703048706	1.1737829446792603	0.5438524484634399	0.0	0.4545619487762451	0.6353724598884583	0.40536123514175415	0.7308256030082703	1.708662748336792	0.5945443511009216	0.9366077780723572	0.42145273089408875	0.3292859196662903	0.7626705169677734	0.2786628007888794	0.26590394973754883	0.5037956833839417	0.7528011202812195	0.806073784828186	0.8080153465270996	0.5852940678596497	0.9251142144203186	0.6329752206802368	0.26175835728645325	0.388221800327301	1.17943274974823	0.47890186309814453	0.9244372844696045	0.8399353623390198	0.6070765256881714	0.6801503896713257	0.6016852259635925	0.4334656596183777	0.5314856171607971	0.15968848764896393	1.18956458568573	0.11773289740085602	0.5055124163627625	1.1087020635604858	1.0122501850128174	0.6758191585540771	0.5254625082015991	1.1316428184509277	0.7306485176086426	0.994953989982605	0.6004610061645508	1.0084950923919678	0.44683489203453064	0.6821258068084717	0.29180508852005005	0.5715388655662537	0.7272838950157166	0.8201716542243958	0.6851076483726501	0.9710840582847595	0.3670221269130707	0.4603384733200073	0.24756042659282684	1.284471869468689	0.13067872822284698	0.1828654408454895	0.2333373725414276	0.19680052995681763	0.4377167522907257	0.3946321904659271	1.2629473209381104	0.6631990075111389	0.7993066310882568	0.5228804349899292	0.2568238377571106	0.2628508508205414	0.29926905035972595	0.46821099519729614	0.37387004494667053	0.39130541682243347	0.23176908493041992	0.40358078479766846	0.5561726093292236	0.278496652841568	0.4240659177303314	0.3129284083843231	0.32986101508140564	0.9579249024391174	0.48255249857902527	0.09006790816783905	0.6999839544296265	0.2300138920545578	0.20038825273513794	0.29163527488708496	1.4979099035263062	0.515897810459137	0.5741517543792725	0.31524035334587097	0.01943162828683853	0.3726905286312103	0.2012764811515808	1.0031009912490845	0.7132888436317444	0.46513041853904724	0.43111270666122437	0.7723981738090515	0.4631345272064209	0.976739764213562	0.46503177285194397	1.2541663646697998	0.6152685880661011	0.8145947456359863	0.0	0.3923588991165161	0.06037791818380356	0.7823618650436401	0.389210045337677	0.4625018537044525	0.3304287791252136	0.2721412181854248	1.1422260999679565	0.32359665632247925	0.8856868147850037	0.28106045722961426	0.14801424741744995	1.0556801557540894	0.2114194631576538	0.9159564971923828	0.00014845213445369154	0.30776718258857727	1.1512424945831299	0.4775039255619049	0.15162572264671326	0.22995123267173767	0.6763888001441956	0.7053402066230774	0.3734743297100067	0.809411883354187	0.1605585515499115	0.46559205651283264	0.1683342307806015	1.1803714036941528	0.3177098035812378	0.12822389602661133	0.11957831680774689	0.002168655162677169	0.1350483000278473	0.8712122440338135	0.42400044202804565	1.0140855312347412	0.575776219367981	0.30964115262031555	0.5703051090240479	0.08616047352552414	0.4020240902900696	0.6796350479125977	0.6431382894515991	0.5065239071846008	1.040677547454834	0.47352346777915955	0.4789290130138397	0.4084465205669403	0.45330750942230225	0.6318744421005249	0.79449063539505	0.005974361672997475	0.701724648475647	0.4997209310531616	0.37574803829193115	0.7045624852180481	0.5521968603134155	0.8351984024047852	0.2771655321121216	0.4582788348197937	0.8945765495300293	0.32105717062950134	0.667658269405365	0.35135170817375183	0.6345913410186768	0.5676193833351135	1.1122362613677979	1.2304189205169678	0.5381349325180054	0.528847336769104	0.33906838297843933	0.37103524804115295	1.0617930889129639	0.44558650255203247	0.38423553109169006	0.35301318764686584	0.905049204826355	0.31678032875061035	0.6039291620254517	0.6449112296104431	0.9487265944480896	0.5998349785804749	0.2425043135881424	0.4348045587539673	0.3315531611442566	1.2761366367340088	1.099158763885498	0.6172268390655518	0.016683872789144516	0.4823009669780731	0.4920703172683716	0.40668341517448425	0.3439483940601349	0.38692545890808105	0.2209811955690384	0.5507282614707947	0.039554961025714874	0.5846031904220581	0.5835141539573669	0.6104408502578735	0.04625805839896202	0.10599745810031891	0.40236884355545044	0.9753477573394775	0.7322582602500916	0.7060670852661133	0.48722824454307556	0.132571280002594	0.6722068190574646	0.14234639704227448	0.4456968307495117	0.7186445593833923	0.40784141421318054	0.7288196682929993	0.28259509801864624	0.21533934772014618	0.49314218759536743	0.46001413464546204	0.21810927987098694	0.5445464253425598	0.7413313388824463	0.7174666523933411	0.7299611568450928	0.5652077198028564	0.18617026507854462	1.1958173513412476	0.7158600687980652	0.6858867406845093	0.966201663017273	0.6038970351219177	0.4664512872695923	0.0898495465517044	0.4787663221359253	0.6874656081199646	0.27394285798072815	0.11202087998390198	0.36182883381843567	0.13889075815677643	0.21967226266860962	0.4555988311767578	0.4694344997406006	0.0	0.881106972694397	0.08130337297916412	0.27517321705818176	0.6240411400794983	0.07541991025209427	0.3477760851383209	1.27193284034729	0.3014795482158661	0.8122850060462952	0.45397892594337463	0.11326755583286285	0.9480583071708679	0.11377683281898499	0.26406130194664	0.3167329430580139	1.1131837368011475	0.6724636554718018	0.3171190917491913	0.8551722764968872	0.773791491985321	1.2325984239578247	1.0518933534622192	0.37940287590026855	0.7211174368858337	0.18570858240127563	0.4339238703250885	0.2262566089630127	0.8098573088645935	0.0	0.6882209777832031	0.5347326993942261	0.0805581659078598	0.32519179582595825	0.303460031747818	0.6720153093338013	0.6383948922157288	0.5234284400939941	1.5416979789733887	0.6428045630455017	0.6877004504203796	0.46443018317222595	0.14889585971832275	0.20870664715766907	0.4003514051437378	1.131602168083191	0.2334633767604828	0.831007719039917	0.8955118656158447	0.11050313711166382	0.055365823209285736	1.4353957176208496	0.6107754111289978	0.3979376256465912	0.3188958466053009	0.48359230160713196	0.15769359469413757	0.38821840286254883	0.28022608160972595	0.49413740634918213	0.00010584726987872273	0.4869436025619507	0.6218388676643372	0.541405200958252	0.24578288197517395	0.21717877686023712	0.022426437586545944	0.08702544867992401	0.16415303945541382	0.9101581573486328	1.2898876667022705	0.33774515986442566	0.4273837208747864	0.9413374066352844	0.24288536608219147	0.4420960247516632	0.19270309805870056	0.5137468576431274	0.6453477740287781	0.42517799139022827	0.7550646066665649	0.10269153863191605	0.5479722023010254	0.15706349909305573	0.5796979069709778	0.27965572476387024	0.6218460202217102	0.5466639399528503	0.6968437433242798	0.21046923100948334	0.3537168502807617	0.3888373076915741	0.9894402027130127	0.29953014850616455	0.8677726984024048	0.08588416129350662	0.602777361869812	0.1958075761795044	0.5969838500022888	0.3660739064216614	0.6870856285095215	0.04692688584327698	0.7351834177970886	0.31545490026474	0.2958686947822571	0.641452431678772	0.046360667794942856	0.8197758793830872	0.7623769640922546	0.5783666372299194	0.5589235424995422	0.06640458106994629	0.30493175983428955	1.1314958333969116	0.25718504190444946	0.4934322237968445	1.145811915397644	0.29127660393714905	0.3134727478027344	0.6842312812805176	0.7886644601821899	0.4854309558868408	0.21618539094924927	1.0906763076782227	0.3371187150478363	0.4804448187351227	0.23980659246444702	0.5438609719276428	0.7536953091621399	0.27473196387290955	0.19867008924484253	0.18445628881454468	0.5735030174255371	0.7596588134765625	0.2912328839302063	0.4517461657524109	0.20832252502441406	0.8867068886756897	0.49554890394210815	0.717138946056366	0.884006679058075	0.3124600946903229	0.25572800636291504	0.4910043776035309	0.5551437735557556	0.8079444169998169	0.3412865102291107	0.9239774942398071	0.31981903314590454	0.5332056283950806	0.4987061619758606	0.4012255072593689	0.7012734413146973	0.707777202129364	0.08407962322235107	1.5496972799301147	0.7789050340652466	0.7962972521781921	0.4896734654903412	0.5794840455055237	0.1290375143289566	0.5818384885787964	0.5925686359405518	0.6981697678565979	0.3888917863368988	0.45137831568717957	0.3869207203388214	0.44983673095703125	0.4394163489341736	0.008341606706380844	0.41918736696243286	0.7789187431335449	0.27748727798461914	0.17648132145404816	1.0050443410873413	0.7256958484649658	0.2639589011669159	0.6640234589576721	0.08446106314659119	0.9190866947174072	0.41713786125183105	0.2787255048751831	0.29882174730300903	0.19357557594776154	0.12256402522325516	0.9479318857192993	0.10534262657165527	0.7433081865310669	0.22784721851348877	0.08612550050020218	0.4984551668167114	1.1908000707626343	0.9841502904891968	0.4748404026031494	0.6771740913391113	0.6618672609329224	0.4837813973426819	0.6051493883132935	0.0960436761379242	0.46066030859947205	0.4805542528629303	0.42347487807273865	0.9683091044425964	0.565690279006958	0.3324669301509857	1.0119342803955078	0.32322049140930176	1.0028107166290283	0.9422908425331116	0.13556928932666779	0.10780087858438492	0.3938376009464264	0.5818068981170654	0.7431983351707458	0.17948703467845917	0.5328492522239685	0.026808951050043106	0.07571559399366379	0.40529704093933105	0.8053852319717407	0.8369734287261963	0.22271285951137543	0.5190725326538086	1.1964844465255737	0.29183855652809143	0.495694100856781	0.6278920769691467	0.6043533682823181	0.3648896813392639	0.21323084831237793	0.14538590610027313	0.29142722487449646	0.159912109375	0.2668686807155609	0.21440786123275757	1.170701026916504	0.21266654133796692	0.2926470935344696	0.006490333005785942	0.3521949350833893	0.049412280321121216	0.14471320807933807	0.7516071200370789	0.25363415479660034	0.31935596466064453	0.7009083032608032	0.8262222409248352	0.5939083695411682	0.710040807723999	0.28083229064941406	0.6704839468002319	0.32603535056114197	0.5480788946151733	0.46071091294288635	0.38791829347610474	0.08800148963928223	0.40687671303749084	0.04903322830796242	0.05596481263637543	0.41975098848342896	0.21461379528045654	0.6478011012077332	0.2579496502876282	0.6350770592689514	0.4691055119037628	0.20367704331874847	0.662787139415741	0.5163921117782593	0.8553929924964905	0.5900612473487854	0.5949259996414185	0.7209486961364746	0.3927176296710968	0.2990952134132385	0.4869956374168396	1.325351357460022	0.5866429805755615	0.29714494943618774	0.32583144307136536	0.11020947992801666	0.3455623984336853	0.034527212381362915	0.307503342628479	0.7460898756980896	0.12474492192268372	0.7686939835548401	1.0155233144760132	0.6909405589103699	0.39017000794410706	0.3531806468963623	0.7128959894180298	0.6906948685646057	0.29094815254211426	1.1937114000320435	0.3928290605545044	0.011972438544034958	0.5864361524581909	0.472912460565567	0.8425986170768738	0.5367989540100098	0.34858036041259766	0.45484691858291626	0.07314775884151459	0.1162194162607193	0.3643384575843811	0.0	0.10113662481307983	1.1904464960098267	0.2632226347923279	0.6785415410995483	0.33104074001312256	0.6887853741645813	0.13171842694282532	0.5184358954429626	0.26295006275177	0.7640224099159241	0.9776721596717834	0.3699305057525635	0.17310410737991333	0.2620174288749695	0.1028030514717102	1.148681402206421	0.5475884079933167	0.12920090556144714	0.8158954977989197	0.19787684082984924	1.458786964416504	0.22179973125457764	0.5555673241615295	0.46987441182136536	0.1603560447692871	0.01941511780023575	0.7983696460723877	0.1203085407614708	0.5885264277458191	0.14448274672031403	0.7838367819786072	0.6398274302482605	0.440269410610199	0.07562718540430069	0.19817888736724854	0.2681959271430969	0.4496270418167114	0.5496377944946289	0.6225593090057373	0.3950423002243042	0.4119338095188141	0.3934361934661865	0.4705505669116974	0.8530880808830261	0.55869460105896	0.21317557990550995	0.7137341499328613	0.551987886428833	0.38414663076400757	0.20860207080841064	0.6049333810806274	0.2987522780895233	0.45603761076927185	0.062203969806432724	0.05257023125886917	0.4045385420322418	0.16484230756759644	0.282510370016098	0.7398335337638855	0.14770251512527466	0.7702756524085999	0.18502700328826904	0.4170095920562744	0.7758027911186218	0.3044683635234833	0.4925585985183716	0.36921051144599915	0.049596723169088364	0.7872058153152466	0.14853057265281677	0.0	0.7004831433296204	0.018497459590435028	0.0	0.28790193796157837	0.2399945855140686	0.4470005929470062	0.4804227352142334	1.2645381689071655	0.2630268335342407	0.190516397356987	1.0241450071334839	0.2915457785129547	0.39889657497406006	1.1467877626419067	0.7383219003677368	0.6702708005905151	0.9289547801017761	0.6348105072975159	1.0170549154281616	0.08217799663543701	0.32445669174194336	0.038788679987192154	0.23356705904006958	0.4101589024066925	0.9254205822944641	0.8034543395042419	0.659221351146698	0.38288912177085876	0.4854976534843445	0.19094830751419067	0.7365380525588989	0.4248546361923218	0.6563267707824707	0.9254087805747986	0.48686888813972473	1.0321009159088135	0.31130632758140564	0.250546932220459	0.1805737316608429	0.015577606856822968	0.4546006917953491	0.8231692314147949	0.354779988527298	0.6586918234825134	0.23140490055084229	0.28285154700279236	1.0001156330108643	0.5798153877258301	0.9474770426750183	0.20117734372615814	0.6717484593391418	0.2835180461406708	0.20718778669834137	0.3880472481250763	1.406691312789917	0.47898271679878235	0.3263254761695862	0.7878308296203613	0.7199995517730713	0.26846301555633545	1.291213870048523	0.035813767462968826	0.07801385968923569	0.646732747554779	0.25630128383636475	0.7643665671348572	0.23550336062908173	0.7485209703445435	0.2567101716995239	0.46353793144226074	0.07496647536754608	0.7864658236503601	0.5791090130805969	0.45219868421554565	0.5951182842254639	0.1805099993944168	0.42292553186416626	0.5569994449615479	0.32261303067207336	0.8353228569030762	0.12615329027175903	0.337588906288147	0.9490446448326111	1.0949759483337402	0.7443820834159851	0.5943151712417603	0.628049910068512	0.4246113896369934	1.0140440464019775	0.8093639612197876	0.9634503126144409	0.279165655374527	0.39925867319107056	0.004456799477338791	0.0076263584196567535	0.6473469138145447	0.27740684151649475	0.2647193670272827	0.5707927942276001	0.8951900005340576	0.3403026759624481	0.40804675221443176	0.16649720072746277	0.4599131941795349	1.1080607175827026	0.21344313025474548	0.7312995791435242	0.33127763867378235	0.6625270247459412	0.31037628650665283	0.6262492537498474	0.1293293535709381	0.3279987871646881	0.3551158010959625	0.5580648183822632	0.7985016703605652	0.24980275332927704	0.3879345655441284	0.626874566078186	0.7000484466552734	1.1549855470657349	0.41564202308654785	0.04371944069862366	0.9299468398094177	1.3416212797164917	0.45139965415000916	1.0629948377609253	1.0990580320358276	0.29408591985702515	0.2926144003868103	0.8136879801750183	0.4824056029319763	0.7634009718894958	0.224723219871521	0.5951932072639465	1.1623740196228027	0.4820322096347809	0.3097113072872162	0.4012904763221741	0.8307099938392639	1.0339033603668213	0.23423141241073608	0.9741582870483398	0.34145137667655945	1.0481623411178589	0.9136769771575928	0.6213176846504211	0.7896697521209717	0.6165234446525574	1.123294711112976	0.28124767541885376	0.3052908182144165	0.42334479093551636	0.5016200542449951	0.16518616676330566	0.3167703449726105	0.4763529896736145	0.3861442804336548	0.5052217245101929	0.4372250735759735	0.1401180773973465	0.2266986221075058	0.6274766325950623	0.43942195177078247	0.15252766013145447	0.9200074672698975	0.5363898873329163	0.5005252957344055	0.21677452325820923	0.18997278809547424	0.39174219965934753	0.902951180934906	0.6625110507011414	0.2808518409729004	0.3094182014465332	0.6023794412612915	0.4702431559562683	1.0740234851837158	1.4990943670272827	0.2526075541973114	0.7103593349456787	0.29006800055503845	0.2180950939655304	0.7072207927703857	0.881202757358551	0.22682741284370422	1.2094831466674805	0.31275510787963867	1.015559196472168	0.9721579551696777	0.8471559882164001	0.7352318167686462	0.8212469816207886	0.5353661775588989	0.18088167905807495	0.6141624450683594	0.8717837333679199	0.6003279685974121	0.6489546298980713	0.9446027874946594	0.5881277322769165	0.5084337592124939	0.5214653015136719	0.545143723487854	0.0	1.0674753189086914	0.8922117948532104	0.6492123007774353	0.22132879495620728	0.6747770309448242	0.6588057279586792	0.5544913411140442	0.9366880655288696	0.7025476098060608	0.33456555008888245	0.5729725956916809	1.3321473598480225	0.5354578495025635	0.3017394542694092	0.22327874600887299	0.04165998101234436	0.596706748008728	0.5812109708786011	1.142768144607544	0.3267616033554077	0.5333709120750427	0.18721315264701843	0.2079741358757019	0.40859454870224	1.3300879001617432	0.23203828930854797	0.14920112490653992	0.5919262170791626	0.3366963267326355	0.7351173162460327	0.26442983746528625	0.16730323433876038	0.4917345643043518	0.695975124835968	0.9262794256210327	0.10240425169467926	0.46436718106269836	0.17418403923511505	0.3842141926288605	0.24400727450847626	1.0421732664108276	0.4737415015697479	0.32074758410453796	0.557158887386322	1.074537754058838	0.501999020576477	0.6475159525871277	0.9984820485115051	0.5847541093826294	0.4028092920780182	0.6263881921768188	0.4926331341266632	1.2616019248962402	0.41559335589408875	0.1909254640340805	1.2078070640563965	0.4071508049964905	0.6327739357948303	0.25164422392845154	0.16565467417240143	0.3947155475616455	0.033549319952726364	1.1953696012496948	0.729103684425354	0.18530303239822388	0.019345339387655258	0.592119574546814	0.7293964624404907	1.3866759538650513	0.2904159426689148	0.3062205910682678	0.07398238778114319	0.37809833884239197	0.381259948015213	1.011838674545288	0.2566181719303131	0.4119970202445984	0.8655030727386475	0.34647583961486816	0.619983434677124	0.7975816130638123	0.7091823816299438	0.15751947462558746	0.11168944835662842	1.1975140571594238	0.22799083590507507	0.9705469608306885	1.1543173789978027	1.079935908317566	0.14844128489494324	0.30337461829185486	0.5257036685943604	0.3570234179496765	0.23242968320846558	0.46078357100486755	0.5672320127487183	0.9577264785766602	0.2688838839530945	0.4961732029914856	0.8360265493392944	0.48096269369125366	0.35967493057250977	0.8873882293701172	0.32211726903915405	1.069912314414978	0.5702750086784363	0.4991776645183563	0.4033876061439514	1.014866828918457	0.2689080834388733	0.05552180856466293	0.6769152879714966	0.819527268409729	0.44635021686553955	0.9795539975166321	0.6377671957015991	0.3254760503768921	0.33858248591423035	0.4349806308746338	0.12389549612998962	0.9942083358764648	0.9828209280967712	1.226710319519043	0.16345727443695068	0.5503796339035034	0.13737574219703674	0.767888069152832	0.23517544567584991	0.5783544182777405	0.48345327377319336	0.28643620014190674	0.5934863686561584	1.2496143579483032	0.17456020414829254	0.7358173131942749	0.4891546368598938	0.04085879400372505	0.7929282188415527	0.01794206164777279	0.14096590876579285	0.15960973501205444	1.3269941806793213	0.55669766664505	0.45293301343917847	0.2724766433238983	0.32801342010498047	1.3033297061920166	1.1505576372146606	0.1714147925376892	0.7459185123443604	0.43277955055236816	0.8685603141784668	0.13407191634178162	0.4871596097946167	0.5498714447021484	0.12136167287826538	0.9667460918426514	0.04521111398935318	0.7512828707695007	0.6740808486938477	0.20723995566368103	0.1929197907447815	0.30943796038627625	0.9057570695877075	0.12139558047056198	0.2990792989730835	0.5274597406387329	0.6683840155601501	0.4085540771484375	0.6708681583404541	0.8570164442062378	0.15952391922473907	0.24985043704509735	0.4859793484210968	0.8738361597061157	0.4645995497703552	0.4489477872848511	0.7617919445037842	0.49933087825775146	1.1744740009307861	0.5324623584747314	0.6117112636566162	0.16711834073066711	0.5353930592536926	0.8856008648872375	0.3211508095264435	0.7018523216247559	0.2694234251976013	0.6721482872962952	0.49908483028411865	0.6027102470397949	0.3803260624408722	0.38239017128944397	0.8747973442077637	0.5752283930778503	0.04647722467780113	1.1213489770889282	0.40285736322402954	0.15277943015098572	0.2335641235113144	0.5634533166885376	0.1626625955104828	0.5108197331428528	0.43448472023010254	0.31402963399887085	0.29387569427490234	0.1857256442308426	0.4196171462535858	0.25130462646484375	0.5667354464530945	1.013754963874817	0.0	0.714234471321106	0.004328425042331219	0.6667879819869995	0.5345553159713745	0.6285624504089355	0.9484522938728333	0.4621192514896393	0.18096494674682617	1.0620783567428589	0.45701396465301514	0.7479178309440613	0.867615818977356	1.0309512615203857	0.6722903847694397	0.4591628909111023	0.3067382276058197	0.48337897658348083	0.011802639812231064	0.7267667651176453	0.24475181102752686	0.521573543548584	0.33193570375442505	0.4111776053905487	0.639548659324646	0.15572349727153778	0.3668249845504761	0.7221316695213318	0.6498515605926514	0.5578070282936096	1.3836772441864014	1.2393505573272705	0.5468457341194153	0.8781828284263611	1.064940094947815	0.47306573390960693	0.46834447979927063	0.6737720370292664	0.3965684473514557	0.1591242402791977	0.47168222069740295	0.8951888084411621	0.10876791179180145	0.19593359529972076	0.15898069739341736	0.3484821915626526	0.15675008296966553	0.12014004588127136	0.2413245439529419	0.5780153870582581	0.34780648350715637	0.0777590274810791	0.6851558089256287	0.4373473823070526	0.6565190553665161	0.04690632224082947	0.5807355046272278	0.35726267099380493	0.4022684097290039	0.2835778594017029	0.5993981957435608	0.5295305252075195	0.33111533522605896	0.9058954119682312	0.021613165736198425	1.523673415184021	0.46449002623558044	0.7938393950462341	0.29243066906929016	0.10566740483045578	0.453337162733078	0.3752838969230652	0.8787856101989746	0.8897275924682617	0.4877934455871582	0.12972533702850342	0.6220332980155945	0.022704875096678734	0.3905735909938812	0.6403844356536865	0.344504177570343	0.7130594849586487	0.1610843986272812	0.5636329054832458	0.6120246052742004	1.2206772565841675	0.252178817987442	0.29695409536361694	0.1501902937889099	0.0	1.0448976755142212	0.4512459635734558	0.5447521209716797	0.027680229395627975	0.6185736656188965	0.8125739693641663	0.35254982113838196	0.7191922068595886	0.34937620162963867	0.6848897933959961	0.6959153413772583	0.8772817850112915	0.2731243968009949	0.6881192326545715	0.12202080339193344	1.4184644222259521	1.0567353963851929	0.332646906375885	0.13715502619743347	0.4975244104862213	0.3864942789077759	0.2854929566383362	0.37862682342529297	0.0	0.5737252235412598	0.20979976654052734	0.6950165629386902	0.5111441612243652	0.4365159273147583	0.2585168182849884	0.6474450826644897	0.2601684629917145	0.16612040996551514	0.7438859939575195	0.6240803003311157	0.6033411622047424	0.6205562949180603	0.4393526613712311	0.18798615038394928	0.25962188839912415	1.4762511253356934	0.14224885404109955	0.5975286364555359	1.0997198820114136	1.1877403259277344	0.6737480163574219	0.3592315912246704	0.0889158695936203	0.35648202896118164	0.1914510279893875	0.32377466559410095	0.013291625306010246	0.17084209620952606	0.7895645499229431	1.319952130317688	0.629439115524292	0.1461986005306244	0.4939284026622772	0.7951455116271973	0.336773157119751	0.4589674472808838	0.16125410795211792	0.35702112317085266	0.6470105648040771	0.265326589345932	0.8765561580657959	1.017175555229187	0.5436514616012573	0.683613657951355	0.6148938536643982	0.5457040071487427	0.014004125259816647	0.40407973527908325	0.7391820549964905	0.7557770609855652	0.733864426612854	0.8560588359832764	0.13156647980213165	1.0367180109024048	0.0752367153763771	0.5679219365119934	0.4944063127040863	1.0975151062011719	0.8951939940452576	0.1535080522298813	0.8766542673110962	0.3681900203227997	0.987779438495636	0.3416177034378052	0.6463494300842285	0.6604858040809631	0.5145469307899475	0.12329013645648956	1.1968684196472168	0.4084755480289459	0.2524988651275635	0.44653332233428955	0.6696376204490662	0.9183261394500732	0.1261826455593109	0.4673804044723511	0.2784963846206665	0.2523878514766693	0.632484495639801	0.5261590480804443	0.6097607612609863	0.50136399269104	0.3028448522090912	0.8452883958816528	0.5458027720451355	0.8097578287124634	0.11425307393074036	0.9161220192909241	0.6144230365753174	0.31966421008110046	0.5214529633522034	0.4717470109462738	0.6566158533096313	1.067081093788147	0.2802155613899231	0.7693639993667603	0.4508775770664215	0.6094339489936829	0.44117656350135803	1.006614089012146	0.5489881038665771	0.38218429684638977	0.9367369413375854	0.4935881793498993	0.0018544718623161316	0.44330212473869324	0.39360684156417847	0.02181660756468773	0.43128666281700134	0.43973052501678467	0.34226566553115845	1.0882365703582764	0.06669257581233978	0.33344364166259766	0.34530460834503174	0.13395987451076508	0.07359842211008072	0.6747111082077026	0.6230515837669373	0.4561416208744049	0.5806851983070374	0.7549899816513062	0.14095397293567657	0.30176734924316406	0.8143457770347595	0.2923508882522583	0.10922499001026154	0.5626451969146729	0.5273756384849548	0.8380231857299805	0.6546250581741333	0.968315839767456	0.5438548922538757	0.25353047251701355	0.6566749215126038	0.2457524985074997	0.21505533158779144	0.627433717250824	0.4185703992843628	0.5947213172912598	0.4640810489654541	0.2585870027542114	0.39952561259269714	0.3164781928062439	0.5525138974189758	0.23781085014343262	0.2319515198469162	0.885009765625	0.2072574496269226	0.3021697998046875	0.9390691518783569	0.3071288764476776	0.3111906945705414	0.5544443130493164	0.5387948751449585	0.20801149308681488	1.423050880432129	0.4193629026412964	0.9040231108665466	0.6733266711235046	0.44859960675239563	0.9090834856033325	0.49473837018013	0.26705098152160645	0.718424916267395	0.7978061437606812	0.3881664276123047	0.38302063941955566	0.49409300088882446	0.4078754782676697	0.7068582773208618	0.09650394320487976	0.28394290804862976	0.4966273605823517	0.22968319058418274	0.9631239771842957	0.40957319736480713	1.094675064086914	0.6801673769950867	0.41098278760910034	0.24286743998527527	0.3240235149860382	1.1421066522598267	0.5399676561355591	0.5457013249397278	0.33272597193717957	1.1386001110076904	0.23106135427951813	1.3225349187850952	0.8363456726074219	0.34715166687965393	1.138260841369629	0.1751205176115036	1.129597783088684	0.09832848608493805	0.9153800010681152	1.246863603591919	0.28001669049263	0.317922979593277	0.511698842048645	0.6598343253135681	0.2807321548461914	1.2820755243301392	0.5326763987541199	0.4940439462661743	0.4412795901298523	0.6740867495536804	0.23852379620075226	0.3275255560874939	0.8175829648971558	0.32588329911231995	0.32361719012260437	0.4291313588619232	0.3402843475341797	0.6156562566757202	0.3630640506744385	0.31016838550567627	0.38389092683792114	0.21662789583206177	0.5061362981796265	0.8334115743637085	0.25115370750427246	0.9362842440605164	0.27421075105667114	0.28286129236221313	0.1473759114742279	0.363075315952301	0.9368325471878052	1.0029455423355103	0.8790266513824463	0.2065638303756714	0.38247084617614746	0.45148298144340515	0.05972197279334068	0.3215928077697754	0.7890012264251709	1.0862648487091064	0.5424884557723999	0.3169020712375641	0.5882659554481506	0.5166410803794861	0.42887505888938904	0.12118574976921082	1.2212858200073242	0.41278037428855896	0.3701377809047699	0.5339005589485168	1.1208207607269287	0.24394959211349487	0.2565514147281647	0.5671137571334839	1.1298693418502808	0.02373283915221691	0.34123215079307556	0.16037726402282715	0.6706782579421997	0.15260133147239685	0.10304922610521317	0.2718772292137146	0.5166012644767761	0.3824808597564697	0.03776221722364426	0.23588009178638458	0.4936867356300354	0.3984549045562744	0.5749450325965881	0.07784262299537659	1.0316112041473389	0.1743098944425583	0.3568139672279358	1.1042864322662354	0.5321633219718933	0.31563493609428406	0.45706528425216675	0.9666067361831665	0.19222640991210938	0.6851535439491272	0.11995511502027512	0.23118340969085693	0.8203819394111633	0.11606800556182861	0.6815221309661865	0.3502696752548218	0.5518918633460999	0.5586045980453491	0.9402016997337341	0.9507285952568054	0.7946571111679077	0.6175919771194458	0.05100562423467636	0.392294704914093	0.03852828964591026	0.10616526007652283	0.5550042390823364	1.7938437461853027	0.30353713035583496	0.10158510506153107	0.3940750062465668	0.185563325881958	0.19451706111431122	0.3558450937271118	0.20308226346969604	0.34598308801651	0.42231959104537964	0.3955582082271576	0.550381064414978	0.27337589859962463	0.9526341557502747	0.4327049255371094	0.07034812867641449	0.08312603831291199	0.7032045125961304	0.6648761034011841	0.7599684596061707	0.09906362742185593	0.5075762867927551	1.1513265371322632	0.1437205970287323	1.1933947801589966	1.2744202613830566	0.11260619759559631	0.14803919196128845	0.1567007452249527	1.056998372077942	0.5431899428367615	1.1404821872711182	0.3345957100391388	0.4692074656486511	0.6095186471939087	1.1190062761306763	0.22206330299377441	0.37585005164146423	0.3489121198654175	0.5436559915542603	0.5241443514823914	0.4476419687271118	0.2529227137565613	0.16716496646404266	0.5350021123886108	0.4599766433238983	0.11212950944900513	1.0557160377502441	0.2068558931350708	0.38962000608444214	0.405753493309021	0.09837320446968079	1.0982463359832764	0.29693061113357544	0.5298073887825012	0.48323968052864075	0.30132749676704407	0.194480761885643	0.5900171399116516	0.6596469283103943	0.39062392711639404	0.6661463975906372	0.4437507390975952	0.0	0.41760051250457764	0.39019468426704407	0.13761287927627563	1.1989645957946777	0.4879050552845001	0.509613037109375	0.4920271039009094	0.3084767758846283	0.3003191649913788	0.33999937772750854	0.8026500344276428	0.2995350658893585	0.6329053640365601	0.4521832764148712	0.5356264114379883	0.6760112643241882	1.2397608757019043	1.1772185564041138	0.07473994791507721	0.5157479047775269	0.7700247168540955	0.5949565768241882	0.4983300268650055	0.7527399659156799	0.33518505096435547	0.7109527587890625	0.6878241896629333	0.7165159583091736	0.05867272615432739	0.7332955598831177	0.17382517457008362	0.6794463396072388	0.5437793731689453	0.354835569858551	0.2793361246585846	0.3655460476875305	0.17092198133468628	0.1456073820590973	0.4245440363883972	0.28625863790512085	0.34304797649383545	0.13040056824684143	1.2801512479782104	1.7911713123321533	0.4329346716403961	0.4587048590183258	0.06013582646846771	0.41164669394493103	0.023224100470542908	0.8192091584205627	0.4804952144622803	0.48054641485214233	0.45364972949028015	0.933790922164917	1.284447193145752	0.46734490990638733	0.2904593348503113	0.7825136184692383	0.5346601009368896	0.2518782317638397	0.40901076793670654	0.5302116274833679	0.4714066684246063	0.0	0.8719930052757263	1.2142877578735352	0.6578749418258667	0.5308125615119934	0.03824958577752113	0.50447678565979	1.4034664630889893	0.5874036550521851	0.7308847308158875	0.6044251322746277	0.29625922441482544	0.337520956993103	1.5092549324035645	0.8581063747406006	0.8274813294410706	0.5118878483772278	0.4080308973789215	0.6510405540466309	0.8390127420425415	0.4795534312725067	0.2502121031284332	0.05810602754354477	0.34855327010154724	0.8772042989730835	0.45222562551498413	0.2332087606191635	1.5281727313995361	0.22325929999351501	0.8022544980049133	0.6646971106529236	0.4462603032588959	0.31743383407592773	0.3010716438293457	0.554872989654541	1.0099834203720093	0.16434574127197266	0.35847145318984985	0.7292870283126831	0.37110695242881775	0.8300053477287292	0.5670747756958008	0.45637476444244385	0.00931115634739399	0.35446181893348694	0.9499185681343079	0.5041218996047974	0.7063336372375488	0.7872519493103027	0.6593917012214661	0.2219158411026001	0.8562890291213989	0.48058244585990906	0.22017809748649597	0.49839240312576294	0.09145805239677429	0.3600204586982727	0.4166436493396759	0.09272489696741104	0.1953594833612442	0.8727952241897583	0.004293845966458321	0.10467011481523514	0.6940773129463196	0.5642058849334717	0.4753152132034302	0.04222946614027023	0.8863128423690796	0.07383573055267334	1.044030785560608	0.8449285626411438	0.9650599360466003	0.3587488532066345	1.2325717210769653	0.9105451703071594	0.10281899571418762	0.6364899277687073	0.5166490077972412	0.44956347346305847	0.7767488360404968	0.052797459065914154	0.3388820290565491	0.15078529715538025	1.0808830261230469	0.2821611762046814	0.05944398045539856	0.4878251850605011	0.477527916431427	1.3753435611724854	0.9218400120735168	0.5849606394767761	0.806922972202301	0.48128741979599	0.18968307971954346	0.21929597854614258	0.9299098253250122	0.8949304223060608	0.4134015142917633	1.4758577346801758	0.35699501633644104	0.1410590559244156	0.4699117839336395	0.3627491891384125	0.6748109459877014	0.9585052132606506	0.33362942934036255	0.05415003001689911	0.9517412185668945	0.6943716406822205	0.23846368491649628	0.5977040529251099	1.1827197074890137	0.7455683350563049	0.14519727230072021	0.7856394052505493	1.407300591468811	0.15206797420978546	0.7091696262359619	0.42724505066871643	0.2634035050868988	0.42328283190727234	0.15128208696842194	0.5340556502342224	0.70444655418396	0.4287380576133728	0.12905442714691162	0.02695855125784874	0.43332797288894653	0.5715422034263611	0.30018943548202515	0.6987708210945129	0.13756921887397766	1.3199403285980225	0.6291480660438538	0.03587530180811882	0.827849805355072	0.45921072363853455	0.009749636054039001	0.5999455451965332	0.04130107909440994	0.371066153049469	0.377464234828949	0.17857973277568817	0.8948142528533936	0.5723349452018738	0.5147388577461243	0.549229085445404	0.9947977662086487	0.2344677448272705	0.8572357892990112	0.4045427441596985	0.212561696767807	0.1026543527841568	0.972476065158844	0.21758238971233368	0.12819676101207733	0.05071490630507469	0.9406509399414062	0.43589016795158386	0.2132313996553421	0.13418328762054443	0.8415288925170898	0.7223517894744873	0.2952035069465637	0.2022862285375595	0.7323613166809082	0.9451671242713928	0.24262405931949615	0.12556132674217224	0.3847523033618927	0.49768224358558655	0.6053693890571594	0.725477933883667	0.34913569688796997	0.3475349545478821	0.22000280022621155	0.3755219280719757	0.8631709218025208	0.5597904920578003	0.421775221824646	0.41775232553482056	0.8298601508140564	1.266014814376831	0.5320621132850647	0.24024856090545654	0.5027086734771729	0.5786524415016174	0.42342495918273926	0.7564123272895813	0.20018792152404785	0.6259029507637024	1.08634352684021	0.10173193365335464	0.4910041391849518	0.6126409769058228	0.22600649297237396	0.6355382800102234	0.22879843413829803
0.02353847771883011	0.4832862317562103	0.4932287633419037	0.9301646947860718	0.7945783734321594	0.20935119688510895	0.17084339261054993	0.37932366132736206	0.5062301754951477	0.24673663079738617	0.10209708660840988	0.45887017250061035	1.0813087224960327	0.3482103645801544	0.4817923307418823	0.26487332582473755	0.8305280208587646	0.41614195704460144	0.4184303283691406	0.3316209316253662	0.9157814979553223	0.337149977684021	0.6600719094276428	0.24096336960792542	0.2682158946990967	0.36218610405921936	1.075226902961731	1.2198160886764526	0.8537038564682007	0.49933794140815735	0.3692835867404938	0.44318434596061707	0.5809157490730286	0.6321432590484619	0.27967774868011475	0.23154106736183167	0.32985419034957886	0.6495190262794495	0.5168985724449158	0.8475785255432129	0.37846362590789795	0.06127408146858215	0.34812667965888977	0.4561438262462616	0.11530669778585434	0.7891704440116882	0.25511661171913147	0.6168526411056519	0.49932754039764404	0.44488897919654846	0.6239506602287292	0.4572489559650421	0.8620807528495789	0.5122401714324951	0.17584574222564697	0.23594523966312408	0.10499880462884903	0.30370140075683594	0.5294711589813232	1.184327483177185	0.4287874102592468	0.32670721411705017	0.817357063293457	0.8622241616249084	0.16962942481040955	0.4084327220916748	0.6331700086593628	0.5725473761558533	0.5446227192878723	0.5101960897445679	0.2479097545146942	0.30421558022499084	0.19877105951309204	0.33837801218032837	0.43078070878982544	0.6943871378898621	0.21702955663204193	0.6333480477333069	0.3222125172615051	0.737782895565033	0.5123894810676575	0.4731874465942383	0.3591308891773224	0.257325142621994	0.25307726860046387	0.2596598267555237	0.5388118624687195	0.49303048849105835	0.49002698063850403	0.22706639766693115	0.7045179009437561	0.28751078248023987	0.16778406500816345	0.16915275156497955	0.37258923053741455	1.023965835571289	0.9502758383750916	0.47518450021743774	0.9044845700263977	0.012843186967074871	0.9735921621322632	1.2614612579345703	0.3375547528266907	1.2251169681549072	0.6839203834533691	1.059346079826355	0.4363027513027191	0.8612282276153564	0.23165592551231384	0.394724041223526	0.5095223188400269	0.5717687010765076	0.8963134288787842	0.3362694978713989	0.7434765100479126	0.5890313982963562	0.3082239329814911	0.6000211834907532	1.2878472805023193	0.5462576746940613	0.9143855571746826	0.38278040289878845	0.20666192471981049	0.8412148356437683	0.5085092186927795	0.8889217376708984	0.23944371938705444	0.47131413221359253	0.6295233368873596	0.8828585147857666	0.4307628870010376	0.7971365451812744	0.3793184459209442	0.2648167908191681	0.26920515298843384	0.6792199611663818	0.47341299057006836	0.5292404890060425	0.1313808113336563	0.4265649914741516	0.333648145198822	0.2737078070640564	0.3847102224826813	0.41413381695747375	0.5899653434753418	0.6186685562133789	0.35860416293144226	0.4091982841491699	0.8431036472320557	0.32068270444869995	0.13676361739635468	0.432071715593338	0.5454477071762085	0.07866734266281128	0.19575153291225433	0.3283205032348633	0.5360920429229736	1.3382630348205566	0.15732243657112122	0.6677412390708923	0.28792425990104675	0.7014579176902771	0.2585919499397278	0.48333415389060974	0.23207828402519226	0.49819448590278625	0.8411076068878174	0.2541141211986542	0.33025458455085754	1.2525824308395386	0.1313883364200592	0.3998543620109558	0.8535273671150208	0.21946626901626587	0.3915751278400421	0.22076694667339325	0.3630709648132324	0.8266317248344421	0.6256332397460938	0.14550861716270447	0.25600653886795044	0.8799018859863281	0.2067095935344696	0.21458861231803894	0.5930946469306946	0.8242365121841431	0.5727506279945374	0.165485680103302	0.016236644238233566	0.980916440486908	0.3713397681713104	0.19614213705062866	0.42255938053131104	0.6028572916984558	0.41323697566986084	0.39209452271461487	0.3830850124359131	0.25279462337493896	0.5409083366394043	0.4016609489917755	0.46840864419937134	1.0739558935165405	0.3236705958843231	0.08152323961257935	0.4683353006839752	0.9064663648605347	0.2809790372848511	0.3600265681743622	0.9659167528152466	0.5071182250976562	1.1180434226989746	0.5162454843521118	0.11899297684431076	0.330234169960022	0.4037362337112427	0.43223947286605835	0.5249816179275513	0.7395715117454529	0.36480653285980225	0.40870004892349243	0.20958790183067322	0.21309345960617065	0.16097643971443176	0.38438451290130615	0.639264702796936	0.7784935235977173	0.2917904853820801	0.6213258504867554	0.5009135603904724	0.6482293605804443	0.44474756717681885	0.6419098973274231	0.4839869737625122	1.6062984466552734	0.8026511073112488	0.5272299647331238	0.45302316546440125	0.3001003563404083	0.3033072054386139	0.18822933733463287	0.3947572112083435	0.6675918102264404	0.5162889361381531	0.22256748378276825	0.3036343455314636	0.667400598526001	0.35933318734169006	0.4952039122581482	0.4508346915245056	0.1462652087211609	0.1406467854976654	0.42162227630615234	0.45172250270843506	0.7992647290229797	0.18010100722312927	0.4418823719024658	0.8002030849456787	0.1150224506855011	0.415017306804657	0.41166815161705017	0.6356534361839294	0.2821734845638275	0.4144897162914276	0.17419780790805817	0.10571758449077606	0.318825900554657	0.599414587020874	0.19748789072036743	0.4545019567012787	0.2711254060268402	0.42067229747772217	0.45660296082496643	0.0920729786157608	0.9127581119537354	0.3419158160686493	0.26780998706817627	0.6132520437240601	0.21536189317703247	0.7793222069740295	0.8671678304672241	0.46731510758399963	0.18963031470775604	0.4392924904823303	0.26981204748153687	0.5494930744171143	1.1678061485290527	0.316516637802124	0.6442899703979492	0.4910922050476074	0.4318007230758667	0.4233507812023163	0.5122250318527222	0.5876009464263916	0.7327233552932739	0.22265100479125977	0.024757806211709976	0.5832911729812622	0.3631267845630646	0.718718409538269	0.20344746112823486	0.24770642817020416	0.1980055868625641	1.4822081327438354	0.5411989092826843	0.6913049221038818	0.1925431191921234	0.4714500308036804	0.6117216944694519	0.3663860857486725	0.9719296097755432	1.4735794067382812	0.6253408193588257	0.6045315861701965	0.3123825490474701	0.39431193470954895	0.4567957818508148	0.39666998386383057	0.7516008615493774	0.39984607696533203	0.3288392126560211	0.46177685260772705	0.45726826786994934	0.61478191614151	0.4004623591899872	1.0447437763214111	0.3613840937614441	0.3121994137763977	0.8100947737693787	0.21122290194034576	0.6701896786689758	0.6633834838867188	0.45921117067337036	0.2931186556816101	0.7359713315963745	1.1187366247177124	0.48891758918762207	1.0810178518295288	0.05627438426017761	0.48570311069488525	0.32868286967277527	0.1458398699760437	0.5141208171844482	0.23325932025909424	0.6518970727920532	0.24791982769966125	0.5774399042129517	0.3146686553955078	0.4306667149066925	0.982611894607544	0.1447722464799881	0.8384930491447449	0.3239365816116333	0.17875966429710388	0.6727727055549622	0.06655192375183105	0.24439223110675812	0.4053225517272949	0.4375346601009369	0.2173507809638977	0.35367751121520996	0.9840012192726135	0.4517507255077362	0.3759896755218506	0.4309536814689636	0.336642861366272	1.010949969291687	0.6052216291427612	0.08224533498287201	0.4938192665576935	0.2653900384902954	0.4350653290748596	0.7041481137275696	0.34129995107650757	0.9520825147628784	0.39676153659820557	0.6679717302322388	0.43553221225738525	0.45511555671691895	0.23977279663085938	0.36231327056884766	0.4664248526096344	0.6248049139976501	0.3502981662750244	0.5017093420028687	0.5453940033912659	0.5221922397613525	0.5261563062667847	0.2424594610929489	0.48799949884414673	0.2721383273601532	0.5749266147613525	0.5254301428794861	0.7258210778236389	0.17717590928077698	0.6677439212799072	0.5935072898864746	0.682069718837738	0.3707404136657715	0.5849053859710693	0.18240468204021454	0.3178735673427582	0.3487641513347626	0.5238798260688782	0.47230997681617737	0.8159387707710266	0.3139486610889435	0.3648947775363922	0.368393212556839	0.3925483226776123	0.2661658525466919	0.8810238838195801	0.04416364058852196	0.7243857383728027	0.5339893698692322	0.6857279539108276	0.9845067858695984	0.1494833528995514	0.9868987798690796	0.7105783820152283	0.8691565990447998	0.3924044668674469	0.3721472918987274	1.0968432426452637	0.3528015613555908	0.6683181524276733	0.3987653851509094	0.5509533286094666	0.32730424404144287	0.2843628227710724	0.5608131885528564	0.33189481496810913	0.9840269088745117	0.5939568877220154	0.7437211275100708	0.5303561687469482	0.14141187071800232	0.3259889483451843	0.484539657831192	0.5505954027175903	0.14645865559577942	0.769264817237854	0.552397608757019	0.6387341022491455	0.9195277094841003	0.43543630838394165	0.5450953245162964	0.9338276386260986	0.7556164860725403	0.34482577443122864	0.3999101221561432	0.8538695573806763	0.16946732997894287	0.29176050424575806	0.8658397197723389	0.12654542922973633	0.3654296398162842	0.3083840310573578	0.44444987177848816	0.3992273211479187	0.23541359603405	0.681707501411438	0.25827762484550476	0.2411709576845169	0.39745742082595825	0.26710212230682373	0.6551465392112732	0.20213600993156433	0.6093961000442505	0.09960240125656128	0.37208428978919983	0.28775283694267273	0.40856483578681946	0.2610729932785034	0.30199843645095825	0.926664412021637	0.4722079336643219	0.26306799054145813	0.5220646262168884	0.8691219091415405	0.45120781660079956	0.8170540928840637	0.245515376329422	0.6335368156433105	0.6420638561248779	0.23604372143745422	0.7457960844039917	0.3623770475387573	1.3850739002227783	0.23532697558403015	0.18332809209823608	0.43021178245544434	0.5630384683609009	0.940973699092865	0.28072595596313477	0.5284845232963562	0.6614207625389099	0.4198926091194153	0.6304417848587036	0.29742079973220825	0.43406757712364197	0.44636502861976624	0.3938281536102295	0.20338527858257294	0.6136201620101929	0.0	1.134877324104309	0.6305753588676453	0.844907820224762	0.18617382645606995	0.2583719491958618	0.45904943346977234	0.6965389847755432	0.5479598045349121	0.7631505727767944	0.4569476544857025	0.4273393154144287	0.3298649787902832	0.2868346869945526	0.25229182839393616	0.6286476254463196	0.43096446990966797	0.45844927430152893	0.3418460190296173	0.7255908846855164	0.27706870436668396	0.3516820967197418	1.2824108600616455	0.217972069978714	1.607426643371582	0.528218150138855	1.2004166841506958	0.5624196529388428	0.36364245414733887	0.9528073072433472	0.5091397762298584	0.38294634222984314	0.11527498066425323	0.7661384344100952	0.3709660470485687	0.24668844044208527	0.7690953016281128	0.5122925639152527	0.4486435055732727	0.2493610829114914	0.2773404121398926	0.2663863003253937	0.291546493768692	0.3340073525905609	1.01424241065979	0.882124662399292	1.1916325092315674	0.401192843914032	0.518287718296051	0.2735229432582855	0.12968707084655762	0.34556204080581665	0.8721931576728821	0.5213358402252197	0.2400444746017456	0.7965879440307617	0.11439584940671921	0.6581063866615295	0.3318841755390167	0.6830843091011047	0.8614630103111267	0.19807420670986176	0.017722371965646744	0.1713954657316208	0.4587761163711548	1.0578118562698364	0.6182491779327393	0.6934694051742554	0.8588149547576904	0.23253948986530304	0.43399688601493835	0.25017091631889343	0.3761518895626068	0.19025616347789764	0.4866480231285095	0.298824280500412	0.12203393876552582	0.43224626779556274	0.19364848732948303	0.6427268385887146	0.3070058226585388	0.3612082600593567	0.28165146708488464	1.0054664611816406	0.553452730178833	0.8635351657867432	0.7135334610939026	0.5465704202651978	0.6090765595436096	0.4814765453338623	0.33406227827072144	0.21320423483848572	0.3689468502998352	0.12766556441783905	0.4480331540107727	0.368513286113739	0.24277399480342865	0.3148638606071472	0.3948422372341156	0.9220082759857178	0.4985376298427582	0.17136991024017334	0.3723168671131134	0.3016447126865387	0.5308077931404114	0.19990314543247223	0.1362217664718628	0.5240955352783203	0.31781724095344543	0.7154743075370789	0.5375761985778809	0.9261597394943237	0.09186295419931412	0.5001158714294434	0.15266378223896027	0.6697158813476562	0.19186584651470184	0.6886077523231506	0.3936782479286194	0.5567583441734314	0.24880218505859375	0.0778970792889595	1.1754353046417236	0.2565111517906189	0.2684350907802582	0.844986617565155	0.6733810305595398	0.23870839178562164	0.15104760229587555	0.3192634880542755	0.1659175157546997	0.06456387042999268	0.6391522884368896	0.9170611500740051	0.21772868931293488	0.16157226264476776	0.2970268428325653	0.5529704093933105	0.1573767513036728	0.7710901498794556	0.659624457359314	0.6067188382148743	0.319903701543808	0.08697601407766342	0.7586508989334106	0.549748957157135	0.33288824558258057	0.4415539801120758	0.30723831057548523	0.3932858109474182	0.2545562982559204	0.15425458550453186	0.4310525059700012	0.40235430002212524	0.5487494468688965	0.21681179106235504	0.4600224196910858	0.19875289499759674	0.44225165247917175	0.37045714259147644	0.6304694414138794	0.9728413224220276	0.48950883746147156	0.34394556283950806	1.0193015336990356	0.3315221667289734	0.35412102937698364	0.38523197174072266	0.317789226770401	0.686467707157135	0.3433636724948883	1.1028432846069336	0.4847755432128906	0.33275866508483887	0.7729308009147644	0.19286660850048065	0.18989728391170502	0.3257514536380768	0.43951255083084106	0.5656144618988037	0.5517774224281311	0.36082643270492554	0.48560523986816406	0.679167628288269	0.4242137372493744	0.27349522709846497	1.4052485227584839	0.6380561590194702	0.0	0.43604186177253723	0.17175298929214478	0.46369779109954834	0.6045891046524048	0.17390133440494537	0.39261141419410706	0.29443037509918213	0.6265608668327332	0.7448662519454956	0.5721825361251831	0.13360494375228882	0.095485620200634	0.4668589234352112	0.893101692199707	0.882408857345581	0.5072377324104309	0.874274730682373	0.9090595841407776	1.2492667436599731	0.15295135974884033	0.3009302318096161	0.38521701097488403	0.48143163323402405	0.3872438967227936	0.624004602432251	0.9649136662483215	0.9843292236328125	0.7455407381057739	0.24216458201408386	0.4234984219074249	0.6317687034606934	0.5184135437011719	0.57628333568573	0.8817752003669739	0.714948832988739	0.6521758437156677	0.5339730978012085	0.1431197226047516	0.25584039092063904	0.4773883521556854	0.182748943567276	0.6222133636474609	0.6375259757041931	0.24746137857437134	0.9922523498535156	0.6725444793701172	0.2206581085920334	0.7809584140777588	0.5462828874588013	0.532746434211731	0.573194146156311	0.6079405546188354	0.6357845067977905	0.7291837930679321	0.5009381175041199	0.5507456064224243	0.23226270079612732	0.5103036761283875	0.24719016253948212	0.5101993083953857	0.1459001749753952	0.21674339473247528	0.4061295986175537	0.6643498539924622	0.5363966226577759	0.43757009506225586	0.6614865064620972	0.29043808579444885	0.9305393695831299	0.10541245341300964	0.3567337393760681	0.330742746591568	0.2081613391637802	0.3197506368160248	0.6519351601600647	0.3016431927680969	0.44574329257011414	0.25589945912361145	0.12206752598285675	0.35322341322898865	0.4638948440551758	0.48964163661003113	0.1130998283624649	0.6118706464767456	0.26303184032440186	0.14020760357379913	0.24722853302955627	0.19754187762737274	0.6186187267303467	0.49078938364982605	0.2581440210342407	0.19024011492729187	0.6802574992179871	0.39788323640823364	0.5712421536445618	0.411179780960083	0.5483214259147644	0.4423374533653259	0.43139055371284485	0.763727068901062	0.41227734088897705	0.7406787276268005	0.3945162296295166	0.7016161680221558	0.5025948286056519	0.16782133281230927	1.363440752029419	0.9783411026000977	0.33277377486228943	0.6850707530975342	0.750609815120697	0.26054951548576355	0.18545083701610565	0.8323699831962585	0.5389096736907959	0.6387734413146973	0.42886894941329956	0.4645721912384033	0.6965579390525818	0.73734050989151	0.3535517156124115	0.11851631850004196	0.5215379595756531	0.09685154259204865	0.6989505887031555	0.06467946618795395	0.11010267585515976	0.7437148690223694	0.6023541688919067	0.47843965888023376	0.8098926544189453	0.18043456971645355	0.650800347328186	0.19362866878509521	0.2441328763961792	1.4114545583724976	0.2344089150428772	0.39610394835472107	0.7064517140388489	0.4786667227745056	1.085582971572876	0.4783075749874115	0.5103179812431335	0.34230494499206543	0.3305475413799286	0.5890807509422302	0.1684267520904541	0.5312122106552124	0.29939067363739014	0.8629148006439209	0.3838996887207031	1.3284481763839722	0.805800199508667	0.25790131092071533	0.14980176091194153	0.28621166944503784	0.48762136697769165	0.38115957379341125	0.41603532433509827	0.4463720917701721	0.5308211445808411	0.3990249037742615	0.476296067237854	0.3851762115955353	0.5552691221237183	0.44942137598991394	0.31288379430770874	0.46771037578582764	0.15015222132205963	0.19951798021793365	0.4352908730506897	0.35313236713409424	0.49078160524368286	0.4555424451828003	0.18628349900245667	0.6433468461036682	0.7870420217514038	0.4193112850189209	0.29423320293426514	0.2150467485189438	1.0299885272979736	0.7878421545028687	0.4582672417163849	0.3830469846725464	0.4735587537288666	0.3698155879974365	0.46807220578193665	0.20213860273361206	0.3171943426132202	0.16133026778697968	0.3197399973869324	0.20161724090576172	0.17482836544513702	0.32441404461860657	0.581646203994751	1.1393481492996216	0.6660807728767395	0.2709229290485382	0.3013152480125427	0.39755669236183167	0.5502671599388123	1.445603847503662	0.5456140637397766	0.19771556556224823	0.3185965418815613	1.0173008441925049	0.6549023985862732	0.32317593693733215	0.4512369632720947	0.46965354681015015	0.1936728060245514	0.2991955280303955	1.0282642841339111	0.5189473032951355	0.27876535058021545	0.1812630295753479	0.18442703783512115	0.5791028141975403	0.5839313864707947	0.35549598932266235	0.3383023142814636	0.5552279353141785	0.522730827331543	0.4353228807449341	0.12608808279037476	0.09940892457962036	1.1326301097869873	0.4136193096637726	0.5145055055618286	0.22630129754543304	0.7061958312988281	0.06726432591676712	0.596302330493927	0.44810858368873596	1.2672713994979858	0.31783437728881836	0.5169132351875305	0.4648769199848175	0.44923949241638184	0.38976970314979553	0.4027920961380005	0.16747760772705078	0.3558385372161865	0.21007941663265228	0.2969803512096405	0.2813451588153839	0.5152403116226196	0.6857906579971313	0.255435973405838	0.4123290181159973	0.26026231050491333	0.5801524519920349	0.4397028982639313	0.33572420477867126	0.8792041540145874	0.5826413631439209	0.5244811177253723	0.676061749458313	0.7174040079116821	0.7103203535079956	0.925812304019928	0.2434285432100296	0.23134677112102509	1.3076051473617554	0.18767410516738892	0.3176810145378113	0.9393417835235596	0.2548719048500061	0.40475693345069885	0.3650487959384918	0.18099118769168854	0.25633010268211365	0.5033043622970581	0.43070465326309204	0.462616890668869	0.5618532299995422	0.5365198850631714	0.11340758949518204	0.2876638174057007	0.48620688915252686	0.36468714475631714	0.785170316696167	0.2815556228160858	0.461272269487381	0.3450317680835724	0.7648322582244873	0.3032917380332947	0.639091968536377	0.4110715091228485	0.6057689785957336	0.23189780116081238	0.30867332220077515	0.44981515407562256	0.2291182428598404	0.12381942570209503	0.952420711517334	0.33624976873397827	0.4003802537918091	0.5594080686569214	0.5492696166038513	0.1841116100549698	1.5175598859786987	0.6964572072029114	0.36221998929977417	0.32909733057022095	0.5590089559555054	0.3807793855667114	0.5003633499145508	0.4637521207332611	0.7702422142028809	0.23763100802898407	0.7295429706573486	0.17955848574638367	0.642995297908783	0.5482679605484009	0.8552175760269165	0.1888648420572281	1.3265188932418823	0.2313709259033203	0.9380239844322205	0.42216402292251587	0.41766631603240967	1.4527159929275513	0.48480933904647827	0.37213021516799927	0.5934357643127441	0.48989591002464294	0.4363612234592438	0.6679122447967529	0.7401235103607178	0.4427725076675415	0.4592282772064209	0.0	0.4781041741371155	0.13828925788402557	0.5250661969184875	0.27021217346191406	0.7454375624656677	1.055168628692627	0.1632610559463501	0.1358392983675003	0.5847638845443726	0.48951059579849243	0.21607351303100586	1.0977075099945068	0.24856115877628326	0.381867378950119	0.9017372131347656	0.45334652066230774	0.7181661128997803	0.6552988886833191	0.9417453408241272	0.32952091097831726	0.07814855873584747	1.6018855571746826	0.18069452047348022	0.5028718709945679	0.365984708070755	0.40163183212280273	0.9616451263427734	0.34807926416397095	0.6851498484611511	0.5948198437690735	0.17837487161159515	0.9037758708000183	0.8349390625953674	0.29947158694267273	0.19610489904880524	0.3802586793899536	0.429035484790802	0.7532897591590881	0.6415587067604065	0.20653001964092255	0.12581989169120789	0.9189956188201904	0.41426607966423035	0.08059926331043243	0.8729265332221985	0.5770868062973022	0.22226376831531525	0.79844731092453	0.2900005280971527	0.5596587657928467	0.7917619943618774	0.1471492201089859	0.6334481239318848	0.3180552124977112	0.22798632085323334	0.6607919931411743	1.6882007122039795	0.3652160167694092	0.14753839373588562	0.3827815353870392	0.4112514853477478	0.10951710492372513	1.0171796083450317	0.4280652701854706	0.6164580583572388	0.6616777777671814	0.4621831476688385	0.4483221173286438	0.3428189754486084	0.5064671635627747	0.906835675239563	0.1948903501033783	0.5346505641937256	0.38727766275405884	0.24597764015197754	0.3433205187320709	0.07752180099487305	0.15197843313217163	1.0469577312469482	0.05746627599000931	1.218292474746704	0.029367491602897644	0.25425463914871216	0.20693553984165192	0.40738093852996826	0.47339701652526855	0.4077775478363037	0.4783235490322113	1.1027846336364746	0.5170599818229675	0.2285815179347992	0.7771475315093994	0.6618179082870483	0.5745717287063599	0.4587193727493286	1.423898458480835	0.4411100745201111	0.4644712507724762	0.2848910093307495	0.30545422434806824	0.3838563859462738	0.8510066270828247	0.2948223650455475	0.1484988033771515	0.8739135265350342	0.6020153164863586	0.9113572835922241	0.26954007148742676	0.5133098363876343	0.4384634792804718	1.4939755201339722	0.22375959157943726	0.3117665946483612	0.444640576839447	0.3453853726387024	0.3736085891723633	0.3833772540092468	0.534064531326294	0.41372576355934143	0.15075163543224335	0.4826159179210663	0.5940203666687012	0.465885728597641	0.5091589689254761	0.6364836096763611	0.48045891523361206	0.6624417901039124	0.40986332297325134	0.3472347557544708	0.6997877955436707	0.7332010865211487	1.0019333362579346	0.8520469069480896	0.39818844199180603	0.1823359578847885	0.5367278456687927	0.19696064293384552	0.38571035861968994	1.0007922649383545	0.30102694034576416	0.5385749340057373	0.3058212399482727	0.18250449001789093	0.2982315123081207	0.6613938212394714	0.03245150297880173	0.5557506084442139	0.3137238919734955	0.13686633110046387	1.0850545167922974	0.26581597328186035	0.406677782535553	0.4182538092136383	0.37118926644325256	0.22722813487052917	0.17101621627807617	0.5996685028076172	0.27357017993927	0.375585675239563	0.31604665517807007	0.9092796444892883	0.7386020421981812	0.2658255696296692	0.4089251160621643	0.7014849185943604	0.279623419046402	0.22961366176605225	0.33601149916648865	0.2551918625831604	0.3241640329360962	0.22994276881217957	0.5495643019676208	0.8517554998397827	0.4237302541732788	0.5520475506782532	0.3071647882461548	0.5383191704750061	0.7572323679924011	0.22717145085334778	0.36409303545951843	0.5320536494255066	0.7375821471214294	0.3320685923099518	0.34260886907577515	0.3197251260280609	0.2203732281923294	0.41203972697257996	0.7679353952407837	1.053247332572937	0.42118942737579346	0.2433159053325653	0.4751949906349182	0.3978777825832367	0.48750755190849304	0.4113447666168213	0.4748908281326294	0.2201254516839981	0.7510517835617065	0.9596235156059265	0.5203058123588562	0.2682543098926544	0.9550329446792603	0.3343079090118408	0.9125536680221558	0.27649885416030884	0.47532397508621216	0.27165496349334717	1.1034729480743408	0.36044180393218994	0.6426011919975281	0.3713541626930237	0.0772634744644165	1.258984923362732	0.11669052392244339	0.3256742060184479	0.24987392127513885	0.25547099113464355	0.16983577609062195	1.1964867115020752	0.5550230145454407	1.1081979274749756	0.1805676370859146	0.7111795544624329	0.7065821290016174	0.6318034529685974	0.7955263257026672	0.20561876893043518	0.2735482156276703	0.4372313916683197	0.21080079674720764	0.2800568640232086	0.29540738463401794	0.247287780046463	0.8878215551376343	0.29039275646209717	0.2183150202035904	1.321972131729126	0.1582328975200653	0.6285926103591919	0.25553229451179504	0.6211000680923462	0.2473374307155609	0.2834780812263489	0.48554718494415283	0.48286497592926025	0.35851114988327026	0.4677726924419403	0.7944918274879456	0.3341890275478363	0.6981179118156433	0.30415552854537964	1.0455116033554077	0.5434778332710266	0.4760930836200714	0.19055865705013275	0.33120065927505493	0.3315262198448181	0.43432027101516724	0.0	0.7331873774528503	0.668624997138977	1.658951997756958	0.20475700497627258	0.7214186191558838	0.3589288890361786	0.6378880739212036	0.8319980502128601	0.7912505269050598	0.08580920845270157	0.3289124071598053	0.961822509765625	0.19425354897975922	0.6180292963981628	0.7528656721115112	0.3471386134624481	0.2294808030128479	0.5224364995956421	0.27472984790802	0.4023805260658264	0.36211255192756653	0.23426701128482819	0.31329813599586487	0.4604393541812897	0.35114556550979614	0.5626639127731323	0.18176975846290588	0.6652705669403076	1.61765718460083	0.8329369425773621	0.583696722984314	0.41735655069351196	0.29463231563568115	0.20181183516979218	0.30936455726623535	0.8534882664680481	0.644930362701416	0.4064847528934479	0.32975104451179504	0.5676905512809753	0.5176876187324524	1.1486105918884277	0.8550662994384766	0.5101851224899292	0.5879838466644287	0.11587560176849365	0.5739914774894714	0.793727695941925	0.4559357166290283	0.8758091926574707	0.07261025160551071	0.15309427678585052	0.06767474859952927	0.5023225545883179	0.7845123410224915	0.417473703622818	0.4699541926383972	0.16474871337413788	0.4744799733161926	1.6485075950622559	0.61708664894104	0.5504416823387146	0.6700609922409058	0.8258787989616394	0.2803769111633301	0.4082712233066559	0.4315628409385681	0.5192051529884338	0.26081886887550354	0.16774195432662964	0.6301562190055847	0.842928946018219	0.5068989992141724	0.9330976009368896	0.5015324950218201	0.1972133070230484	0.46579283475875854	0.3650251030921936	0.9320018291473389	0.17179088294506073	0.3606412708759308	0.2669712007045746	0.2309793382883072	0.18784557282924652	0.3567125201225281	1.0612907409667969	0.40894436836242676	0.39408135414123535	0.4607236683368683	0.3469022810459137	0.3439742624759674	0.42683276534080505	0.7806428670883179	0.9744282960891724	0.5048713088035583	0.34777915477752686	0.720637321472168	1.5217108726501465	1.0138964653015137	0.4862215220928192	0.526266872882843	0.497880220413208	1.0091043710708618	0.4617547392845154	0.7129901647567749	0.5762944221496582	0.12309503555297852	0.5648670792579651	0.4166894853115082	0.31003904342651367	0.9521225690841675	0.4035775661468506	0.5007761716842651	0.7093138694763184	0.9534575939178467	0.07250890135765076	0.5943098068237305	0.026165354996919632	0.1264900118112564	0.3640434145927429	0.2578798532485962	1.1506867408752441	0.10175477713346481	0.16964085400104523	0.4182419776916504	0.43411850929260254	0.4694855511188507	0.26196566224098206	0.19517190754413605	0.2543739676475525	0.5746321678161621	0.24863150715827942	0.23582060635089874	0.8117794394493103	0.45960500836372375	0.13712246716022491	0.28160685300827026	0.20370575785636902	1.0248576402664185	0.3515779972076416	0.9976416826248169	0.3104267120361328	0.16944865882396698	0.48625877499580383	0.4263668656349182	0.09641795605421066	0.307864785194397	0.5957539677619934	0.4675635099411011	0.5078964233398438	0.15042026340961456	0.5732671618461609	0.9397227764129639	0.026738319545984268	0.494912326335907	0.49303025007247925	0.8129454851150513	0.5513705611228943	0.4720230996608734	0.7953025102615356	0.38029754161834717	0.595248818397522	0.4355449676513672	0.6747297048568726	0.35656943917274475	0.2354053109884262	0.9320443868637085	0.4356459081172943	0.2433239370584488	0.6358001828193665	0.78966224193573	0.497106671333313	0.2557660937309265	0.8910865783691406	0.39843231439590454	1.1433354616165161	0.5185585021972656	0.8440847396850586	0.4613829255104065	0.5138810276985168	0.7335294485092163	0.5032026767730713	0.5587809085845947	0.26694735884666443	0.21886813640594482	0.4830167293548584	0.854775071144104	0.6145920157432556	0.3208009898662567	0.17501424252986908	0.5633043646812439	0.30102407932281494	0.2198745757341385	0.5754474997520447	0.10469166189432144	0.20996040105819702	0.27215808629989624	0.7391720414161682	1.7336318492889404	0.5698898434638977	0.4120587706565857	0.929497241973877	1.1869443655014038	1.0184143781661987	0.33668023347854614	0.40990257263183594	0.0862056091427803	0.369263619184494	0.36126577854156494	0.49345463514328003	0.5228860974311829	0.17879223823547363	0.7579118013381958	0.48734962940216064	0.7149478793144226	0.5339817404747009	0.8786653280258179	0.6294012069702148	0.2297755628824234	0.07904716581106186	1.0039445161819458	0.41850364208221436	0.46460407972335815	0.6796897053718567	0.6871501207351685	0.3528205454349518	0.5282873511314392	0.5160313844680786	0.38658955693244934	0.9809764623641968	0.40646201372146606	0.29840975999832153	0.6639871597290039	0.24489547312259674	0.5216855406761169	0.3808062970638275	0.36582037806510925	0.7741118669509888	0.3230278491973877	0.521200954914093	0.47898343205451965	0.1559479683637619	0.23206378519535065	0.4989963471889496	0.3075416684150696	0.29037773609161377	0.29020482301712036	0.3064642548561096	0.4600088596343994	0.4446687698364258	0.24565142393112183	0.43850117921829224	0.4233575761318207	0.8183985352516174	0.3031958341598511	0.1928175538778305	0.29596856236457825	0.8577010035514832	0.465575248003006	0.9566143155097961	0.2619330585002899	0.8293680548667908	0.22227366268634796	0.401199609041214	0.5268424153327942	0.2811678647994995	0.22762493789196014	0.312051385641098	0.8210598230361938	0.2785377502441406	0.8207501173019409	0.2470555603504181	0.3839273154735565	0.6183615922927856	0.2510761618614197	0.19332514703273773	0.30652984976768494	0.21341313421726227	0.49779197573661804	0.2041545808315277	0.4392364025115967	0.24034440517425537	0.7910276055335999	0.17193040251731873	0.7883558869361877	0.198203906416893	0.6678123474121094	0.22288067638874054	0.9557250142097473	0.5180320739746094	0.34175413846969604	1.39121675491333	0.5477229356765747	0.3350316286087036	0.5807178616523743	0.35325920581817627	0.24044100940227509	0.4375467300415039	0.5414718389511108	0.3459649384021759	0.4441782534122467	0.41544362902641296	0.2924387454986572	0.9869181513786316	1.0816389322280884	0.34067898988723755	0.33659887313842773	0.3766675293445587	0.2227880358695984	0.34473443031311035	0.5599448680877686	0.20611341297626495	0.9399909973144531	0.36943840980529785	0.881793200969696	0.19494478404521942	0.46389541029930115	0.004174534231424332	0.10974010825157166	0.9708507657051086	1.0368162393569946	0.30672571063041687	0.4654563069343567	0.8574323058128357	0.21416306495666504	0.42472976446151733	0.3894383907318115	0.4115450084209442	0.3224949538707733	0.6029083132743835	0.676662027835846	0.8981598615646362	1.314206838607788	0.2586364448070526	0.26313018798828125	0.14236152172088623	0.5245988965034485	0.5344253778457642	0.7533305883407593	0.5156305432319641	0.5889557600021362	0.18864747881889343	0.56551593542099	0.45897069573402405	0.26792192459106445	0.23718945682048798	0.4837837815284729	0.3910282254219055	0.6112914681434631	0.3555627465248108	0.35793644189834595	0.5759432315826416	0.27194729447364807	0.7557883262634277	0.3003663122653961	0.2530089020729065	0.28530997037887573	0.8466722965240479	0.4493047297000885	0.2605401575565338	0.609316885471344	0.1546711027622223	0.24576158821582794	0.3537694215774536	0.5816450119018555	0.43515193462371826	0.49504750967025757	0.3943057656288147	0.21745827794075012	0.11895542591810226	0.6500358581542969	0.21444153785705566	0.688075840473175	0.41412368416786194	0.281909704208374	0.31553250551223755	0.5006248950958252	0.4330296814441681	0.8857993483543396	0.47425466775894165	0.7919203639030457	0.7225713729858398	1.357595682144165	0.34556344151496887	0.35538190603256226	0.6616764068603516	0.2825355529785156	0.9316216111183167	0.6027019619941711	0.41719692945480347	0.41711631417274475	0.8939267992973328	0.26887163519859314	0.48016342520713806	0.4703977704048157	1.1241999864578247	0.34390392899513245	0.5787456035614014	0.6285003423690796	0.5772830843925476	0.5370293855667114	0.03581957146525383	0.3204275071620941	0.5849016904830933	1.1039094924926758	0.5519593954086304	0.5468292236328125	0.2207159698009491	0.3614315092563629	0.6511825919151306	0.47001391649246216	0.04147287458181381	0.8138269186019897	0.8223373293876648	1.1985098123550415	0.15445953607559204	0.6469928622245789	0.8103401064872742	0.7744019031524658	0.2256881445646286	0.5269594788551331	0.44978252053260803	0.4183080196380615	0.49954551458358765	0.3387742340564728	0.6175309419631958	0.3097466826438904	0.587097704410553	0.441509872674942	0.3235413134098053	0.007533758878707886	0.29881519079208374	0.5830039978027344	0.9357950091362	0.42291197180747986	0.32313069701194763	0.35962340235710144	0.1326700747013092	0.8965178728103638	0.19940268993377686	1.0003423690795898	0.44092994928359985	0.2398214340209961	0.3174470067024231	0.658385157585144	0.14306478202342987	1.4526389837265015	0.25578734278678894	0.4906594455242157	0.5827579498291016	0.4948427081108093	0.1683095395565033	0.5000603795051575	0.20034575462341309	0.1414189636707306	0.5242992639541626	0.9232962131500244	0.5896909236907959	0.25927871465682983	0.5646486878395081	0.7716468572616577	0.16614758968353271	0.24485597014427185	0.4577055871486664	0.7949486970901489	0.7474027872085571	0.5104769468307495	0.8769766688346863	0.31957876682281494	0.37956419587135315	0.8456276655197144	0.0637626126408577	0.5507358312606812	0.7977494597434998	0.27960407733917236	0.31301188468933105	0.9881645441055298	0.22875522077083588	0.34831544756889343	0.6617810726165771	0.7501518130302429	0.3017273247241974	0.5877113342285156	0.295174241065979	0.26434847712516785	0.1736524999141693	0.49927401542663574	0.48005568981170654	0.462224543094635	0.6386699676513672	0.7333143949508667	0.21004602313041687	0.9009017944335938	0.44956979155540466	0.44626572728157043	0.5653891563415527	0.39578476548194885	0.670310378074646	0.45869705080986023	0.7199007272720337	0.5037946701049805	0.7309486865997314	0.8051561117172241	0.7197016477584839	1.380692720413208	1.1676335334777832	0.3714253306388855	0.06329121440649033	0.7306883931159973	0.22336223721504211	0.3472762703895569	0.7486024498939514	0.6610764861106873	0.19935163855552673	1.5469096899032593	0.48415452241897583	0.3736555874347687	0.7983355522155762	0.8169710636138916	0.6347082853317261	0.2504861056804657	0.3186050057411194	0.5161311030387878	0.5561314821243286	0.21811440587043762	0.900020956993103	0.32663753628730774	0.3550003170967102	0.12543457746505737	0.47643864154815674	0.07652547955513	0.36241772770881653	0.277730256319046	0.33871516585350037	0.2931550145149231	0.5682764649391174	0.36110246181488037	0.6491213440895081	0.24716578423976898	0.43467050790786743	0.6805372834205627	0.379641592502594	0.8207919597625732	0.4193846583366394	0.46621254086494446	1.0455769300460815	0.34206026792526245	0.4852723479270935	1.0051215887069702	0.41330406069755554	0.5582883358001709	0.4778333306312561	0.20202358067035675	0.4982948899269104	0.22524933516979218	1.108799695968628	0.383539617061615	0.32529789209365845	0.580242395401001	0.9232296943664551	0.8408598899841309	0.19305691123008728	0.635724663734436	0.3522566854953766	0.6473699808120728	0.505611777305603	0.23427584767341614	0.26068833470344543	0.3056681454181671	0.169434055685997	0.22992613911628723	0.04024243727326393	0.479434996843338	0.19836148619651794	0.4211525619029999	0.4340338110923767	0.22818432748317719	0.31556153297424316	1.065651774406433	0.5813445448875427	0.6488280296325684	1.251224398612976	0.7374504804611206	0.21723830699920654	0.40785807371139526	0.20802311599254608	0.45007628202438354	0.6694174408912659	0.3614685833454132	0.49840158224105835	0.28740954399108887	0.18880033493041992	0.44851624965667725	0.17126862704753876	0.19035997986793518	0.6565566062927246	0.4624228775501251	0.16549798846244812	0.7890975475311279	0.5037321448326111	0.3709105849266052	0.29152220487594604	0.3490000367164612	0.47800418734550476	0.39694687724113464	0.6446624994277954	0.6009728908538818	0.6416752934455872	1.2534595727920532	0.5434688329696655	0.5968014597892761	0.8152297735214233	0.3402668237686157	0.5721521377563477	0.7612864375114441	0.326575368642807	0.5581205487251282	0.6916443109512329	0.819205105304718	0.4379273056983948	0.4707580804824829	0.4825083613395691	0.018757687881588936	0.6074891090393066	0.6159550547599792	0.49872541427612305	0.03830704092979431	0.6047581434249878	0.49094194173812866	0.45536327362060547	0.3582174479961395	0.8297868967056274	0.9103530049324036	0.46157437562942505	0.5605738162994385	0.3891005516052246	0.3972088098526001	0.5836424827575684	1.0509765148162842	0.6330727338790894	0.5027660131454468	0.09860605001449585	0.35920828580856323	0.5015988945960999	0.49189940094947815	0.4581160843372345	0.5945003032684326	0.6606303453445435	0.6395660042762756	0.559394121170044	0.4888251721858978	0.9247677326202393	0.22173695266246796	0.9069265127182007	0.6103570461273193	0.3130704164505005	0.4301185607910156	0.5657615065574646	0.5751572251319885	0.38490554690361023	0.3989437222480774	0.6031530499458313	0.41231101751327515	0.20480841398239136	0.26216405630111694	0.23885539174079895	0.6423150300979614	0.4827013611793518	0.6267098784446716	0.7863418459892273	0.9151626229286194	0.18610736727714539	0.4549895226955414	0.956963300704956	0.9785750508308411	0.9704282879829407	1.5722477436065674	0.46955353021621704	0.18056420981884003	0.2129192352294922	0.5700764656066895	0.9231284856796265	0.6690090298652649	0.6243055462837219	0.5204818248748779	0.4267650544643402	0.37305352091789246	0.09634765237569809	0.5004904270172119	0.6551132798194885	0.060342706739902496	0.18386685848236084	0.1531832218170166	0.7236956357955933	0.587276041507721	0.12145876884460449	0.2598589360713959	0.5182148814201355	0.5005998611450195	0.8718708157539368	0.44963186979293823	0.5218309760093689	1.14495050907135	0.6923899054527283	0.08760926127433777	0.34959760308265686	0.2188425213098526	0.30511435866355896	0.7842456698417664	0.803255558013916	0.3470830023288727	0.4961604177951813	0.7077637910842896	0.3741747736930847	0.7449240684509277	0.17725282907485962	0.003081490285694599	0.4781431555747986	0.6305221319198608	0.13140350580215454	0.24174880981445312	0.4092411994934082	0.7423746585845947	0.44070351123809814	0.22982512414455414	1.000210165977478	0.3924499750137329	1.1119930744171143	0.4221826195716858	0.5533080101013184	0.581360399723053	0.4897341728210449	0.6271937489509583	0.26980799436569214	0.6883045434951782	1.0238982439041138	0.5024967789649963	0.4122267961502075	0.3646630346775055	0.3373900055885315	0.2905319333076477	0.342505544424057	0.5469915270805359	0.6970757842063904	0.3279094398021698	0.43043673038482666	0.9973692893981934	0.5511144399642944	0.7506369352340698	0.6834058165550232	0.3435399532318115	0.4659990668296814	0.34727850556373596	0.41390594840049744	0.3286922574043274	0.19392502307891846	0.8501311540603638	0.8022516965866089	1.0186904668807983	0.7948575019836426	0.2603716552257538	0.6654679179191589	0.4105047881603241
0.07030970603227615	0.05416648089885712	0.5440714359283447	1.0242146253585815	1.7091748714447021	0.32515764236450195	0.24298095703125	1.123770833015442	0.793867826461792	0.2552163302898407	1.303790807723999	0.3935829997062683	0.29540348052978516	0.3850414752960205	0.6161753535270691	0.19631996750831604	0.242237389087677	0.7348505258560181	0.8036950826644897	0.518814206123352	0.7941665649414062	0.29841557145118713	0.8982187509536743	0.1429605334997177	0.9212020635604858	0.2918265461921692	0.9921087026596069	0.6130945682525635	0.6057901978492737	0.5980930924415588	0.23960304260253906	0.5043916702270508	0.23551933467388153	0.43223512172698975	0.3342339098453522	0.5314064621925354	0.3970264196395874	0.7355881333351135	0.5842036008834839	0.8060927391052246	0.7735931277275085	1.284959316253662	0.2665303647518158	0.5735911726951599	0.3083651065826416	0.10470075905323029	0.532203733921051	0.9146713614463806	0.6005932688713074	0.8874742984771729	1.1928391456604004	0.7532228827476501	0.8550968170166016	0.8426949977874756	0.8787568807601929	0.334926575422287	0.8032811880111694	1.6160712242126465	0.47919660806655884	0.5507327914237976	0.20454713702201843	1.0975439548492432	0.15860596299171448	0.23648574948310852	0.4446004629135132	0.4335883557796478	0.7120914459228516	0.6109761595726013	0.3197871446609497	0.6431814432144165	0.1866822987794876	0.3914940059185028	1.3014112710952759	0.8444762825965881	0.5118975043296814	0.6679002642631531	0.24209430813789368	0.5138291120529175	0.1762085258960724	0.8191623091697693	0.24937008321285248	0.36435022950172424	0.2544146776199341	0.1460585743188858	0.013393880799412727	0.41237005591392517	0.4634610712528229	0.6374997496604919	1.0644357204437256	0.49887335300445557	0.38512754440307617	0.4953126907348633	0.46819210052490234	0.483028769493103	0.5005332827568054	0.770846962928772	0.30974462628364563	0.29333779215812683	0.5098412036895752	0.7649832963943481	0.301082581281662	0.531960129737854	0.30187731981277466	0.2460142970085144	0.2689037024974823	0.08598177134990692	0.4835329055786133	1.2865917682647705	0.8374853134155273	0.7039321660995483	0.6751178503036499	0.9415389895439148	0.3738216459751129	0.22026975452899933	0.6079498529434204	0.4924246072769165	0.3220672011375427	0.9164304733276367	0.0	0.6169403791427612	0.9847632050514221	0.19372953474521637	0.7138646841049194	0.45534634590148926	1.054884910583496	0.8112480640411377	0.31119009852409363	0.4175499379634857	0.8346917033195496	0.10349544137716293	0.49500444531440735	1.0345239639282227	0.24217042326927185	0.16648568212985992	0.45789390802383423	0.21048970520496368	0.47245579957962036	0.5693355798721313	0.2871212959289551	0.350169837474823	0.47542017698287964	0.32150131464004517	0.8001580238342285	0.2941049635410309	0.7850351333618164	1.2339900732040405	0.013023175299167633	0.17776477336883545	1.0121618509292603	0.15669582784175873	0.3285715579986572	0.20504523813724518	0.9256559014320374	0.9838716387748718	0.40837928652763367	0.7048680186271667	0.5688381791114807	1.1127673387527466	0.22309522330760956	0.4371514320373535	1.4634134769439697	0.7660733461380005	0.37093326449394226	0.4280741810798645	0.28001725673675537	0.8176738619804382	0.1953945755958557	0.19077399373054504	1.1963679790496826	1.2074675559997559	0.1453942060470581	0.27609139680862427	0.7061738967895508	0.816179096698761	0.4864485263824463	0.26905447244644165	0.6471940279006958	0.765117347240448	0.3717549741268158	0.2926364839076996	0.41359081864356995	0.14044098556041718	0.3918766379356384	1.1707197427749634	0.8010673522949219	0.45059558749198914	0.33827686309814453	0.11457780003547668	1.488916277885437	0.8850364685058594	0.38868552446365356	0.27804890275001526	0.35865518450737	1.0366531610488892	0.433820515871048	0.7962201237678528	0.5354616045951843	0.34693488478660583	0.3505684435367584	0.9826720356941223	0.7750948667526245	0.468766987323761	0.3433036506175995	0.2757267355918884	0.20786455273628235	0.5891912579536438	0.6002473831176758	0.5372141003608704	0.5943373441696167	0.887534499168396	0.22237516939640045	0.2753612995147705	0.2502622604370117	0.47333434224128723	0.07427874952554703	0.5080065131187439	0.4545676112174988	0.6060317754745483	0.2653029263019562	1.3112447261810303	0.40771520137786865	0.26168516278266907	0.21528036892414093	0.8116833567619324	0.4557245671749115	0.5104652047157288	0.5875300168991089	0.8132074475288391	0.6408831477165222	0.7120288610458374	0.9286661148071289	0.32937848567962646	0.4649275839328766	0.13689543306827545	0.38308581709861755	0.43893805146217346	0.3232366442680359	0.39489567279815674	0.7890408635139465	0.15961787104606628	0.25534936785697937	0.7571580410003662	0.34734439849853516	0.4909619390964508	0.5003465414047241	0.2530674636363983	0.7444560527801514	0.47267767786979675	0.38009604811668396	0.5287756323814392	0.5977306962013245	0.6407018899917603	0.3325442969799042	0.7067187428474426	0.6330059766769409	0.8900474905967712	0.12412212789058685	1.183298945426941	1.2389901876449585	0.136243537068367	0.2622130215167999	0.557886004447937	0.3644663393497467	0.4694799780845642	0.7180564403533936	0.3021220266819	1.0093104839324951	0.2267155945301056	0.5196439623832703	0.9758484363555908	0.6488271355628967	0.3988105356693268	1.1537998914718628	0.37618520855903625	0.0	0.4945865869522095	0.7929297089576721	0.3245103359222412	0.5365678668022156	1.35494863986969	0.542748749256134	1.38489830493927	0.47032928466796875	0.3129856288433075	0.5204006433486938	0.3610870838165283	0.4971481263637543	0.5988439321517944	0.7509962320327759	0.6081288456916809	0.8678368330001831	0.41569066047668457	0.6633001565933228	0.43818119168281555	0.28942978382110596	0.3416075110435486	1.2162411212921143	0.5506975650787354	0.8491653800010681	0.7898668050765991	0.4493124485015869	0.6434434056282043	0.21017274260520935	0.5532886385917664	0.9098272919654846	0.18735799193382263	0.9272591471672058	0.19087088108062744	0.36485323309898376	1.1625546216964722	1.045780062675476	0.7667180895805359	0.6851609945297241	1.120291829109192	0.7564355731010437	0.780731201171875	0.4960941672325134	0.8345864415168762	0.5993430614471436	1.0890514850616455	0.36774903535842896	0.6788356304168701	0.5534262657165527	0.7546007633209229	0.5910187363624573	0.6624709963798523	0.4867861568927765	0.5845354199409485	0.4963941276073456	1.1982800960540771	0.19740237295627594	0.27411016821861267	0.2623223662376404	0.34971755743026733	1.1223963499069214	0.4331037104129791	1.1081088781356812	0.8310818076133728	0.7856009602546692	0.6026080846786499	0.2543829083442688	0.17281736433506012	0.3243153393268585	0.5203106999397278	0.3037920594215393	0.4490036368370056	0.3287207782268524	0.26210886240005493	0.3218742907047272	0.4369904398918152	0.4586106538772583	0.5316137075424194	0.30369463562965393	0.7766493558883667	0.7774354815483093	0.28342583775520325	0.5790624022483826	0.32197147607803345	0.11194299906492233	0.0825364887714386	1.5059587955474854	0.5388713479042053	0.5620796084403992	0.2971231937408447	0.1194131076335907	0.1790776550769806	0.18154200911521912	1.4560563564300537	0.6897626519203186	0.45400553941726685	0.3687569200992584	0.7368040680885315	0.4284195601940155	0.9522240161895752	0.36208662390708923	0.9617565274238586	0.5450023412704468	0.5653108358383179	0.16657274961471558	0.43939870595932007	0.10870969295501709	0.939008891582489	0.24262666702270508	0.3419601023197174	0.5922834873199463	0.5747666954994202	1.0018092393875122	0.37494856119155884	0.7652972936630249	0.2736175060272217	0.24856388568878174	1.2764025926589966	0.10188842564821243	1.2895987033843994	0.07198186963796616	0.2538937032222748	0.953622579574585	0.4352181851863861	0.37499040365219116	0.5757231116294861	0.8659777045249939	0.8451725244522095	0.5033355951309204	1.0471761226654053	0.2535480558872223	0.7436226010322571	0.3140008747577667	0.865642786026001	0.2899971306324005	0.1937202513217926	0.06493441760540009	0.009772922843694687	0.18335968255996704	0.4748125970363617	0.3654722571372986	1.0485361814498901	0.4987665116786957	0.4272378981113434	0.5763167142868042	0.23411335051059723	0.36742040514945984	0.560881495475769	0.5639335513114929	0.7582356929779053	0.7816533446311951	0.6825128793716431	0.4295683205127716	0.6525793671607971	0.5943952202796936	0.8287470936775208	0.9255077242851257	0.02389046922326088	0.7021665573120117	0.5280278921127319	0.5853891968727112	0.3766697943210602	0.731590747833252	1.1401996612548828	0.26820096373558044	0.37210237979888916	1.0450701713562012	0.7751341462135315	0.4481053948402405	0.29022860527038574	0.477038711309433	0.3519740104675293	1.0750547647476196	0.8869063854217529	0.36153069138526917	0.5456469655036926	0.23430335521697998	0.38650038838386536	0.9086103439331055	0.49239015579223633	0.1573498696088791	0.21570588648319244	0.9213992953300476	0.2602421045303345	0.6376408338546753	0.689818263053894	0.755387008190155	0.5865667462348938	0.1830931007862091	0.19961702823638916	0.47296515107154846	0.673577070236206	1.101192831993103	0.417766273021698	0.059809207916259766	0.6324549913406372	0.9712822437286377	0.31514906883239746	0.4987337589263916	0.38927537202835083	0.18119028210639954	0.701874315738678	0.41922587156295776	1.0263350009918213	0.584368109703064	0.4690127968788147	0.013703648000955582	0.16781200468540192	0.6500299572944641	0.5812569856643677	1.138419508934021	1.1095079183578491	0.5832992196083069	0.4998358488082886	0.6482172012329102	0.1515917330980301	0.40845999121665955	0.24357038736343384	0.5472809076309204	0.7526622414588928	0.20829378068447113	0.16189587116241455	0.535800576210022	0.396889328956604	0.5267670750617981	0.3648471534252167	0.8408529162406921	0.5680739879608154	0.8279947638511658	0.6171233057975769	0.3355972468852997	0.7939035892486572	0.4123784005641937	0.7988401651382446	0.8081710934638977	0.24161085486412048	0.44290629029273987	0.1865973174571991	0.5144007205963135	0.9047088623046875	0.28149694204330444	0.17302918434143066	0.26457977294921875	0.23788239061832428	0.5704060792922974	0.3102339208126068	0.4825299084186554	0.016357431188225746	0.8589975833892822	0.32210129499435425	0.5695592761039734	0.5764729976654053	0.2193661332130432	0.40757378935813904	1.229173183441162	0.37430042028427124	0.8560806512832642	0.5050020217895508	0.4593018889427185	1.2761597633361816	0.30171456933021545	0.30499181151390076	0.4050009846687317	0.8609152436256409	0.722933292388916	0.29329097270965576	1.217594861984253	0.5048867464065552	0.8248947262763977	1.125119686126709	0.38206255435943604	0.5096878409385681	0.42681559920310974	0.2752070724964142	0.20573757588863373	1.1178760528564453	0.0066777728497982025	0.5152313709259033	0.5548132061958313	0.0897078588604927	0.42563024163246155	0.2536025047302246	0.5941234827041626	0.5300580859184265	0.6522505879402161	1.0704251527786255	0.8177528381347656	0.8622941374778748	0.4701181650161743	0.26000985503196716	0.2604541778564453	0.28553542494773865	1.2619013786315918	0.07929155230522156	0.30455827713012695	0.8977389335632324	0.028034839779138565	0.14761973917484283	1.5537583827972412	0.8159612417221069	0.5035130381584167	0.2765456736087799	0.40767744183540344	0.17640367150306702	0.46552518010139465	0.2197103500366211	0.7334502935409546	0.055558137595653534	0.42301246523857117	0.39958125352859497	0.3877655863761902	0.2373979240655899	0.39298215508461	0.02715292200446129	0.1636933982372284	0.24052473902702332	0.8183359503746033	1.152693510055542	0.4523215889930725	0.5196952819824219	0.759192943572998	0.35061123967170715	0.42294836044311523	0.1385410726070404	0.48523688316345215	0.5097211003303528	0.4527672529220581	0.9386274218559265	0.17586088180541992	0.491775244474411	0.32251793146133423	0.5982107520103455	0.2670024633407593	0.5678850412368774	0.5920748710632324	1.2976936101913452	0.23169009387493134	0.559799313545227	0.35278552770614624	0.8662962317466736	0.4779997766017914	1.1158192157745361	0.1783425509929657	0.46462100744247437	0.4374629855155945	0.5888498425483704	0.4766221046447754	0.477973997592926	0.038678497076034546	0.8426963090896606	0.35278749465942383	0.3743060827255249	0.7746037840843201	0.13906514644622803	1.0328595638275146	0.7676098346710205	0.5024559497833252	0.477561354637146	0.07851643115282059	0.5492136478424072	0.6543278098106384	0.31166714429855347	0.3255693316459656	1.0500825643539429	0.30017322301864624	0.3472011983394623	0.5195598006248474	0.5814770460128784	0.511069655418396	0.2407553791999817	1.1657589673995972	0.34212353825569153	0.40696287155151367	0.3105742335319519	0.34818223118782043	0.642333984375	0.39469051361083984	0.179590106010437	0.3605036437511444	0.5674886703491211	0.5320923328399658	0.36257004737854004	0.33461806178092957	0.3944428563117981	1.2207469940185547	0.6108489036560059	0.5956653952598572	0.7755115032196045	0.33121705055236816	0.2596018314361572	0.3219636082649231	0.34174206852912903	1.0010753870010376	0.2700521945953369	0.9556893706321716	0.3324435353279114	0.5456149578094482	0.3954373002052307	0.36630547046661377	0.5926035642623901	0.5825046896934509	0.035034842789173126	1.6120296716690063	0.7385267615318298	0.8148012757301331	0.5690864324569702	0.5486935377120972	0.11810890585184097	0.7227237224578857	0.42247408628463745	0.7669691443443298	0.2706035375595093	0.706632673740387	0.5027012825012207	0.5042449831962585	0.4159937798976898	0.1231132224202156	0.4491470456123352	0.9201264977455139	0.2890086770057678	0.15036047995090485	0.77290940284729	0.5031669735908508	0.32113099098205566	0.6870239973068237	0.027330584824085236	0.7271878719329834	0.44642794132232666	0.23168644309043884	0.29874688386917114	0.25099247694015503	0.2159288078546524	1.1432031393051147	0.05769973248243332	0.5952324867248535	0.31162258982658386	0.2461443841457367	0.5663090944290161	1.173600435256958	0.7007492184638977	0.3415217101573944	0.5304481983184814	0.5936689972877502	0.515832781791687	0.6361368894577026	0.12488222122192383	0.30838924646377563	0.5786811709403992	0.37530550360679626	0.8131418228149414	0.38242900371551514	0.239410400390625	0.8339669704437256	0.16159965097904205	1.0687065124511719	0.7905901670455933	0.27780380845069885	0.1704322099685669	0.42277565598487854	0.6210830211639404	0.9260601997375488	0.33824965357780457	0.6375852227210999	0.03473275899887085	0.10658222436904907	0.3574346601963043	0.37721771001815796	1.1965824365615845	0.26650485396385193	0.33528080582618713	0.7151275873184204	0.4176318347454071	0.38128533959388733	0.6986034512519836	0.6082826256752014	0.514945387840271	0.44979679584503174	0.3522452414035797	0.3510591685771942	0.15485358238220215	0.21499426662921906	0.21453317999839783	1.0407111644744873	0.1624884158372879	0.31819313764572144	0.02618168294429779	0.6052393317222595	0.2106436938047409	0.13279223442077637	0.7543511390686035	0.31203174591064453	0.307953804731369	0.8464486002922058	0.7416037321090698	0.49438974261283875	0.5832668542861938	0.448507159948349	1.0078043937683105	0.3007280230522156	0.48005855083465576	0.576571524143219	0.2528153657913208	0.20536231994628906	0.3768003582954407	0.19271597266197205	0.10623010247945786	0.48580530285835266	0.3487784266471863	0.6966679692268372	0.3059498071670532	0.8378946781158447	0.6102321147918701	0.27950727939605713	0.4728660583496094	0.3788466155529022	0.6664097905158997	0.6189351081848145	0.40076398849487305	0.7600560188293457	0.35048484802246094	0.38034042716026306	0.6125944256782532	1.6498171091079712	0.6335198879241943	0.2856835722923279	0.1593121886253357	0.21224288642406464	0.6108137369155884	0.11564913392066956	0.4246295690536499	0.6587842702865601	0.21272684633731842	0.6732266545295715	0.9757272005081177	0.9542495012283325	0.4590551257133484	0.32012706995010376	0.7858518958091736	0.49489158391952515	0.4089323878288269	1.216007947921753	0.33384186029434204	0.2887622117996216	0.8138567805290222	0.5743703842163086	1.039365530014038	0.40878167748451233	0.4089144170284271	0.4127715528011322	0.08628600090742111	0.4132061302661896	0.35777154564857483	0.06287942826747894	0.16109882295131683	1.0872201919555664	0.2065691351890564	0.47727128863334656	0.29671400785446167	0.8147173523902893	0.23796401917934418	0.5525191426277161	0.3553607761859894	0.8850560188293457	0.41666510701179504	0.42473703622817993	0.43442150950431824	0.3540019989013672	0.2926211953163147	1.1918182373046875	0.22151771187782288	0.09876269847154617	0.5626592636108398	0.29514697194099426	1.666789174079895	0.38643878698349	0.5848562121391296	0.3402813971042633	0.1800559163093567	0.24850055575370789	0.7975300550460815	0.37269866466522217	0.3506573736667633	0.319739431142807	0.6467891931533813	0.4333485960960388	0.5267292857170105	0.14946019649505615	0.17826344072818756	0.3000932037830353	0.5886151194572449	0.4104059934616089	0.47638607025146484	0.34168148040771484	0.5077301263809204	0.27164581418037415	0.44392669200897217	0.41794484853744507	0.7007080912590027	0.271870881319046	0.7354142665863037	0.523482084274292	0.5926883816719055	0.36425110697746277	0.7680094242095947	0.5089315176010132	0.3474853038787842	0.1841796338558197	0.08882365375757217	0.677560031414032	0.45007646083831787	0.3178580701351166	0.8449978828430176	0.32860130071640015	0.44927823543548584	0.3337552845478058	0.2808493673801422	0.5570451021194458	0.3369721472263336	0.28753483295440674	0.2786911427974701	0.03866935521364212	0.4959152340888977	0.15096504986286163	0.002286314032971859	0.7226883172988892	0.012657182291150093	0.03206844627857208	0.2859664261341095	0.4748675525188446	0.573660671710968	0.5176624655723572	1.0164836645126343	0.29423192143440247	0.14869466423988342	0.6863046884536743	0.2550845742225647	0.2642905116081238	0.9297696352005005	0.8786643743515015	0.6126089692115784	0.9814403057098389	0.7575229406356812	0.710616946220398	0.09434811025857925	0.3342869281768799	0.08591129630804062	0.30222445726394653	0.24946032464504242	0.8878766298294067	0.7961975336074829	0.7470647692680359	0.5050188302993774	0.42134904861450195	0.17317377030849457	0.43043285608291626	0.2929641008377075	0.7207964062690735	0.8578514456748962	0.481126606464386	1.03905189037323	0.4976404011249542	0.40247204899787903	0.28506624698638916	0.07507676631212234	0.19919215142726898	0.5117985010147095	0.4054597318172455	0.5483053922653198	0.4023101031780243	0.4469691514968872	0.9700984954833984	0.7407726049423218	0.6157340407371521	0.17937466502189636	0.67259681224823	0.61802077293396	0.2609562277793884	0.5797257423400879	1.2335700988769531	0.3216839134693146	0.386830598115921	0.6793007850646973	0.9552717208862305	0.3120339512825012	1.0643584728240967	0.219636008143425	0.10117939859628677	0.5671231746673584	0.3168596923351288	0.7264989614486694	0.32913848757743835	0.523196816444397	0.650111734867096	0.5112656950950623	0.10100140422582626	0.8559882044792175	0.5453519225120544	0.44262853264808655	0.3329518139362335	0.3609349727630615	0.16356678307056427	0.5754104852676392	0.39232105016708374	1.1672147512435913	0.04881463944911957	0.183466836810112	0.9304491281509399	1.3047454357147217	0.8743666410446167	0.6788612604141235	0.41041624546051025	0.22306853532791138	0.798597514629364	0.39676564931869507	1.0177803039550781	0.2712918817996979	0.5017123222351074	0.06065606325864792	0.09203581511974335	0.6539891958236694	0.34088724851608276	0.36335378885269165	0.6842219233512878	0.8797006607055664	0.25331759452819824	0.34024739265441895	0.19487085938453674	0.6387044191360474	0.7907315492630005	0.2630373239517212	0.6901634931564331	0.42130565643310547	0.5041451454162598	0.1905806064605713	0.7375414371490479	0.3091656267642975	0.3297592103481293	0.3452840745449066	0.5573215484619141	0.42316949367523193	0.18048866093158722	0.4529695212841034	0.8121317625045776	0.6155974268913269	0.7692667245864868	0.43496665358543396	0.05700552463531494	0.9087157249450684	0.9723854660987854	0.3921467959880829	0.9108030200004578	1.1204140186309814	0.31244876980781555	0.5076448917388916	1.1418870687484741	0.45650818943977356	0.9238336086273193	0.15835262835025787	0.5899046659469604	1.03778076171875	0.47802868485450745	0.4757029712200165	0.24728074669837952	0.9053628444671631	0.8152551651000977	0.37116944789886475	0.8138622641563416	0.48106327652931213	0.979261577129364	0.7740433216094971	0.27367469668388367	0.8767780661582947	0.9364701509475708	1.0298328399658203	0.27930310368537903	0.49411243200302124	0.45429515838623047	0.8363445401191711	0.4747232496738434	0.33974409103393555	0.4917234480381012	0.47556281089782715	0.6127026081085205	0.38616347312927246	0.07175735384225845	0.2663727104663849	0.6043944954872131	0.44377124309539795	0.274810254573822	0.6234886050224304	0.4139946401119232	0.6125723123550415	0.13112692534923553	0.24914801120758057	0.577450156211853	0.9212483167648315	0.7307355403900146	0.1523091197013855	0.45392316579818726	0.39885106682777405	0.31158408522605896	1.2047266960144043	1.1916228532791138	0.4236680269241333	0.6444094777107239	0.2575262784957886	0.2828039824962616	1.0060935020446777	1.0284473896026611	0.46652132272720337	1.3191558122634888	0.3308396339416504	1.184080958366394	1.2727062702178955	1.3281943798065186	0.5703208446502686	0.7770598530769348	0.9295641183853149	0.2229900062084198	0.6014968156814575	0.8095328211784363	0.39779022336006165	0.6500916481018066	1.3704986572265625	0.6152263879776001	0.5994149446487427	0.3248034417629242	0.5447880029678345	0.15586377680301666	1.2605323791503906	1.0411878824234009	0.7946481704711914	0.12528161704540253	0.9216424822807312	0.4719281494617462	0.6664953827857971	0.7194792628288269	0.8316982984542847	0.1983087956905365	0.7682448625564575	1.1070741415023804	0.7138646841049194	0.5901774168014526	0.22181203961372375	0.19149228930473328	0.818139374256134	0.3994342088699341	1.2035540342330933	0.42376428842544556	0.524665117263794	0.18598422408103943	0.27094417810440063	0.3508751392364502	1.0251487493515015	0.44020694494247437	0.16004641354084015	0.3655649721622467	0.3877975344657898	0.9910063743591309	0.1694030910730362	0.06232140585780144	0.5330581068992615	0.7452634572982788	0.8743941187858582	0.12713824212551117	0.3122352063655853	0.16068299114704132	0.4088971018791199	0.23900265991687775	0.835770308971405	0.48531854152679443	0.3072611093521118	0.6302891969680786	0.8719355463981628	0.46888473629951477	0.2986306846141815	0.8215662240982056	0.5678095817565918	0.4200782775878906	0.7642103433609009	0.6284978985786438	0.5303000807762146	0.4228992462158203	0.18174535036087036	0.987035870552063	0.4653204679489136	1.3423725366592407	0.7516798973083496	0.26010841131210327	0.3084111213684082	0.10206274688243866	1.1282093524932861	0.8407782912254333	0.5626146197319031	0.1231154277920723	0.5226205587387085	0.46431824564933777	1.3284629583358765	0.5652980208396912	0.29871872067451477	0.17697308957576752	0.18079233169555664	0.2757519483566284	0.8570480346679688	0.3254648745059967	0.3991190493106842	0.9589852690696716	0.6431456804275513	0.55462247133255	0.8889393210411072	0.7106720209121704	0.15241697430610657	0.2872581481933594	0.9286779165267944	0.31199759244918823	1.1586997509002686	1.1300729513168335	1.2790205478668213	0.26495927572250366	0.32355162501335144	0.3846519887447357	0.395307332277298	0.21699200570583344	0.5175657868385315	0.5395363569259644	0.7656086087226868	0.19239623844623566	0.4139655530452728	0.5212388038635254	0.7462496757507324	0.3476408123970032	0.6138473749160767	0.5236356258392334	0.7715171575546265	0.8137232065200806	0.7300387620925903	0.4541351795196533	0.9398062229156494	0.2649990916252136	0.05279642343521118	0.6588917374610901	0.6117771863937378	0.33293846249580383	1.1351498365402222	0.6132649779319763	0.33745312690734863	0.4596603810787201	0.3837796747684479	0.1364588737487793	1.4458768367767334	1.3624330759048462	1.3180021047592163	0.21866226196289062	0.5250491499900818	0.12824447453022003	0.7604478001594543	0.16849285364151	0.5288776159286499	0.4873539209365845	0.19306018948554993	0.3748015761375427	1.2746591567993164	0.3429293632507324	1.1682745218276978	0.4901810586452484	0.20187990367412567	0.7805606722831726	0.019975712522864342	0.23736515641212463	0.27941814064979553	1.6196593046188354	0.4297199845314026	0.5587559342384338	0.130353182554245	0.4489399194717407	0.9391776919364929	0.693635880947113	0.2546393871307373	0.7687186002731323	0.4596727192401886	1.0817829370498657	0.14334054291248322	0.3496990501880646	0.7608371376991272	0.21129374206066132	0.7542139291763306	0.03545141965150833	0.6930049657821655	0.4578731656074524	0.2984486520290375	0.6555246114730835	0.29492509365081787	0.48241886496543884	0.15382039546966553	0.3033754527568817	0.8350945711135864	0.7075535655021667	0.4077284634113312	0.7253221273422241	0.7753507494926453	0.18391253054141998	0.6816941499710083	0.6076027154922485	0.7746388912200928	0.6648626327514648	0.48653751611709595	0.5847395658493042	0.36712387204170227	1.0763112306594849	0.42990437150001526	0.7213165760040283	0.17102956771850586	0.5938807129859924	0.8126710653305054	0.6883576512336731	0.9404414892196655	0.525757908821106	0.6126022338867188	0.410551518201828	0.5185213685035706	0.21132062375545502	0.638879656791687	0.7503758668899536	0.3857966661453247	0.2626863121986389	0.9662253856658936	0.40988582372665405	0.14478030800819397	0.43198442459106445	0.7498798966407776	0.17623500525951385	0.7013707756996155	0.4749796390533447	0.39354872703552246	0.35440853238105774	0.15964275598526	0.6481956243515015	0.24557086825370789	0.8113088011741638	1.3056373596191406	0.059399206191301346	0.7686411142349243	0.01727810502052307	0.6252278089523315	0.4891573190689087	1.150665283203125	0.8687818646430969	0.5500017404556274	0.20488528907299042	1.1241105794906616	0.2984634041786194	0.598029613494873	1.0268847942352295	0.9587669968605042	0.6717442274093628	0.4439159631729126	0.23927204310894012	0.7534978985786438	0.18994584679603577	0.7352283596992493	0.24221506714820862	0.47835206985473633	0.48815786838531494	0.7287571430206299	0.5369928479194641	0.27536964416503906	0.3230050802230835	0.5667333006858826	0.5272949934005737	0.5672868490219116	1.521925687789917	1.1637895107269287	0.6165525913238525	0.7504208087921143	1.0472592115402222	0.24671852588653564	0.5824846029281616	0.6091437339782715	0.20008276402950287	0.1380266696214676	0.5728108882904053	0.7284202575683594	0.38298746943473816	0.34135663509368896	0.28385818004608154	0.3792220950126648	0.26308947801589966	0.12226611375808716	0.3549973666667938	0.650958776473999	0.6602889895439148	0.13147009909152985	0.3590434193611145	0.6787019371986389	0.8583332896232605	0.22242601215839386	0.46288883686065674	0.35832273960113525	0.369240939617157	0.247331440448761	0.5348606109619141	0.714599072933197	0.3199269473552704	0.8138080835342407	0.08231490105390549	1.5568710565567017	0.25846242904663086	1.2768431901931763	0.2865787148475647	0.030211839824914932	0.5743497610092163	0.43901151418685913	0.46605172753334045	0.7924073338508606	0.44293537735939026	0.27861732244491577	0.461790531873703	0.14824509620666504	0.5177955031394958	0.7301996350288391	0.2869724929332733	0.6331170201301575	0.2119618058204651	0.7100750207901001	0.6422977447509766	1.4413782358169556	0.3833853602409363	0.48973548412323	0.20585663616657257	0.0020445846021175385	0.9465053081512451	0.46244481205940247	0.48951783776283264	0.27221667766571045	0.49668556451797485	0.9325452446937561	0.7955158948898315	0.9002526998519897	0.5797854661941528	1.0455968379974365	0.886069118976593	0.6534739136695862	0.4254215657711029	0.754177987575531	0.4753550589084625	1.711751937866211	1.197528600692749	0.29492247104644775	0.2509782314300537	0.6928893327713013	0.6178242564201355	0.31318408250808716	0.2562755346298218	0.03958641737699509	0.6208849549293518	0.25761717557907104	0.773770272731781	0.4251437485218048	0.37145522236824036	0.24781005084514618	0.6284953951835632	0.1330137848854065	0.060646090656518936	0.589480996131897	0.7948881983757019	0.6842012405395508	0.749345600605011	0.5923129916191101	0.32771599292755127	0.278942346572876	1.1782652139663696	0.3225444555282593	0.5874559283256531	1.02983820438385	0.9407119750976562	0.5362114906311035	0.21442903578281403	0.28556501865386963	0.45560652017593384	0.277444988489151	0.3172650933265686	0.003531120251864195	0.3563401699066162	0.8526381850242615	1.8180776834487915	0.7545665502548218	0.17176327109336853	0.47247424721717834	0.800844132900238	0.3528277277946472	0.5537025332450867	0.15844649076461792	0.3957819938659668	0.8121705055236816	0.25831761956214905	1.2026785612106323	1.1124677658081055	0.3448954224586487	0.5782631635665894	0.6725093126296997	0.5142632722854614	0.053218401968479156	0.3528933823108673	0.5025174617767334	0.8009395003318787	0.7435885667800903	0.8459410667419434	0.18181906640529633	0.8598780632019043	0.3113841414451599	0.6505240201950073	0.4628499448299408	1.0226047039031982	0.9103510975837708	0.14603100717067719	1.0181827545166016	0.6780942678451538	0.5097838640213013	0.4539490044116974	0.5740887522697449	1.217708945274353	0.454336017370224	0.03272924944758415	1.1282780170440674	0.29788023233413696	0.2841838002204895	0.5597814321517944	0.9987584352493286	0.8276017904281616	0.1622239202260971	0.48287728428840637	0.39307597279548645	0.15897071361541748	0.29548823833465576	0.42456135153770447	0.663425862789154	0.42449265718460083	0.3166300654411316	0.8153105974197388	0.49088209867477417	0.6311478018760681	0.3332516849040985	0.8763903975486755	0.6687338352203369	0.3647769093513489	0.4621981680393219	0.4553164541721344	0.7128039598464966	0.9635187387466431	0.22074392437934875	0.7975795865058899	0.4557000696659088	0.45590177178382874	0.8453132510185242	0.6451908349990845	0.36537492275238037	0.4338291883468628	0.9213522672653198	0.5666843056678772	0.4063146710395813	0.23656155169010162	0.5254724025726318	0.042576443403959274	0.33957040309906006	0.49849531054496765	0.1749224066734314	0.7748159766197205	0.18408283591270447	0.2457531988620758	0.602419912815094	0.10231541842222214	0.11973756551742554	0.7210925221443176	0.8641728162765503	0.31660225987434387	0.634523868560791	0.7211241126060486	0.2803339958190918	0.25763243436813354	0.856659471988678	0.43093621730804443	0.3171854615211487	0.4565623104572296	0.4880312383174896	0.800641655921936	0.9279307723045349	1.135851502418518	0.7621415853500366	0.4520266056060791	0.49461883306503296	0.2281545102596283	0.1772056519985199	0.7945089340209961	0.3909049332141876	0.7191771268844604	0.715046226978302	0.45367684960365295	0.7602970004081726	0.3497765362262726	0.6034927368164062	0.14792460203170776	0.23732809722423553	0.8542839288711548	0.5568968057632446	0.26432687044143677	0.7292501926422119	0.26247093081474304	0.46428966522216797	0.4945465922355652	0.21153022348880768	0.33124294877052307	1.4616869688034058	0.5913693904876709	1.010570764541626	0.7200233340263367	0.6717478036880493	0.814644992351532	0.5384324193000793	0.4292317032814026	0.8157384395599365	0.5576785206794739	0.35503822565078735	0.31636661291122437	0.9455267190933228	0.32463791966438293	0.4360206723213196	0.17478607594966888	0.11018647998571396	0.9959867000579834	0.4100281894207001	0.656772255897522	0.2847862243652344	0.9682896137237549	0.33127132058143616	0.44114506244659424	0.284196674823761	0.16306538879871368	1.3942348957061768	0.45815861225128174	0.428969144821167	0.4533734917640686	1.168055772781372	0.5623441338539124	1.2208400964736938	1.026752233505249	0.5488907694816589	1.0329926013946533	0.2052919566631317	0.9973440170288086	0.054681479930877686	1.0381373167037964	1.2806037664413452	0.34523993730545044	0.2001531720161438	0.4585200548171997	0.9080407023429871	0.2894166111946106	0.8333368897438049	0.8380945920944214	0.6386656165122986	0.9012220501899719	0.38085097074508667	0.508913516998291	0.21751408278942108	0.6885952949523926	0.3945828378200531	0.2975740134716034	0.3791302740573883	0.39241746068000793	0.6057247519493103	0.3162078261375427	0.350328266620636	0.40721672773361206	0.16591696441173553	0.8013253808021545	0.6332195401191711	0.40332451462745667	0.8496022820472717	0.3830709457397461	0.43657100200653076	0.16617408394813538	0.39928898215293884	0.7694411873817444	0.6027349233627319	1.1828662157058716	0.20902368426322937	0.379874587059021	0.4066261947154999	0.007752619218081236	0.16854962706565857	0.6817442178726196	0.8945037722587585	0.9329226016998291	0.11360978335142136	0.5601898431777954	0.469137042760849	0.7174294590950012	0.2699488699436188	1.087235927581787	0.3206983804702759	0.3579000234603882	0.7554080486297607	1.0904070138931274	0.24611550569534302	0.4064182639122009	0.31027907133102417	1.2460663318634033	0.3497622311115265	0.33720526099205017	0.21677985787391663	0.7059796452522278	0.25727614760398865	0.18621063232421875	0.21314404904842377	0.6090028882026672	0.21681079268455505	0.19755998253822327	0.1547241508960724	0.7830034494400024	0.5680781602859497	0.9901316165924072	0.15463194251060486	1.187435269355774	0.645953357219696	0.28576767444610596	0.701163649559021	0.3837457299232483	0.2887689173221588	0.6557813882827759	0.9062062501907349	0.14806805551052094	0.46897274255752563	0.3982173204421997	0.5395011305809021	0.6513664126396179	0.20102879405021667	0.6064314246177673	0.31229206919670105	0.607629120349884	0.6214563846588135	0.9297894835472107	0.8509968519210815	0.6207608580589294	0.4678313732147217	0.2523505687713623	0.687103271484375	0.020925531163811684	0.17986328899860382	0.6034691333770752	1.9552191495895386	0.23911815881729126	0.01102237869054079	0.3827780783176422	0.3567732274532318	0.2790394425392151	0.5590630173683167	0.2603856325149536	0.262398898601532	0.33990049362182617	0.49282705783843994	0.4721415340900421	0.34618112444877625	0.8013849854469299	0.4252220392227173	0.18810617923736572	0.1941610425710678	0.5712110996246338	0.9550380706787109	0.7358741760253906	0.09011276066303253	0.292900413274765	1.2766227722167969	0.19485554099082947	1.2224725484848022	0.9738832116127014	0.20026074349880219	0.13556182384490967	0.3579484820365906	0.9574044942855835	0.5530045628547668	1.0450890064239502	0.3620258569717407	0.65448397397995	0.5563507676124573	0.8183577656745911	0.21220988035202026	0.37932145595550537	0.24141523241996765	0.882066547870636	0.5548316836357117	0.27453190088272095	0.22934167087078094	0.1920943558216095	0.4450339078903198	0.45042532682418823	0.18984469771385193	0.9054292440414429	0.3070238530635834	0.42845451831817627	0.29891863465309143	0.41692885756492615	1.3537944555282593	0.4545436203479767	0.5128445029258728	0.608407735824585	0.20758594572544098	0.2266257256269455	0.5001609325408936	0.7167598605155945	0.38599300384521484	0.3714229464530945	0.4544207751750946	0.027118556201457977	0.386879026889801	0.2296997308731079	0.2353886067867279	0.9358506202697754	0.3007606863975525	0.7956427335739136	0.46103283762931824	0.22498111426830292	0.28490158915519714	0.28687453269958496	0.8498355746269226	0.5146417617797852	0.3248624801635742	0.3969171345233917	0.35875990986824036	0.5433565974235535	1.5119603872299194	1.0288587808609009	0.1181827038526535	0.40630295872688293	0.7544955015182495	0.5204365849494934	0.4667074978351593	0.8812096118927002	0.21629959344863892	0.5741933584213257	0.9963436126708984	0.7264208793640137	0.0112888403236866	0.7102301120758057	0.14867839217185974	0.986370325088501	0.5983806848526001	0.50360107421875	0.3420175313949585	0.48536330461502075	0.20207351446151733	0.2122991383075714	0.17520099878311157	0.2755228877067566	0.2275090217590332	0.11173756420612335	1.27546226978302	1.467109203338623	0.5994567275047302	0.5058565735816956	0.03689686954021454	0.721024751663208	0.22602109611034393	0.7967602014541626	0.38395625352859497	0.4768619239330292	0.47870463132858276	1.128605604171753	0.8630408644676208	0.5077227354049683	0.2676105499267578	0.9805409908294678	0.5704194903373718	0.24086704850196838	0.6915642619132996	0.5594221353530884	0.3110838830471039	0.03464188054203987	1.0077195167541504	1.1847503185272217	0.9298487305641174	0.6164014935493469	0.18011927604675293	0.6206254363059998	1.7724289894104004	1.178794503211975	0.8916321992874146	0.5204628109931946	0.26611799001693726	0.602343738079071	1.3154447078704834	0.7995141744613647	0.7845985889434814	0.23562246561050415	0.4741455912590027	0.7703893780708313	0.8951174020767212	0.39342689514160156	0.23332199454307556	0.040139008313417435	0.3062114417552948	0.5961555242538452	0.4049169421195984	0.3068496882915497	1.4764474630355835	0.22876662015914917	0.8297422528266907	0.8135311603546143	0.5641688704490662	0.28966856002807617	0.6113307476043701	0.6514742374420166	0.8435300588607788	0.21777942776679993	0.3197445571422577	0.5731686949729919	0.404222309589386	0.9848427772521973	0.42972061038017273	0.5016915798187256	0.0	0.372693806886673	0.6987466812133789	0.2380337119102478	0.6069796085357666	1.0029451847076416	0.5780774354934692	0.37150049209594727	0.6659704446792603	0.22652527689933777	0.19551429152488708	0.5963143706321716	0.43262779712677	0.3207302689552307	0.3983951210975647	0.14479807019233704	0.23538468778133392	1.2214303016662598	0.14277023077011108	0.23709791898727417	0.5599988698959351	0.4140194356441498	0.44231534004211426	0.2946317195892334	1.037635326385498	0.15536963939666748	0.8297877907752991	0.9461480379104614	0.6612372398376465	0.554733157157898	1.20258367061615	0.8070800304412842	0.12271079421043396	0.643155038356781	0.42793071269989014	0.5296213030815125	0.5489832758903503	0.27967092394828796	0.40595489740371704	0.28807640075683594	0.5917536020278931	0.3173345625400543	0.24020947515964508	0.2885464131832123	0.3842519521713257	1.2619889974594116	1.0241260528564453	0.4721745550632477	0.6144884824752808	0.6409283876419067	0.3229197859764099	0.3647421896457672	1.0078697204589844	1.2795273065567017	0.3599644899368286	1.148869514465332	0.2919636368751526	0.29827049374580383	0.5460442304611206	0.35807955265045166	0.3759005069732666	0.7143519520759583	0.3721534311771393	0.3911561369895935	0.9203166365623474	0.7768253684043884	0.21070322394371033	0.4404394328594208	1.835186243057251	0.8341905474662781	0.05875709652900696	1.0332696437835693	0.8075363636016846	0.26320409774780273	0.6209307312965393	0.5629398822784424	0.35209035873413086	0.398101806640625	0.33668866753578186	0.5040268898010254	1.1154701709747314	0.4547051191329956	0.11004406213760376	0.0	0.3071514368057251	0.45372021198272705	0.32619741559028625	1.2219164371490479	0.32520219683647156	1.2188243865966797	0.598540186882019	0.06472517549991608	0.8316361308097839	0.40828758478164673	0.0	1.1032063961029053	0.06538477540016174	0.43409693241119385	0.39276471734046936	0.39143314957618713	0.9160051345825195	0.5481257438659668	0.5791473388671875	0.5742984414100647	1.1891436576843262	0.20708118379116058	0.843555748462677	0.3819708526134491	0.3345683813095093	0.10564717650413513	1.0709478855133057	0.211586132645607	0.33174848556518555	0.046406012028455734	1.1196351051330566	0.6547195315361023	0.7754548788070679	0.25886502861976624	0.8762403726577759	0.7821316719055176	0.2053140252828598	0.553153932094574	0.5164379477500916	1.0718556642532349	0.4971989393234253	0.25516438484191895	0.6474279165267944	0.6387510895729065	0.5805447101593018	0.6092675924301147	0.4112534523010254	0.6084564328193665	0.21045678853988647	0.3308923840522766	0.5365983247756958	0.49555376172065735	0.45551350712776184	0.3933264911174774	1.1768214702606201	1.1074714660644531	0.5417985320091248	0.45587432384490967	0.733108639717102	0.622810423374176	0.5236274600028992	0.6442998647689819	0.3222678601741791	1.0646125078201294	1.1379722356796265	0.07963476330041885	0.345810204744339	0.5236446261405945	0.2504135072231293	0.5080687999725342	0.21732097864151
0.16207696497440338	0.17035341262817383	0.3627944886684418	0.06411086022853851	1.2275946140289307	0.12134557217359543	0.3629826307296753	1.5304425954818726	0.4901239275932312	0.29376235604286194	0.1415848582983017	0.7399383187294006	1.1450448036193848	0.7125744819641113	0.4986432194709778	0.5500244498252869	0.16503149271011353	0.9566121697425842	0.4618895649909973	0.49088019132614136	0.8007110953330994	0.5176512598991394	0.32978877425193787	0.385588139295578	0.5475713014602661	0.4831598997116089	0.047008171677589417	0.711301326751709	0.5231485962867737	0.4943029582500458	0.594260573387146	0.343620240688324	0.046944569796323776	0.24348382651805878	0.31809908151626587	0.15314847230911255	0.3323710560798645	0.4056330919265747	0.7720693349838257	0.6524885296821594	0.5935524702072144	0.1985785961151123	0.36766287684440613	0.5440933108329773	0.25304412841796875	0.7799572944641113	0.5352035760879517	0.2894977927207947	0.32268205285072327	0.8968569040298462	0.83431077003479	0.6317744851112366	0.6125481724739075	0.75518798828125	0.7788078784942627	0.4162810742855072	0.06760153919458389	1.3610422611236572	0.3227308392524719	0.024003364145755768	0.12300683557987213	1.0541130304336548	0.14771872758865356	0.5319891571998596	0.3215450346469879	0.4558456540107727	1.0271105766296387	0.5706765055656433	0.04905172064900398	0.44148629903793335	0.3959347903728485	0.3263634443283081	0.7878015637397766	0.8971475958824158	0.523353099822998	0.26455962657928467	0.5699558854103088	0.3217209577560425	0.4255124628543854	0.5635421872138977	1.8663849830627441	0.24355994164943695	0.33444884419441223	0.21541547775268555	0.4680692255496979	0.25105488300323486	0.5587420463562012	0.8970997929573059	0.4531998038291931	0.29453521966934204	0.6730846762657166	0.43371617794036865	0.5379963517189026	0.6289487481117249	0.44566333293914795	0.29262351989746094	0.3781966269016266	0.3548193573951721	0.7889565229415894	0.5457504987716675	0.24127818644046783	1.0001145601272583	0.28175193071365356	0.676289439201355	0.2720107138156891	0.26613229513168335	0.4026433825492859	0.3652217388153076	0.8425695896148682	0.9794812202453613	0.6766796708106995	0.556492269039154	0.4756011664867401	0.5407896041870117	0.8973067402839661	0.46293768286705017	0.5427671670913696	0.751031756401062	0.4046124517917633	0.0023274498526006937	1.2344856262207031	0.6822594404220581	0.6956178545951843	0.34163573384284973	1.1115304231643677	0.22740784287452698	0.5420781970024109	0.3393997550010681	0.8221494555473328	1.2515709400177002	0.2831256091594696	0.48613086342811584	0.37632137537002563	0.6020963788032532	0.4052075743675232	0.49552279710769653	0.7021081447601318	0.6600354909896851	0.5200851559638977	0.4844051003456116	0.682083010673523	0.18877239525318146	0.44142571091651917	0.39662352204322815	1.0018659830093384	1.0074164867401123	1.075142741203308	0.6097825169563293	1.3150941133499146	0.7187215089797974	0.42417097091674805	0.2971252501010895	0.7565259337425232	0.15532554686069489	0.4582606554031372	0.9255740642547607	0.53691565990448	0.7239351868629456	0.34465503692626953	0.27020251750946045	0.19016867876052856	0.6749898791313171	0.3408931493759155	0.30305764079093933	0.35349178314208984	0.3605539798736572	0.019511492922902107	0.2534354329109192	0.12191811203956604	0.019749194383621216	0.14143162965774536	0.37513893842697144	0.41199159622192383	0.7045796513557434	0.42778128385543823	0.30247795581817627	1.0080788135528564	0.9208657741546631	0.3731802999973297	0.3032519817352295	0.5317338705062866	0.14671821892261505	0.5748671889305115	0.8975671529769897	0.5464720726013184	0.22527796030044556	0.17026874423027039	0.22825908660888672	0.6433027982711792	0.4845210015773773	0.6191848516464233	0.33226466178894043	0.9884117841720581	0.32361772656440735	0.27302369475364685	0.24604389071464539	0.7566579580307007	0.33032482862472534	0.6592420935630798	0.6315466165542603	0.7391088008880615	0.06374375522136688	0.46955010294914246	0.6901386380195618	1.284133791923523	0.33976277709007263	0.3834880590438843	0.6831280589103699	0.0	0.8647009134292603	0.05791354924440384	0.626427173614502	0.17391251027584076	0.637401819229126	0.14963652193546295	0.15531781315803528	0.4071647524833679	0.6542747616767883	0.4305456280708313	0.6875167489051819	0.6236549615859985	0.32349351048469543	0.5607489347457886	1.114054799079895	0.1696546971797943	0.48411864042282104	0.8274222016334534	0.2972467839717865	0.24669401347637177	0.19042710959911346	0.8129993677139282	0.5947717428207397	0.17279966175556183	1.4761601686477661	1.1143158674240112	0.6842378973960876	0.2497308850288391	0.7686266899108887	0.3782486021518707	0.45819541811943054	0.7798327803611755	0.5866709351539612	1.0443425178527832	0.6733393669128418	0.4325494170188904	0.5974118709564209	0.4581616520881653	0.8100090622901917	0.18491095304489136	0.6765704154968262	0.743220329284668	0.6592562198638916	1.2137285470962524	0.23306739330291748	0.5294439196586609	1.011088490486145	1.3445346355438232	1.4897959232330322	0.9598392248153687	0.3958640694618225	0.22090987861156464	0.8765138387680054	0.5414318442344666	0.38157394528388977	0.5626949071884155	0.1431613266468048	0.3421551585197449	0.17908060550689697	0.2955246567726135	0.9264999628067017	0.6912297010421753	0.8063241839408875	0.8173083066940308	0.28693535923957825	0.14406797289848328	0.5079119205474854	0.17815420031547546	1.107141137123108	0.3787674009799957	0.32255107164382935	0.169827401638031	1.0145728588104248	0.3842705488204956	0.1554921269416809	0.48190557956695557	0.9636048078536987	0.24138770997524261	0.5873070359230042	0.16927027702331543	0.9092233777046204	0.41641920804977417	0.6426888704299927	0.38514724373817444	0.23321984708309174	0.4960029125213623	0.9780920147895813	1.0079753398895264	0.32674214243888855	0.5071624517440796	0.29070979356765747	0.1007484495639801	0.12458086758852005	0.8313382267951965	0.3224330246448517	0.7570149302482605	0.26520952582359314	0.2661018967628479	0.2677544355392456	0.4057979881763458	1.1493909358978271	0.06838038563728333	0.22433991730213165	0.8221590518951416	1.1975065469741821	0.3157653212547302	0.8877912759780884	0.18750765919685364	0.6222227811813354	0.39961156249046326	1.141487956047058	0.18829619884490967	0.09772081673145294	0.5180139541625977	0.07902966439723969	1.1405149698257446	0.5173376798629761	0.34023281931877136	0.2878970503807068	0.6725165843963623	0.6507325172424316	0.8798729777336121	0.4204346537590027	0.31254714727401733	0.45975741744041443	0.8937098979949951	0.35246706008911133	0.8694543242454529	0.18077461421489716	0.8257731199264526	0.7625732421875	0.25692957639694214	0.038956303149461746	0.22855238616466522	0.3637787103652954	0.4109888970851898	0.3857481777667999	0.7237669229507446	0.21780772507190704	1.2734209299087524	0.3021846115589142	1.037564992904663	0.2470884472131729	0.47263339161872864	0.891696572303772	1.022508144378662	0.18269094824790955	0.45222175121307373	0.6089645624160767	0.2791972756385803	0.7030708193778992	1.3950238227844238	0.7099587321281433	0.18961845338344574	0.31356263160705566	1.032099723815918	0.23832084238529205	0.40077322721481323	1.4112190008163452	0.3732874095439911	0.34279757738113403	0.30149343609809875	0.4654354453086853	0.5822733640670776	0.2667992413043976	0.22186855971813202	0.5275800228118896	1.3984915018081665	0.4113024175167084	0.9467006921768188	0.81358802318573	0.29056158661842346	0.6880829930305481	0.36645808815956116	0.49425208568573	0.48577916622161865	0.3526749610900879	0.4963725209236145	0.3491761088371277	0.5094771385192871	0.39440682530403137	0.2201981246471405	1.0613077878952026	0.20384007692337036	1.000162959098816	0.34091946482658386	0.8100162744522095	0.8990668654441833	0.5188857316970825	1.3009880781173706	1.2199229001998901	0.2758446931838989	0.5926048755645752	0.13828091323375702	0.6439505219459534	0.6919509768486023	0.569514274597168	0.48041611909866333	0.2872699201107025	0.22695566713809967	0.15222905576229095	0.2515490651130676	0.523686408996582	1.0429203510284424	0.10402343422174454	0.45035320520401	0.8011088371276855	0.4501999020576477	0.7229958772659302	0.24010422825813293	0.22996139526367188	0.21460792422294617	0.045315396040678024	1.0069841146469116	0.45960840582847595	0.39682117104530334	0.6325145959854126	0.6913679838180542	1.0532103776931763	0.5983845591545105	0.29646801948547363	0.08970306068658829	0.11347086727619171	0.7790672779083252	0.6919780969619751	0.781592845916748	0.5274162292480469	0.3993690311908722	0.9636546969413757	0.20306627452373505	0.11226172745227814	1.2810124158859253	1.5349754095077515	1.3084464073181152	0.7180951833724976	0.5190430283546448	0.22444064915180206	1.0088125467300415	0.6284253001213074	0.7015159130096436	1.1691136360168457	0.14888274669647217	0.2720196843147278	0.28910356760025024	0.9411014318466187	0.5267269611358643	0.188815176486969	0.6448628902435303	0.4532029628753662	0.33407312631607056	0.2580011785030365	1.2466493844985962	0.5246429443359375	0.18605707585811615	0.20628130435943604	0.2713906168937683	0.2486100196838379	0.10062352567911148	0.2226782888174057	0.3154008984565735	0.4771696925163269	0.4922768771648407	0.44338682293891907	0.7763873934745789	0.6357926726341248	0.8624271154403687	0.033341504633426666	0.7998272180557251	1.0779259204864502	0.12376987934112549	0.400392085313797	0.3776421546936035	0.49785885214805603	1.0616154670715332	0.24200528860092163	1.481201171875	0.7720760107040405	0.5415266752243042	1.5462825298309326	0.6681637167930603	0.3888634145259857	0.6405004262924194	0.2785409986972809	1.0773098468780518	0.6643334031105042	0.1801316738128662	0.5774132013320923	0.5450449585914612	0.25150761008262634	0.3104934096336365	0.756905198097229	0.6789687275886536	0.9405115842819214	0.016096726059913635	0.3012584447860718	0.7324477434158325	1.0111470222473145	0.044696323573589325	0.6855096817016602	0.37234193086624146	0.31061437726020813	0.30593690276145935	0.10080289840698242	0.3687906861305237	0.21687951683998108	0.38324153423309326	0.5036866068840027	0.27245575189590454	0.3708329200744629	0.8796632289886475	0.8401519656181335	0.4635016918182373	1.2448071241378784	0.8147613406181335	0.9884244799613953	0.4011475145816803	0.6253383159637451	0.9104143977165222	0.8668169975280762	0.03690633922815323	0.6793112754821777	0.20996838808059692	0.189036026597023	0.6324601769447327	1.0850300788879395	0.9347155094146729	0.30624350905418396	0.47905924916267395	0.3920959532260895	0.7959297895431519	0.23697641491889954	1.1503435373306274	0.5674422979354858	0.21983616054058075	0.21279630064964294	0.46615561842918396	0.4510151147842407	0.7537404894828796	0.18430736660957336	0.21728068590164185	0.2094115912914276	0.04290573298931122	0.7676883339881897	0.4368378818035126	0.3105798661708832	0.11758595705032349	0.3705390989780426	0.6842523217201233	0.7129056453704834	0.34833887219429016	0.5042510032653809	0.5686212182044983	1.113773226737976	0.32490843534469604	0.05356423184275627	1.188376784324646	0.28855112195014954	0.8684291243553162	0.2051849216222763	0.2367314100265503	0.4645439088344574	0.9440891146659851	0.24473492801189423	1.2680988311767578	0.43749597668647766	0.6516077518463135	0.41602784395217896	0.01096823439002037	0.5158030986785889	0.36986371874809265	0.18412885069847107	0.6662388443946838	0.4854189157485962	0.7528193593025208	0.5977852940559387	0.4726894497871399	0.8774165511131287	0.2506498694419861	0.06533659249544144	0.4347405433654785	0.5580443143844604	0.8686937093734741	0.5990983843803406	0.6564664244651794	0.39764314889907837	0.26037177443504333	0.25771933794021606	0.3928268551826477	0.6430225968360901	0.4028129577636719	0.5705099105834961	0.44897040724754333	0.8619835376739502	0.44850072264671326	0.5555629730224609	0.5037387013435364	0.7492821216583252	0.3216567039489746	0.4451746344566345	0.17088741064071655	0.1264822781085968	0.1547665148973465	0.43831318616867065	0.23367750644683838	0.2972140312194824	0.08918362855911255	0.16369053721427917	0.15123094618320465	0.6062988042831421	0.16915057599544525	0.6571800708770752	0.6611676216125488	0.1941700279712677	0.5825282335281372	0.8460245132446289	0.4672498106956482	0.3818679749965668	0.21059980988502502	0.6899861693382263	0.3359227478504181	0.34590479731559753	0.2892780005931854	0.39184194803237915	0.1669062227010727	1.0966711044311523	0.08110971003770828	0.33834466338157654	0.06568346172571182	0.7705268859863281	0.25166118144989014	0.5558777451515198	0.5070676803588867	0.6601641178131104	0.6356481313705444	0.556684672832489	1.0866533517837524	0.36608201265335083	0.37807244062423706	0.536225438117981	0.028287410736083984	0.07217154651880264	0.5403674840927124	0.16568943858146667	0.38529667258262634	0.26889562606811523	0.3574169874191284	0.43210241198539734	0.432479590177536	0.733966588973999	0.8237759470939636	0.44179773330688477	0.3183528184890747	0.2277669906616211	0.4253380298614502	0.35613811016082764	0.7070397138595581	0.6180707216262817	0.8650017976760864	0.27708616852760315	1.5844604969024658	0.4828493297100067	0.4585641622543335	0.42398861050605774	0.4173341691493988	0.9245666265487671	0.6126669645309448	0.36907899379730225	0.970930278301239	1.003265619277954	0.8389890193939209	0.29652488231658936	0.8310869336128235	0.3812287747859955	0.6327940821647644	0.6124639511108398	0.7683289647102356	0.45211780071258545	0.387530118227005	0.6482461094856262	0.1369028389453888	0.6804607510566711	0.8062266707420349	0.7641389966011047	0.19248664379119873	0.3185250759124756	0.31443944573402405	0.07923687994480133	0.4031636416912079	0.6381067633628845	0.8012547492980957	0.7882630825042725	0.7058143019676208	0.8216907978057861	0.08036968111991882	0.2175062596797943	0.4486408531665802	0.25486087799072266	0.7298937439918518	0.3312467932701111	0.09162012487649918	0.32065656781196594	1.1092920303344727	0.5765596032142639	1.4365239143371582	0.44565361738204956	0.2636805474758148	0.6162015199661255	0.1409054696559906	0.6927849054336548	0.42505621910095215	0.7927058339118958	0.6057453155517578	0.982283353805542	0.8118722438812256	0.3812340497970581	0.2127704918384552	0.01777031272649765	1.2728219032287598	0.3601723909378052	0.18224874138832092	0.39489853382110596	0.40136826038360596	0.37660253047943115	0.4042995274066925	0.7724655866622925	0.26386159658432007	0.6676087379455566	0.1991855502128601	0.6575971245765686	0.08026626706123352	0.2567509114742279	0.17062397301197052	1.2453938722610474	0.5489627122879028	0.3930682837963104	0.3275459408760071	0.44843852519989014	0.4364081621170044	0.6150540709495544	0.4032542109489441	0.14163033664226532	0.2541956603527069	0.2542448937892914	0.48600780963897705	0.2182295173406601	0.13478173315525055	0.7250674366950989	1.0601930618286133	0.186899334192276	0.644903838634491	1.0017555952072144	0.7457664608955383	0.5735335350036621	0.16289636492729187	0.7651610374450684	0.28947609663009644	0.17915906012058258	0.6294638514518738	0.5435783267021179	0.4733160138130188	0.8526046872138977	0.22924014925956726	0.5680221319198608	0.5340794920921326	0.4811429977416992	1.1042513847351074	0.8516190052032471	0.8600709438323975	0.2422502189874649	0.2161337435245514	0.5089888572692871	0.7642794847488403	1.6187751293182373	0.6311529874801636	0.4123394787311554	0.6528307795524597	0.35566723346710205	0.23183336853981018	0.36372363567352295	0.7499200105667114	0.4550029933452606	0.6843705177307129	0.4582841992378235	0.12214136123657227	1.086367130279541	0.561600387096405	0.6081687808036804	1.7078511714935303	0.5213063359260559	0.29890742897987366	0.19387836754322052	0.4419526159763336	0.38479965925216675	0.8818227052688599	1.061689853668213	0.2566838562488556	0.18815946578979492	1.5228793621063232	0.8102614879608154	0.861976683139801	0.5829669237136841	0.2203475534915924	0.13985970616340637	0.7054175734519958	0.5988303422927856	0.3533456325531006	0.6125978231430054	1.0531933307647705	0.9439828991889954	0.3284493088722229	0.3908778131008148	0.5935288667678833	0.2295350581407547	0.5282034873962402	0.3020740747451782	0.42860928177833557	1.1803195476531982	0.6240226626396179	0.2810547947883606	0.2826325297355652	0.20601870119571686	0.36738911271095276	0.7127534747123718	0.7751560807228088	1.2114906311035156	0.46501976251602173	0.8251191973686218	0.6909076571464539	0.40077728033065796	0.3615648150444031	1.2632428407669067	0.5034664273262024	0.4305284321308136	0.6305819153785706	0.4269629716873169	0.14934001863002777	0.5843839049339294	0.4816168248653412	0.9675191044807434	1.0002515316009521	0.016603993251919746	0.5512152910232544	0.31552988290786743	0.6026261448860168	0.6407105922698975	1.0063400268554688	0.4144899249076843	0.5586029291152954	0.08838139474391937	0.36998361349105835	0.5499621629714966	0.6764825582504272	0.10666914284229279	0.3520439565181732	0.8799353837966919	0.6929962038993835	0.5269341468811035	0.0	0.48018720746040344	0.9049138426780701	0.27112293243408203	0.6252748966217041	0.5252872109413147	0.4478808045387268	0.1894378960132599	0.7175531983375549	1.0164659023284912	0.5084744095802307	0.4608217477798462	1.3348127603530884	0.3895998001098633	0.9798336625099182	0.8125748634338379	0.7602304220199585	0.9494351744651794	0.3684248924255371	0.23582550883293152	0.6951582431793213	0.5733657479286194	0.2875111401081085	0.18317364156246185	0.5410588979721069	0.6968693733215332	0.3371098041534424	0.09191316366195679	0.6400220394134521	0.3712063431739807	0.24438175559043884	0.8662095665931702	0.6285204291343689	0.14945577085018158	0.12350061535835266	0.46998393535614014	0.9582464098930359	0.6101585626602173	0.4805239140987396	0.9665166139602661	0.28928956389427185	0.060584113001823425	0.7214188575744629	0.39367616176605225	0.24810680747032166	0.5430271625518799	0.5468194484710693	0.4892476499080658	0.8018849492073059	0.6303145885467529	0.25074437260627747	0.1084936186671257	0.3253936171531677	0.29581138491630554	0.7216764688491821	0.35678672790527344	0.6116185784339905	0.8815191388130188	0.687801718711853	0.25937849283218384	0.3335878551006317	0.4126667380332947	0.4153903126716614	0.45910122990608215	0.8044238090515137	1.2805473804473877	0.3489590883255005	0.7561753988265991	0.3167290985584259	0.5588477849960327	0.5245006680488586	0.3063702881336212	0.3385278284549713	0.35042983293533325	0.33442407846450806	0.08768999576568604	0.4002271890640259	0.2770591080188751	0.35673126578330994	0.3111482560634613	0.9300755858421326	1.2185910940170288	0.991839587688446	0.5420799255371094	0.3844414949417114	0.8714171051979065	1.3312602043151855	0.41255685687065125	0.3072763681411743	0.5986953377723694	0.8531084060668945	0.3394972085952759	0.6297270655632019	0.0962657779455185	0.2402953952550888	0.4104838967323303	0.5779736042022705	1.0623096227645874	0.50309157371521	0.8650043606758118	0.5208281874656677	0.2635080814361572	1.3852449655532837	0.8873372673988342	0.17534063756465912	0.3575513958930969	0.8211601972579956	0.3774431049823761	0.5334519147872925	0.5552006959915161	0.6909691095352173	0.6423896551132202	0.676255464553833	0.12537142634391785	1.0722949504852295	0.41864287853240967	0.6759121417999268	0.44275450706481934	0.237700417637825	0.18679803609848022	0.2567400634288788	0.39773255586624146	0.8890396356582642	1.091235876083374	0.37834596633911133	0.7564831972122192	0.5952072143554688	0.7600424289703369	1.6380670070648193	0.3623657822608948	0.6947970390319824	0.7676305174827576	0.5023711919784546	0.25323906540870667	0.22273613512516022	0.5627537965774536	0.5566443800926208	0.5895761251449585	0.602864146232605	0.4314444959163666	0.2102491408586502	0.3851301074028015	0.9073548913002014	0.4583979845046997	0.6203222274780273	0.28439128398895264	0.023052452132105827	0.29871314764022827	0.16138626635074615	0.775635838508606	0.5800646543502808	0.5117472410202026	0.5882548093795776	1.0307248830795288	0.20613329112529755	0.8046888113021851	0.2886163592338562	0.16181018948554993	0.3772067427635193	0.11689858138561249	0.3276192843914032	0.8549064993858337	0.9129273891448975	0.7519974708557129	0.6224914193153381	1.0584849119186401	0.7305469512939453	0.2858780026435852	1.0479071140289307	0.7110720276832581	0.26178792119026184	0.8795480728149414	0.8134015202522278	0.18762585520744324	0.7381356954574585	0.5488693714141846	0.21249929070472717	1.0004351139068604	0.2486240267753601	0.16607466340065002	0.7639757394790649	0.05998987704515457	0.27668842673301697	0.7444496154785156	0.5427287817001343	0.8912670612335205	0.9612234234809875	0.4944469928741455	0.2137526571750641	0.336368203163147	0.4790463447570801	0.4903041422367096	0.689279317855835	0.1971030831336975	0.7465499639511108	0.721601128578186	0.32245776057243347	0.11089987307786942	0.2786262631416321	0.7699092626571655	0.23466835916042328	0.4351089596748352	0.11561057716608047	1.1655786037445068	0.05125931650400162	0.4978143274784088	0.6352114677429199	0.13013146817684174	0.2516823410987854	0.310250848531723	1.2908633947372437	0.40945035219192505	0.43114936351776123	0.6087780594825745	0.20178860425949097	0.2733844816684723	0.542165219783783	0.5470826029777527	0.9369127750396729	0.809680700302124	1.070354700088501	1.3059918880462646	0.8601137399673462	0.43178126215934753	0.17485220730304718	1.2383811473846436	0.22706523537635803	0.7929283976554871	0.1844797134399414	0.24731291830539703	0.2514265477657318	0.8921265602111816	0.3453737795352936	1.109803557395935	0.5402767062187195	0.5606844425201416	1.2044036388397217	1.3955554962158203	0.7939351797103882	0.7897241115570068	0.11708483099937439	1.1144901514053345	0.8923571109771729	0.8375303745269775	0.8165590167045593	0.8230299353599548	0.4220385253429413	0.9134033918380737	0.19770283997058868	0.4256245195865631	0.22959841787815094	0.4250324070453644	1.874557614326477	0.4501756429672241	0.7038009166717529	0.13632261753082275	1.0230211019515991	0.26921501755714417	0.20672795176506042	0.4039795398712158	0.48482269048690796	0.2940002679824829	0.6126229763031006	0.08195854723453522	0.16652897000312805	0.7875571846961975	1.400585651397705	0.4388244152069092	0.19250822067260742	0.49328845739364624	0.07254809141159058	0.362210214138031	0.33345329761505127	0.5791437029838562	0.29502421617507935	0.18953830003738403	0.1817667931318283	1.0372735261917114	0.45412296056747437	0.1590610146522522	0.19415059685707092	0.9643003344535828	0.49178919196128845	0.44994863867759705	0.3830917179584503	0.3792218267917633	0.7771987915039062	0.4302276074886322	0.657293438911438	0.31274837255477905	0.5200744271278381	1.1821112632751465	0.13506625592708588	0.5805966258049011	1.5283915996551514	1.0339112281799316	0.28812068700790405	0.30588382482528687	0.7006033062934875	0.6325711607933044	1.0435582399368286	0.5790672302246094	1.2677993774414062	0.28902503848075867	0.6300101280212402	0.7157688736915588	0.23071232438087463	0.10868953913450241	0.7160437703132629	0.15606015920639038	0.18726135790348053	0.09111672639846802	0.6980441808700562	1.3083720207214355	0.9354596138000488	0.6998092532157898	0.20715934038162231	0.17109785974025726	0.36779487133026123	0.47530844807624817	0.850226104259491	0.36538735032081604	0.29893073439598083	1.080854892730713	1.0664610862731934	0.7900610566139221	0.5436272621154785	0.7659619450569153	0.17658470571041107	0.4966448247432709	0.3974285125732422	0.5421103835105896	0.43692803382873535	0.618331789970398	0.37368711829185486	0.4595462679862976	0.3303351104259491	0.6240001916885376	0.4828757047653198	0.921649158000946	0.4648270010948181	0.7011491060256958	0.9675058126449585	0.8570587038993835	0.5000274181365967	0.15921324491500854	0.40681010484695435	0.17429330945014954	0.46999064087867737	0.7920318841934204	0.2058546096086502	0.5508706569671631	0.39425793290138245	0.9243173003196716	0.3660750687122345	0.4523501992225647	0.24758674204349518	1.3802893161773682	0.34026169776916504	0.6286792159080505	0.7380470633506775	0.46879154443740845	0.7806053161621094	0.7472432255744934	0.17516924440860748	0.02533411793410778	0.40943068265914917	0.16541123390197754	0.6508960723876953	0.8874478340148926	0.333799809217453	0.8666917085647583	0.6938696503639221	0.8194119930267334	0.796169638633728	0.7279179692268372	0.5011354684829712	0.5577846765518188	0.9788485765457153	0.522111177444458	0.5178956985473633	0.3355906009674072	0.5028539896011353	0.38267266750335693	0.31493663787841797	0.4758351445198059	0.2566344141960144	0.17396003007888794	1.5388703346252441	0.21850526332855225	0.3164374828338623	0.6334845423698425	0.749092161655426	0.20106835663318634	0.2978290617465973	0.7912981510162354	0.3082457184791565	0.34514379501342773	0.15149374306201935	0.27407845854759216	0.3721402585506439	0.5474063158035278	0.22832423448562622	0.7779742479324341	0.8212703466415405	0.5674885511398315	0.4232584834098816	0.3482430577278137	0.5945559740066528	1.314740538597107	0.5789986252784729	1.1120080947875977	0.3785203993320465	0.6029202938079834	0.4999110698699951	0.3514493405818939	0.8930168747901917	0.34317514300346375	0.6702568531036377	0.29423078894615173	0.35630184412002563	1.1392656564712524	0.8353258371353149	0.7964128851890564	0.855735719203949	0.4351426959037781	0.4821655750274658	0.3816889822483063	0.23026815056800842	0.2848983407020569	0.6459205150604248	0.47278308868408203	0.2567748427391052	0.5021219253540039	0.2931342124938965	0.018690183758735657	0.2770024836063385	0.6551848649978638	0.26687532663345337	0.6426536440849304	0.4178970456123352	0.3281855285167694	0.3590242266654968	0.21145452558994293	0.5741863250732422	0.40478602051734924	0.5054738521575928	0.19173884391784668	0.9616010785102844	0.45463287830352783	0.21976983547210693	0.7279341816902161	0.32251647114753723	1.2218676805496216	0.09772959351539612	0.7499363422393799	0.17937937378883362	0.6873842477798462	0.4388163983821869	0.24429357051849365	0.38739559054374695	0.12092326581478119	0.6647621393203735	0.7467473745346069	0.1979634314775467	0.6824522018432617	0.4110524654388428	0.42275354266166687	0.8208703398704529	0.14064297080039978	0.3921651840209961	0.9229797124862671	0.3733986020088196	0.2689526677131653	0.12485051900148392	0.4919765591621399	0.848782479763031	0.35145434737205505	0.6709296703338623	1.021369218826294	0.8381651043891907	0.3120216429233551	0.24305902421474457	0.6874387264251709	0.3215045928955078	0.46829622983932495	0.12702473998069763	0.15137410163879395	0.4282067120075226	0.6102241277694702	1.133665680885315	0.7506129741668701	1.1289187669754028	0.408481240272522	0.5213617086410522	0.5100249648094177	1.0732669830322266	0.12979525327682495	0.6453375816345215	0.8541063666343689	0.4297170042991638	0.1333390772342682	0.8282179236412048	0.32166358828544617	0.48243778944015503	0.42700842022895813	0.5257473587989807	0.4093720018863678	0.8646403551101685	0.6874471306800842	0.04555823281407356	0.48530587553977966	0.5921561121940613	1.2889548540115356	0.22266224026679993	1.1721388101577759	0.25460559129714966	0.6613951921463013	0.41294825077056885	0.3212764263153076	0.904763400554657	0.6226472854614258	0.3151935040950775	0.3885905146598816	0.47673147916793823	1.3604720830917358	0.22566719353199005	0.9447391033172607	0.6234878897666931	0.41715484857559204	0.3958369493484497	0.3916434943675995	0.5365800261497498	0.7659779191017151	0.8994747400283813	0.18618905544281006	0.38733479380607605	1.086679220199585	0.2847437560558319	0.5201601982116699	0.9427577257156372	0.8509050607681274	0.30838990211486816	1.2651870250701904	0.9192363619804382	0.6981841325759888	0.2918762266635895	0.09579047560691833	0.8963677883148193	0.5451450943946838	0.3619932234287262	0.5920284986495972	0.7876383662223816	1.4624133110046387	0.443219929933548	0.3220761716365814	0.2749670445919037	0.8446162939071655	0.11831334233283997	0.8060578107833862	0.26743942499160767	0.7254509329795837	0.7924319505691528	0.6798020601272583	0.16005341708660126	0.36803677678108215	0.7157155871391296	0.7361766695976257	0.356884628534317	0.44137048721313477	0.3854522705078125	0.633929967880249	0.16696342825889587	0.2757370173931122	1.141513466835022	0.7494794726371765	1.4412403106689453	0.527815043926239	0.03661337122321129	0.1304633617401123	0.8472287058830261	0.7592459917068481	0.12985919415950775	0.23829273879528046	0.5306264758110046	0.14528842270374298	0.5641322135925293	0.6671910285949707	0.430171400308609	0.022892329841852188	0.3471004068851471	0.686998724937439	1.2337111234664917	0.5399772524833679	0.9238736629486084	0.7025570869445801	0.3135264813899994	0.13563378155231476	0.42146801948547363	0.5140454769134521	0.4682665765285492	0.4561607837677002	0.1900993287563324	1.0117316246032715	0.49502044916152954	0.1528446227312088	0.7814055681228638	0.675761342048645	0.046953026205301285	0.42937082052230835	0.5754542946815491	0.6398972272872925	0.1921304166316986	0.3630911409854889	1.030921459197998	0.20834998786449432	0.4784044027328491	1.4066765308380127	0.4072107970714569	0.3526819050312042	0.09830763936042786	0.4681015610694885	0.5303534269332886	0.957611083984375	0.6861423850059509	0.009231891483068466	0.34931471943855286	0.0019016775768250227	0.6630404591560364	0.18481627106666565	0.58256995677948	0.8827574253082275	0.8881855010986328	0.8250256776809692	0.259160578250885	0.19475038349628448	0.7769780158996582	0.34416282176971436	0.2222539782524109	1.0142457485198975	0.22116616368293762	0.663051426410675	0.06491792947053909	0.4800434112548828	0.22023452818393707	0.655927836894989	0.6910618543624878	0.7208417654037476	0.12695829570293427	0.6837073564529419	0.7246497869491577	0.6762919425964355	0.3736685812473297	0.5693516731262207	0.619642436504364	0.4683106541633606	0.051082734018564224	0.5263189077377319	0.44716939330101013	0.4854983687400818	0.483667254447937	0.6788131594657898	0.4730893671512604	0.22989295423030853	0.6392413377761841	0.7929298281669617	0.6513276696205139	0.4874080717563629	0.17879299819469452	0.38352927565574646	0.2836000919342041	0.44937264919281006	0.6196017265319824	0.3309669494628906	0.19590693712234497	0.2901085913181305	0.44698354601860046	0.40101325511932373	1.150511384010315	0.4822956919670105	0.4351097047328949	0.7189927697181702	0.33566614985466003	0.6183198094367981	0.7625337839126587	0.3666481673717499	0.40881258249282837	0.07153733819723129	0.5365764498710632	0.6861343383789062	0.16868364810943604	0.7413523197174072	0.9108246564865112	0.15142573416233063	0.40249159932136536	0.8029249906539917	0.5846350193023682	0.9972037076950073	0.3638082444667816	0.25321701169013977	0.6024967432022095	0.2723502516746521	0.7543635964393616	0.4080042243003845	0.48497259616851807	1.1203300952911377	0.4517548084259033	0.9574931859970093	0.4006851017475128	0.29580792784690857	0.5629057884216309	0.7307214140892029	0.5441107749938965	0.16563165187835693	0.3165992200374603	0.2703559994697571	0.420604407787323	0.4368416368961334	0.1862017810344696	1.3913867473602295	0.5902758240699768	0.7466469407081604	1.0653438568115234	0.30472907423973083	0.4637371599674225	0.41896581649780273	0.6594504117965698	0.9144538044929504	0.5103729963302612	0.8044717907905579	0.1864766925573349	0.8593757152557373	0.6010022163391113	0.714931845664978	0.9801671504974365	0.41812190413475037	0.8006107211112976	0.3952057659626007	0.11062852293252945	0.29458194971084595	0.11529120802879333	0.22235272824764252	0.372294545173645	0.4158656895160675	0.5546034574508667	0.550819456577301	0.5717283487319946	0.36733710765838623	0.3956684172153473	0.25770479440689087	0.67538982629776	0.23420467972755432	0.33306431770324707	0.5368265509605408	0.1402348428964615	0.7641775012016296	0.562376856803894	0.3771209120750427	0.9999847412109375	0.6759916543960571	0.33583956956863403	0.3727802038192749	0.49805748462677	0.779889702796936	0.25755923986434937	0.6921261548995972	0.6376941204071045	0.917449951171875	0.6426758170127869	0.5251023769378662	0.4477000832557678	0.43997251987457275	1.1015058755874634	0.5919836163520813	0.30527231097221375	0.19000615179538727	0.7430675029754639	0.26651379466056824	0.22471573948860168	0.6830326914787292	0.2844785451889038	0.49556484818458557	0.7619746923446655	0.16323044896125793	0.39682742953300476	0.17811530828475952	0.20271113514900208	0.8520500659942627	0.1188461109995842	0.110650435090065	0.6508032083511353	0.7938768267631531	1.3853167295455933	0.1538749635219574	0.3862147331237793	0.5781424641609192	0.3153669834136963	0.5892969965934753	0.4023721516132355	0.7178391814231873	0.9072124361991882	0.09063049405813217	0.16945703327655792	0.26845046877861023	0.5644503831863403	0.15067070722579956	0.3863474130630493	0.5238587856292725	0.3046821355819702	0.5896223187446594	0.9110960364341736	0.49658116698265076	0.7447233200073242	0.44354212284088135	0.3769937753677368	0.6271907687187195	0.10636628419160843	0.18840503692626953	0.4708327651023865	0.5310235023498535	0.11014828085899353	0.5618389844894409	0.7897295355796814	0.7310658097267151	1.1131322383880615	0.4859221279621124	0.8448352217674255	0.41949766874313354	0.2413455992937088	0.20868247747421265	0.6446397304534912	0.7634093165397644	0.9963024854660034	0.0	0.8978240489959717	0.3283323049545288	0.3303341567516327	0.0986270159482956	0.24191482365131378	0.6051934361457825	1.0621784925460815	1.0952160358428955	0.42994311451911926	0.48143893480300903	0.3645690679550171	0.2106446623802185	0.23702245950698853	0.31774646043777466	0.5094761848449707	0.5244684219360352	0.42758724093437195	0.5284976363182068	1.3626042604446411	0.4081868529319763	0.9948545694351196	0.27849864959716797	0.46221479773521423	1.4404711723327637	0.12553954124450684	0.2168501913547516	0.8510432243347168	0.3746780753135681	0.4679054021835327	0.9294345378875732	1.4565845727920532	0.3318292498588562	0.39806824922561646	0.5219517946243286	0.39603346586227417	0.3440375328063965	0.6421573758125305	0.16155846416950226	0.15382622182369232	0.11074133217334747	0.5590844750404358	0.034961991012096405	0.5099012851715088	0.1602284014225006	0.7349606156349182	0.24496136605739594	0.16390174627304077	0.6862941980361938	0.7984539270401001	0.6181818842887878	0.0888204276561737	1.3575305938720703	0.9833272695541382	0.6468867063522339	0.9652296304702759	0.4358942210674286	0.8168235421180725	0.04550652578473091	0.5042740106582642	0.23687361180782318	0.07165542244911194	1.089118480682373	0.859488308429718	0.6758405566215515	0.33008819818496704	0.7533665895462036	0.7698854804039001	0.330835223197937	0.2076331228017807	0.42030978202819824	0.18921241164207458	0.40760281682014465	0.6589435338973999	0.45569056272506714	0.02995675802230835	0.45715758204460144	0.4483069181442261	0.05087763071060181	0.2722182869911194	0.3918689787387848	0.24959900975227356	0.46674972772598267	0.3575737476348877	0.46631017327308655	0.27882933616638184	0.2714669108390808	0.5832278728485107	0.21091434359550476	0.3295177221298218	0.46251818537712097	0.09053079038858414	0.42402157187461853	0.9310636520385742	1.1475461721420288	0.2948783040046692	0.5751826763153076	0.6989052295684814	0.7190616130828857	0.37721526622772217	1.4297285079956055	0.534302294254303	0.3059721291065216	0.43969643115997314	0.9389560222625732	1.2602919340133667	0.4116698205471039	1.1520638465881348	0.5465090274810791	0.7908259034156799	0.34360867738723755	0.1471329778432846	0.5053560137748718	0.5149713754653931	0.5347436666488647	0.5467814207077026	0.27294957637786865	0.24956995248794556	0.3792162537574768	0.6071822643280029	0.2847243547439575	1.0197386741638184	0.706223726272583	0.8756443858146667	0.339231014251709	0.3608233630657196	0.34442010521888733	0.23415251076221466	1.173149824142456	0.29401835799217224	1.4577991962432861	0.9778673648834229	0.803000807762146	0.4986853301525116	0.00885753147304058	0.8527942895889282	0.9281482696533203	0.6171668767929077	0.22578486800193787	0.5439478754997253	0.6498664617538452	0.26901495456695557	0.4092870354652405	0.6404404640197754	0.6288636326789856	1.3377654552459717	0.4695480465888977	0.20158299803733826	0.6411014199256897	0.31244707107543945	0.7902845740318298	0.676647961139679	0.0678538829088211	0.06115243583917618	0.32923373579978943	0.6308724880218506	0.9954272508621216	0.3558034896850586	1.1431925296783447	1.5265363454818726	0.20756813883781433	0.363290011882782	0.2955951392650604	0.5083663463592529	0.17243324220180511	0.5458859205245972	0.8923255801200867	0.36946427822113037	0.5894690752029419	0.050994813442230225	0.87139493227005	0.29318222403526306	0.5679075121879578	0.28279805183410645	0.3137701153755188	0.5487311482429504	0.5945079922676086	0.39527425169944763	0.8969720602035522	0.46150532364845276	0.4173869788646698	0.9449251294136047	0.4905243217945099	0.47652503848075867	0.47373417019844055	0.6429842710494995	0.20558133721351624	0.2971489429473877	0.6540388464927673	0.11326522380113602	0.36730942130088806	0.8854060769081116	0.6513795852661133	0.5435522198677063	0.025580424815416336	0.3840990960597992	0.7714501023292542	0.11581005156040192	0.3802732825279236	0.5490730404853821	0.890411913394928	0.51060950756073	0.6497207283973694	0.49365144968032837	0.17811083793640137	0.382276326417923	1.012283205986023	0.39764904975891113	1.0512498617172241	0.33121228218078613	0.279021680355072	0.9336762428283691	0.7792258858680725	0.5264070630073547	0.16877514123916626	0.6890735030174255	0.2809551954269409	0.3166064918041229	1.1479225158691406	0.1679433137178421	0.46510910987854004	0.7034468650817871	0.3159879148006439	0.3639117181301117	0.357769250869751	0.8111650943756104	0.2686496078968048	0.728331446647644	0.36678245663642883	0.5682321786880493	0.20238199830055237	0.3564344346523285	0.1568884551525116	0.9726959466934204	0.43327003717422485	0.42064401507377625	0.6079553365707397	0.6780902147293091	0.46744871139526367	1.0112931728363037	0.8733145594596863	0.6314371228218079	0.31789350509643555	0.16557450592517853	0.584683895111084	0.41181743144989014	0.7416461110115051	0.9461988210678101	0.22942174971103668	0.7061885595321655	0.3344056010246277	0.4305417239665985	0.5101274847984314	0.3696293532848358	0.5385370254516602	0.4726996421813965	0.28978586196899414	1.4640446901321411	0.13865125179290771	0.5937644243240356	0.6010047197341919	0.2660312056541443	0.976679265499115	0.4985949993133545	0.07499141991138458	0.9949670433998108	0.5391436219215393	0.2154039889574051	0.07529029250144958	0.49220508337020874	0.312340646982193	0.2645445168018341	0.3079330623149872	0.36892250180244446	2.2845616340637207	0.33781862258911133	0.13545304536819458	0.3264174163341522	0.3722386658191681	0.18081164360046387	0.4860459268093109	0.7647924423217773	0.32574471831321716	0.7471164464950562	0.2603458762168884	1.001329779624939	1.0490471124649048	0.48864221572875977	0.1316733956336975	0.4235953688621521	0.12415432929992676	0.30225226283073425	0.5161392688751221	0.9011369943618774	0.47020429372787476	0.5182794332504272	0.416594922542572	0.6270027756690979	0.5610284805297852	0.5765796303749084	0.5931925773620605	0.22878706455230713	0.03768400475382805	0.49136602878570557	0.35909920930862427	0.20917370915412903	0.17255061864852905	0.6587405204772949	0.34271934628486633	0.6211475729942322	0.4789988100528717	0.8474351763725281	0.46691396832466125	0.6663603186607361	0.3330956995487213	0.14341363310813904	0.6049522757530212	0.5151969194412231	0.8600937724113464	0.5472911596298218	0.41306912899017334	0.07928264141082764	0.5348875522613525	0.806206226348877	0.29815635085105896	0.9332516193389893	0.14241451025009155	0.9360396862030029	0.5959832668304443	0.494977742433548	0.7941219210624695	0.6129313707351685	1.0984644889831543	0.00781523622572422	0.6606320142745972	0.27217987179756165	0.5134738087654114	0.6791113615036011	0.6210038661956787	0.432018905878067	0.909709632396698	0.8408675193786621	0.20788463950157166	0.1002846509218216	0.7602437138557434	0.7942005395889282	0.40455108880996704	0.5955173373222351	0.3109162151813507
0.8199211359024048	0.33673208951950073	0.5147249102592468	0.7420757412910461	0.15364259481430054	0.2046051323413849	0.12099801748991013	0.6217408776283264	0.35570576786994934	0.15506014227867126	1.2955396175384521	0.35471493005752563	1.2297229766845703	0.3380516767501831	0.12054477632045746	1.0035450458526611	0.48138248920440674	0.13076989352703094	0.6628865599632263	0.5018829107284546	0.4307270050048828	0.17058293521404266	0.1719694435596466	0.17311273515224457	0.514204740524292	1.0865888595581055	0.4607847034931183	0.8277121782302856	0.6871461868286133	0.6705873012542725	1.0036489963531494	0.3888533115386963	0.26682454347610474	0.46094465255737305	0.35839951038360596	0.6077813506126404	0.303002268075943	0.6198559999465942	0.11121469736099243	0.13064077496528625	0.41383931040763855	0.3758891820907593	0.3062654137611389	0.4629790484905243	0.22796618938446045	0.9254313707351685	0.3235779106616974	0.47319167852401733	0.45593997836112976	0.8680202960968018	0.3819888234138489	0.44200676679611206	0.18799972534179688	0.49768540263175964	0.49648794531822205	0.3188299536705017	1.02349054813385	1.5520927906036377	0.3449362516403198	0.6331156492233276	0.31622031331062317	1.0230507850646973	0.6040176749229431	0.697501003742218	0.6176989674568176	0.40996479988098145	0.6753103733062744	0.6498363018035889	0.02501542866230011	0.7194490432739258	0.14150583744049072	0.20892074704170227	0.9578745365142822	1.1693058013916016	0.17313013970851898	0.43275779485702515	0.6319069266319275	0.7090811729431152	0.8998497128486633	0.6769687533378601	1.1200898885726929	0.35519808530807495	0.4839355945587158	0.21471001207828522	1.256831407546997	0.31179118156433105	0.6946951746940613	1.1396030187606812	0.8145639300346375	0.2849959135055542	0.2200351357460022	0.2577805817127228	0.22063106298446655	0.8881363868713379	0.5264400839805603	1.2175700664520264	0.4541471004486084	0.26911109685897827	0.5591214299201965	0.9397034049034119	0.6844235062599182	1.0672701597213745	0.4225727319717407	1.2798653841018677	0.7116637229919434	0.6761680841445923	0.6614671945571899	0.5761104226112366	0.5102605819702148	0.32927951216697693	0.4973728358745575	1.3260142803192139	1.5233163833618164	0.6077008843421936	0.6625863313674927	0.687243640422821	0.5188411474227905	0.49295318126678467	0.6464182138442993	0.29688140749931335	0.9565488696098328	0.3585444688796997	1.0295015573501587	0.709587574005127	0.9957853555679321	0.4016534984111786	0.21105924248695374	0.545314610004425	0.6419381499290466	0.9682846665382385	0.3705700635910034	0.537832498550415	0.3641818165779114	0.6160944700241089	0.2364707589149475	0.12053422629833221	0.5208446979522705	0.6129177808761597	0.4123019576072693	0.23023967444896698	0.23270054161548615	0.3406173884868622	0.04899544268846512	0.3752042353153229	0.5242425799369812	0.1468157172203064	1.1621968746185303	0.5071089267730713	0.21158668398857117	0.8204890489578247	0.664791464805603	0.4041733741760254	0.8424652218818665	0.11006014049053192	0.34701722860336304	0.46769583225250244	0.472739577293396	0.3849870562553406	0.10704195499420166	0.2675263285636902	0.791833221912384	0.4738044738769531	0.8504186868667603	0.5097935199737549	0.3192492723464966	0.6939206719398499	0.9638797044754028	0.2765769958496094	0.10338078439235687	0.31587114930152893	0.3999203145503998	0.4965810477733612	0.43756330013275146	0.5090882182121277	0.3280489444732666	0.2960028052330017	0.36827173829078674	1.0219528675079346	0.33314090967178345	0.14226208627223969	0.5270829796791077	0.4870869219303131	0.5046613216400146	0.6780130863189697	0.7337414026260376	0.13296693563461304	0.5309946537017822	0.1310897022485733	0.708726167678833	0.2705950140953064	0.5869249701499939	0.29207494854927063	0.7100924849510193	0.45878052711486816	0.45251956582069397	0.9856793880462646	0.10326608270406723	0.19530323147773743	0.17071977257728577	0.4511966407299042	0.3862980008125305	0.3791087567806244	0.3269040584564209	0.5805082321166992	0.6259799599647522	0.30603083968162537	0.39501675963401794	0.7477592825889587	0.15431076288223267	0.2059258222579956	0.11497784405946732	0.44283145666122437	0.3582116663455963	0.709450364112854	1.4109327793121338	0.5831596851348877	0.6568800210952759	0.5405561327934265	0.35218337178230286	0.20081619918346405	0.5237752795219421	0.2935106158256531	0.3692074716091156	0.09559955447912216	0.3074353039264679	0.26268622279167175	0.7323533296585083	0.41703471541404724	0.10771605372428894	0.6419674158096313	0.3716643452644348	0.28923529386520386	0.1676197052001953	0.3881097435951233	0.8937332630157471	0.8669964671134949	0.3005549907684326	0.3635675609111786	0.21637330949306488	0.1986299753189087	0.55491703748703	0.48356392979621887	0.6290331482887268	0.37065672874450684	0.35378530621528625	0.7793560028076172	0.8642091751098633	0.6725510954856873	0.19778607785701752	0.47157126665115356	0.5020028948783875	0.559439480304718	1.0727770328521729	0.08338851481676102	0.2308199256658554	1.1111911535263062	0.7994769215583801	0.7507084012031555	0.44830745458602905	0.3811474144458771	1.5222731828689575	0.9306519031524658	0.35349053144454956	0.429318368434906	0.14252454042434692	0.24004994332790375	0.8068076372146606	0.233240008354187	0.4427456855773926	0.24432127177715302	0.5547806024551392	0.6498221158981323	0.08399657905101776	0.4073247015476227	0.8742048144340515	0.4225631356239319	0.5552636981010437	0.44824135303497314	0.2821412682533264	0.5287609696388245	0.3979482352733612	1.1689800024032593	0.4937380850315094	0.13063688576221466	0.7195925712585449	1.2902226448059082	0.37115320563316345	0.5587313771247864	0.7488237619400024	0.5708493590354919	0.7935346961021423	0.4563235640525818	0.32576408982276917	0.38718360662460327	0.3790869116783142	0.19329553842544556	0.8597809672355652	0.618742048740387	0.40457016229629517	0.25119152665138245	0.12150564789772034	0.32096362113952637	0.7087543606758118	0.579002320766449	0.7516276240348816	0.20583388209342957	0.5842262506484985	0.4137509763240814	0.3895169496536255	0.5832736492156982	0.574029266834259	0.16184939444065094	0.7968775629997253	0.418315589427948	0.5437192916870117	0.41892561316490173	0.25120940804481506	0.5143367648124695	0.39013803005218506	0.5223084688186646	0.44666269421577454	0.583896279335022	0.13393600285053253	0.3312244713306427	0.5436700582504272	0.6014646291732788	0.6511722803115845	0.9887358546257019	0.4397348463535309	0.181615948677063	1.0266867876052856	0.3681115508079529	0.19277964532375336	0.3493548333644867	0.5115899443626404	0.43225789070129395	0.8108345866203308	0.14849066734313965	0.5620406270027161	0.4165402352809906	0.06959910690784454	1.063395619392395	0.3313981294631958	0.5900788903236389	0.35478371381759644	0.4155814051628113	0.6511268615722656	0.4684591293334961	0.33408552408218384	0.313265860080719	1.1146965026855469	0.9209208488464355	0.2852005660533905	0.6231085658073425	1.176842451095581	0.30914902687072754	0.4401078224182129	0.6050164699554443	0.30399763584136963	0.8375861048698425	0.08708563446998596	1.0498409271240234	0.2715919315814972	0.30484315752983093	0.8473605513572693	0.33111006021499634	0.7710791826248169	1.2149276733398438	0.26383593678474426	0.2965436577796936	0.3836566209793091	0.36256104707717896	0.5348892211914062	0.575710654258728	0.33845025300979614	0.2850556969642639	0.670488715171814	0.25046250224113464	0.48461011052131653	0.7931647896766663	0.5050210356712341	0.5984779596328735	0.6102989912033081	0.2387429177761078	0.3298061192035675	0.44318872690200806	0.20075726509094238	0.24801787734031677	0.09619801491498947	0.22146964073181152	0.5287095904350281	0.4679042398929596	0.10682479292154312	0.439065158367157	0.9991924166679382	0.9160354137420654	0.25188910961151123	0.41705822944641113	1.4125372171401978	0.740922212600708	0.6826534271240234	0.5646002292633057	0.4234279692173004	0.39183536171913147	0.487291544675827	0.42418015003204346	0.6447829008102417	0.47164905071258545	0.4399156868457794	0.35712730884552	0.538585901260376	0.324603796005249	1.2764642238616943	0.14229875802993774	0.8046248555183411	0.4680047631263733	0.6721082925796509	0.9741730093955994	0.9259125590324402	0.15827466547489166	0.43961766362190247	0.7464103698730469	0.9003512859344482	0.4050910472869873	0.3406945765018463	0.4250186085700989	0.8466139435768127	0.6217836141586304	0.6314584016799927	0.6309499144554138	0.7346311807632446	0.884002685546875	0.5521881580352783	0.33830875158309937	0.363557904958725	0.47684887051582336	0.4203476309776306	0.5027027130126953	0.9571248292922974	0.5086334943771362	0.5845271944999695	0.4418523609638214	1.2173893451690674	0.8769305944442749	0.3482907712459564	0.46439215540885925	0.05203721299767494	0.6203837394714355	0.5319896340370178	0.2083122432231903	0.7874656915664673	0.3929062783718109	0.16811923682689667	0.6995205879211426	0.22175271809101105	0.2288942188024521	0.20414035022258759	0.5439634919166565	0.07933832705020905	0.480999618768692	0.24070608615875244	0.4743584096431732	0.355307936668396	0.5133783221244812	0.9123967885971069	0.4949526786804199	0.865191638469696	0.38357263803482056	0.1665518432855606	0.42213356494903564	1.0686806440353394	0.5122445225715637	0.5946798324584961	0.2655072808265686	0.5090852379798889	0.20353686809539795	1.1899999380111694	1.0702996253967285	0.39736878871917725	0.6007653474807739	0.620944082736969	0.3777799606323242	1.171932339668274	0.7791787385940552	0.16980929672718048	0.7471053600311279	0.2864058017730713	0.8820048570632935	0.5764891505241394	0.21730664372444153	0.4023442268371582	0.36545729637145996	0.8884086012840271	0.37611111998558044	0.9928420782089233	0.47124183177948	0.5577383637428284	0.2708425521850586	0.30425000190734863	0.3663000762462616	0.6901284456253052	0.12109746783971786	0.1270265430212021	0.46394971013069153	0.5375291109085083	0.28249314427375793	0.80131596326828	0.3092873990535736	0.613864004611969	0.26892197132110596	0.23739609122276306	1.1072981357574463	0.23320379853248596	0.7672351002693176	0.2925092875957489	0.16514652967453003	0.4307238459587097	0.5538478493690491	0.6251561641693115	0.6740911602973938	0.6188511252403259	1.164254903793335	0.4460775852203369	0.4490883946418762	0.21330499649047852	0.34655994176864624	0.177153080701828	0.5633219480514526	0.0640043243765831	0.5475084781646729	1.020169734954834	0.34157344698905945	1.060961127281189	0.9019485712051392	0.6485952138900757	0.5530192255973816	0.41570061445236206	0.4196074903011322	0.7049815654754639	0.2601376473903656	0.31436243653297424	0.6720211505889893	0.5080621838569641	0.4026729464530945	0.38228851556777954	0.508386492729187	0.8096475005149841	0.19233307242393494	0.1686549037694931	0.11349079012870789	0.9974763989448547	0.49745962023735046	0.1581631302833557	0.6039915084838867	0.5207459926605225	0.5363481640815735	0.4654041826725006	0.5835936069488525	0.9923332333564758	0.52336186170578	0.47388356924057007	0.5125778317451477	0.5487655401229858	0.1705542951822281	1.1125181913375854	0.3117799162864685	1.227205753326416	0.09912893176078796	0.2574429512023926	0.5937229990959167	0.09589990973472595	0.8715718984603882	0.872834324836731	0.2322884202003479	0.44221237301826477	0.4607420861721039	0.33803606033325195	0.3972676992416382	0.3164101541042328	0.22593198716640472	0.8199819922447205	0.8664869070053101	0.6405979990959167	0.7796928882598877	0.31657859683036804	0.40271133184432983	0.5360147953033447	0.362667441368103	0.30415937304496765	0.6524842977523804	0.7529929876327515	0.8168803453445435	0.6587601900100708	0.44235730171203613	0.8517720103263855	0.04249667748808861	0.47822707891464233	0.4949469268321991	0.11622294783592224	0.5653072595596313	0.1780354529619217	1.1606429815292358	0.26969799399375916	0.7522040009498596	1.0693198442459106	0.7685165405273438	0.23703405261039734	0.7950734496116638	0.5165287852287292	1.2070977687835693	0.14155995845794678	0.5769481658935547	0.8315596580505371	0.19301198422908783	0.12546442449092865	0.23362763226032257	0.2594430446624756	0.3246266543865204	0.6734024286270142	0.24222050607204437	0.3522462248802185	0.6754927039146423	0.5525448322296143	0.6717944145202637	0.46461495757102966	0.39163079857826233	1.0450584888458252	1.22261643409729	0.539984405040741	0.3918028771877289	0.3548862040042877	0.19974559545516968	0.29330095648765564	1.0953978300094604	0.49636080861091614	0.2429221272468567	1.1789013147354126	0.5885631442070007	0.15777373313903809	0.49775999784469604	0.5927698016166687	0.3332273066043854	0.25711265206336975	0.5296651124954224	1.206673502922058	0.48142457008361816	0.28096625208854675	0.7759727835655212	0.4055212140083313	1.104292869567871	0.7241785526275635	0.3879890739917755	0.35511815547943115	0.4124011695384979	0.2143026441335678	0.28293994069099426	0.1793602705001831	0.41215115785598755	0.5051747560501099	0.5075870156288147	0.470944344997406	0.512222945690155	0.3250585198402405	0.6896913051605225	0.28966084122657776	0.9161781072616577	0.3329116106033325	0.7862612009048462	0.20026305317878723	0.5199887752532959	0.6534029841423035	0.5712957978248596	0.3377332091331482	0.6678866147994995	0.3333951234817505	0.18650132417678833	1.176389455795288	0.38901782035827637	0.6349409818649292	0.21650242805480957	0.4587399363517761	0.46734002232551575	0.5570487380027771	0.7636290192604065	0.28871190547943115	0.4194428622722626	0.6038899421691895	0.49416303634643555	0.7364611029624939	0.43603214621543884	0.9123939871788025	0.5407570600509644	0.8862914443016052	0.3678532838821411	0.15970052778720856	0.21715876460075378	0.6736473441123962	0.5751926898956299	0.4424382448196411	0.8543250560760498	0.40994566679000854	0.6666687726974487	0.5316601395606995	0.23934316635131836	0.3657541573047638	0.3735302686691284	0.2651481330394745	0.8594622611999512	0.4555530548095703	0.7970814108848572	0.33987000584602356	0.3734498620033264	0.6567667722702026	0.4893944263458252	0.3312893211841583	0.7923449873924255	0.8458762168884277	0.5320624709129333	0.6548186540603638	0.816590428352356	0.9863709807395935	0.48732247948646545	0.6967734098434448	0.6953924298286438	0.37086161971092224	0.47114330530166626	0.24734164774417877	0.6299532651901245	0.8684237599372864	0.32176950573921204	0.1984705775976181	0.21491287648677826	0.3277316391468048	0.8550972938537598	0.67889004945755	0.35501235723495483	0.32173699140548706	0.32583898305892944	0.4291056990623474	0.2722034454345703	0.43818017840385437	0.7549222707748413	0.4999571144580841	0.4196788966655731	0.24244177341461182	0.5393556356430054	0.400129109621048	0.5956728458404541	0.3598572909832001	0.8509529232978821	0.6743026971817017	0.2843840718269348	0.43550586700439453	0.10041117668151855	0.16824175417423248	0.47204428911209106	1.01974618434906	0.4222634434700012	0.20845672488212585	1.0684677362442017	1.0522842407226562	0.38690492510795593	0.10455065965652466	0.7126464247703552	0.25451529026031494	0.23565015196800232	0.8805505633354187	0.578047513961792	0.29142922163009644	0.5704785585403442	0.28494352102279663	0.4178607165813446	0.8119186162948608	0.31749844551086426	0.3823969066143036	0.9224333763122559	0.9665011167526245	0.40145450830459595	0.18863320350646973	0.3946954309940338	0.7217949032783508	0.7364749312400818	0.4560101628303528	0.31112605333328247	0.601190984249115	0.6564961671829224	0.37154442071914673	0.2991809546947479	0.38837313652038574	0.4584016501903534	0.4321219027042389	0.5110599398612976	0.5169832110404968	0.6355838179588318	0.6315435767173767	0.1799308806657791	1.3922103643417358	0.5275181531906128	0.21501818299293518	0.13223452866077423	0.6040967106819153	0.46905261278152466	0.6010504961013794	0.8106710314750671	0.5044364929199219	1.2915211915969849	1.0861135721206665	0.1231815293431282	0.3178541660308838	0.19806531071662903	0.43245813250541687	0.9554556012153625	0.40996190905570984	0.47525542974472046	0.3830936551094055	0.5756787657737732	1.2104657888412476	0.3409423828125	0.12260465323925018	0.21573969721794128	0.483375608921051	0.6450539827346802	0.2850707769393921	0.4857587218284607	0.634183406829834	0.49630317091941833	1.0826833248138428	0.2787596583366394	0.6276232004165649	0.27329468727111816	0.3499663770198822	0.3334793746471405	0.8647099137306213	0.48988091945648193	0.5765682458877563	0.1495593786239624	0.6351944804191589	0.5457549691200256	0.31906554102897644	1.1337230205535889	0.4964708983898163	0.24424950778484344	0.32305723428726196	0.458513081073761	0.14557957649230957	0.41959625482559204	0.30811718106269836	0.49276769161224365	0.6128286123275757	0.7149918079376221	0.3941805064678192	0.552081823348999	0.547468900680542	0.5596058964729309	0.7009225487709045	0.2706854045391083	0.561644434928894	0.6593841314315796	0.5665011405944824	0.13731838762760162	0.4525073170661926	0.21856117248535156	0.19310259819030762	0.7307007312774658	0.7285779118537903	0.2813628315925598	0.9906589388847351	0.4169650971889496	0.3508869409561157	0.44655200839042664	0.7476296424865723	0.511256754398346	0.4763336777687073	0.9812823534011841	0.7316588163375854	0.6616804599761963	0.4271400570869446	0.47554105520248413	0.3434445559978485	0.33911702036857605	0.5894614458084106	0.3772517740726471	0.5338920950889587	0.888217568397522	0.3107587695121765	1.1869887113571167	0.3087523281574249	0.28215116262435913	0.4294847846031189	0.24101828038692474	0.4024426341056824	0.8652532696723938	0.23647239804267883	0.48403725028038025	0.8399021625518799	0.4150612950325012	0.26281067728996277	0.8383924961090088	0.4299028217792511	1.2288179397583008	1.442713737487793	0.24549071490764618	1.1031404733657837	0.572776198387146	0.40316176414489746	0.17760345339775085	0.39496690034866333	0.7636340260505676	0.39979714155197144	0.3392869234085083	0.03903459012508392	0.47079211473464966	0.1937749981880188	0.22124271094799042	0.5965362787246704	0.22511401772499084	0.24323323369026184	0.08245615661144257	0.29120129346847534	0.9030357599258423	0.419082373380661	0.16925649344921112	0.0898076593875885	0.35229113698005676	0.3557729423046112	0.6921107769012451	0.29091110825538635	0.8482593297958374	0.189693883061409	0.5135035514831543	0.5586860775947571	0.24015694856643677	0.3094691336154938	0.11519449949264526	0.531042218208313	0.4680633246898651	0.25089895725250244	0.7505350112915039	0.2806907892227173	0.76396244764328	0.4832277297973633	0.323052316904068	0.30200397968292236	0.3582032322883606	0.5049197673797607	0.37576115131378174	0.31457245349884033	0.6554313898086548	0.7815770506858826	0.5660271048545837	1.0668816566467285	0.45990633964538574	0.3313973546028137	0.44814130663871765	0.395806223154068	1.0554008483886719	1.194492220878601	0.16201934218406677	0.2735827565193176	0.3397192060947418	0.3364172577857971	0.6639235019683838	0.8488289713859558	0.5406816601753235	0.17730383574962616	0.7214180827140808	0.8813352584838867	0.2557789087295532	0.7724107503890991	0.5712448954582214	0.3207937180995941	0.2587911784648895	0.4001120328903198	0.5861544609069824	0.6472488641738892	0.46379223465919495	0.5975102782249451	0.5790232419967651	0.5414096117019653	0.25746941566467285	0.542559027671814	1.173214316368103	0.24545015394687653	0.8472875356674194	0.28240835666656494	0.21362358331680298	0.5092992186546326	0.6385884284973145	0.7175760865211487	0.23788820207118988	0.2054429054260254	0.7866230010986328	1.0903983116149902	0.4269833564758301	0.5150488615036011	0.3161477744579315	0.5646788477897644	0.20118167996406555	0.4025186598300934	0.33218738436698914	0.41336703300476074	0.33263811469078064	0.4020140767097473	0.5331999659538269	0.21889549493789673	0.1432788223028183	0.6053736209869385	0.4918340742588043	0.9793886542320251	0.4278143644332886	0.5006609559059143	0.27143704891204834	0.29347455501556396	0.4778466820716858	0.4783719480037689	0.5887220501899719	0.7116909623146057	0.20284348726272583	0.3211394250392914	0.6964105367660522	0.5944851636886597	0.6014596819877625	0.3552010655403137	0.5986550450325012	0.4320593774318695	0.968258261680603	0.5671757459640503	0.3012692332267761	0.5549805760383606	0.5905258059501648	0.12523551285266876	1.251962661743164	1.318002700805664	0.4967706501483917	0.9461203217506409	0.6625735759735107	0.39568525552749634	0.47951969504356384	0.44759416580200195	0.2158905416727066	0.6481984257698059	0.3965691328048706	1.069037914276123	0.6288920044898987	0.10950122028589249	0.9368715286254883	0.9055706262588501	0.39417213201522827	0.06424473226070404	1.0905828475952148	0.2839105427265167	0.29670581221580505	0.8275014162063599	0.28779473900794983	0.37224718928337097	0.45251283049583435	0.35254019498825073	1.0352635383605957	0.08609478920698166	0.2521975040435791	0.4670196771621704	0.35136672854423523	0.7365392446517944	0.6428371071815491	0.6679351329803467	0.360422283411026	0.07378599047660828	0.34755444526672363	0.3772735893726349	0.9515795111656189	0.0	0.12880182266235352	0.8034579157829285	0.4858666658401489	0.5447473526000977	0.09084855020046234	0.1511155068874359	0.4876720905303955	0.47694292664527893	0.48400604724884033	0.16595488786697388	0.8861331939697266	0.07874344289302826	0.5547098517417908	0.4517538845539093	0.2897780239582062	0.452827125787735	0.8097317218780518	0.312322735786438	0.420086145401001	0.7099619507789612	0.6331313252449036	0.2466680407524109	0.5482928156852722	0.08044476062059402	0.41892218589782715	0.356254518032074	0.9431205987930298	0.37624698877334595	0.7252678871154785	0.5203083753585815	0.36008238792419434	1.0199140310287476	1.2074878215789795	0.8511770963668823	0.5036364793777466	0.6845834851264954	0.5835204124450684	0.7139641642570496	0.08886337280273438	0.8051750659942627	0.5665255784988403	0.3085486888885498	1.1829650402069092	0.3572321832180023	0.5618816614151001	0.3377791941165924	0.6553690433502197	1.2369675636291504	0.5222431421279907	0.6121745705604553	0.7748969197273254	0.3055706322193146	0.2950924038887024	0.4858085513114929	0.2584594190120697	0.4331115782260895	0.11785077303647995	0.40916407108306885	0.11922785639762878	0.7407604455947876	0.8277891278266907	0.2735011875629425	0.1835647076368332	0.37751296162605286	0.4535134434700012	0.0048592109233140945	1.5986031293869019	0.2606657147407532	0.5750355124473572	0.3904719650745392	0.46255791187286377	0.1356082707643509	0.44993045926094055	0.6934170126914978	0.15839111804962158	0.4954140782356262	1.0380215644836426	0.19183538854122162	1.2226061820983887	0.5561825633049011	0.5906449556350708	0.4105989933013916	0.28421732783317566	0.7457809448242188	0.4824046194553375	0.4089696407318115	0.36583101749420166	1.0400915145874023	0.5571932196617126	0.6367753148078918	0.5272182822227478	0.4065399169921875	0.2717478573322296	0.3177821934223175	0.9420703053474426	0.6875831484794617	0.42144694924354553	1.0204459428787231	0.15971937775611877	0.533181369304657	0.7151347398757935	0.22294464707374573	0.3559255003929138	1.0731467008590698	0.6001412868499756	0.3867577314376831	0.2128455638885498	0.8951900601387024	1.1693568229675293	1.1852145195007324	0.5216849446296692	0.53954017162323	0.1930229663848877	0.33787086606025696	0.9219226241111755	0.8533302545547485	0.9654173254966736	0.39256551861763	0.9572969079017639	0.32459914684295654	0.1746082901954651	0.6245168447494507	0.45608171820640564	0.44787150621414185	0.18409371376037598	0.49603086709976196	0.4535101354122162	0.4175774157047272	0.41122713685035706	0.7404412627220154	0.4927147626876831	0.44024330377578735	0.35864293575286865	0.25605422258377075	0.23072610795497894	0.5576791763305664	0.44116145372390747	0.2701406478881836	0.7360281348228455	0.40158453583717346	0.5797331929206848	0.10956340283155441	1.1813291311264038	0.6763421893119812	0.41709810495376587	0.38704609870910645	0.34442317485809326	0.41614750027656555	0.5509995818138123	0.35635608434677124	0.27434292435646057	0.30671751499176025	0.3453318178653717	0.6675716638565063	0.4556962549686432	0.6284988522529602	0.9559933543205261	0.37896454334259033	0.5367112159729004	0.5681000351905823	0.0039852275513112545	0.3871854245662689	0.12114350497722626	0.5020375847816467	0.32688844203948975	0.31776338815689087	0.9906048774719238	0.8709350824356079	1.0822882652282715	0.7496334910392761	0.2463769018650055	0.3811030983924866	0.3683318495750427	0.2652711868286133	0.7184877395629883	0.18544399738311768	0.34154990315437317	1.0832610130310059	0.5006024837493896	0.7587865591049194	0.7095917463302612	0.45078933238983154	0.29447582364082336	0.6743649244308472	0.39770811796188354	0.7750422954559326	0.4205063581466675	0.4022691547870636	0.25714239478111267	1.0151212215423584	0.3445488214492798	0.5086385607719421	0.08072394132614136	0.6016607880592346	0.3359915614128113	0.20796093344688416	0.22509455680847168	0.36754512786865234	0.6388153433799744	0.30601686239242554	0.6473473310470581	0.39223650097846985	0.36792081594467163	0.42257872223854065	0.6072578430175781	0.6748613119125366	0.46661585569381714	0.43749234080314636	0.573511004447937	0.611381471157074	0.27861225605010986	0.7786154747009277	0.33823147416114807	0.9071819186210632	0.35632407665252686	0.36943483352661133	0.3109481632709503	0.6564568281173706	0.8642919063568115	0.40793636441230774	0.2952733039855957	0.3422081470489502	0.4044452905654907	0.6759849786758423	0.3064388632774353	0.4628522992134094	0.4666432738304138	0.7421863079071045	0.6800973415374756	0.26961541175842285	0.162014901638031	1.0290759801864624	0.49477922916412354	0.2015427052974701	0.6368509531021118	0.1530911773443222	0.2815043032169342	0.21681097149848938	0.08694565296173096	0.6810842752456665	0.3411290645599365	0.5762683153152466	0.9546514749526978	0.7947788238525391	0.39910268783569336	0.28099262714385986	0.44930142164230347	0.3949061632156372	0.20193976163864136	0.3012133538722992	0.32356783747673035	0.5453504323959351	0.24777624011039734	0.45012804865837097	0.7716975808143616	0.9248241782188416	0.19037972390651703	0.13395871222019196	0.5464716553688049	0.13889826834201813	0.3286971151828766	0.4261699318885803	0.24739593267440796	0.40801090002059937	0.20005479454994202	0.40355250239372253	1.0664619207382202	0.4160790741443634	0.33636635541915894	0.19189558923244476	0.5107627511024475	0.19365820288658142	0.40291762351989746	0.1923094093799591	0.647672712802887	0.8075309991836548	0.16297647356987	0.2683025002479553	0.2795547842979431	0.4483802914619446	0.4060806632041931	0.3992711007595062	0.13675549626350403	0.578217625617981	0.618618369102478	1.220387578010559	0.4439524710178375	0.5424578189849854	0.4933721125125885	0.541074275970459	0.5041750073432922	1.7541402578353882	0.8518725633621216	0.32463762164115906	0.5914242267608643	0.8115749359130859	0.3758828639984131	0.42336973547935486	0.7681311368942261	0.7403863072395325	0.6040394902229309	0.2790699601173401	0.43313902616500854	0.6179955005645752	0.38931432366371155	0.560742974281311	0.8137403726577759	1.038195252418518	1.2076822519302368	0.16017307341098785	0.9575495719909668	0.17181959748268127	0.09844569116830826	0.9340752959251404	0.26506125926971436	0.7248961329460144	0.6297662258148193	0.18650341033935547	0.332714319229126	1.0053555965423584	2.045264959335327	0.5185135006904602	0.6137097477912903	1.1649223566055298	0.3054855167865753	0.37687453627586365	0.49608078598976135	0.3724203109741211	0.8961800932884216	1.0089625120162964	0.3778080940246582	0.30501359701156616	0.5964294672012329	0.3208997845649719	0.21880832314491272	0.7424622774124146	1.4417566061019897	0.24525560438632965	0.7598623037338257	0.6744581460952759	0.3752053678035736	0.3983783721923828	1.3213214874267578	0.6370809078216553	0.796538233757019	0.44389238953590393	0.30885422229766846	0.713446855545044	1.0720959901809692	0.053288593888282776	0.2623169720172882	0.3466241955757141	0.49844637513160706	0.6264042258262634	0.8840532898902893	0.12056732177734375	0.7493190169334412	0.331109881401062	0.5646693706512451	1.059615969657898	0.2776437997817993	0.5914186835289001	0.301791250705719	0.38627052307128906	0.4678213894367218	0.24737150967121124	0.23899739980697632	0.6505030989646912	0.31851255893707275	0.5351818203926086	0.44365012645721436	1.3257817029953003	0.3978162109851837	0.6666420698165894	0.852837085723877	0.4640633165836334	0.468392938375473	0.41309675574302673	1.203478455543518	0.35389330983161926	1.0648705959320068	0.9149057865142822	0.31959807872772217	0.6399768590927124	0.2243550568819046	0.13244059681892395	0.273457795381546	0.9540562629699707	0.4977395236492157	0.5475624799728394	0.4870145916938782	0.10058574378490448	0.39850470423698425	0.1291269063949585	0.6285302639007568	0.8075118660926819	0.263369083404541	0.33080974221229553	0.43518689274787903	0.5295603275299072	0.36231645941734314	0.49065500497817993	0.33930540084838867	0.6496241092681885	0.49662283062934875	0.4566915035247803	0.6366272568702698	0.18253058195114136	0.7129711508750916	0.3242416977882385	0.4246998429298401	0.7248522639274597	1.1829606294631958	0.22832587361335754	0.27185970544815063	0.9888635873794556	0.7601450681686401	0.25931158661842346	0.6129703521728516	1.4591848850250244	0.10524977743625641	0.3690885603427887	0.6196044683456421	0.21154148876667023	0.8112484812736511	0.609565258026123	0.24737225472927094	0.43869245052337646	0.2731618583202362	0.6311445236206055	0.8404075503349304	0.7609193325042725	0.35191959142684937	0.3132214844226837	0.8654215931892395	0.4161565601825714	0.21063219010829926	1.1219395399093628	1.245339035987854	0.25251299142837524	0.716256856918335	0.9471839666366577	0.17169354856014252	0.9496155977249146	1.093247652053833	0.2958563566207886	1.0369007587432861	0.26095449924468994	0.43307697772979736	0.36339545249938965	0.15474441647529602	0.8546618819236755	0.44699719548225403	0.40669190883636475	0.45627397298812866	0.6193925738334656	0.5887025594711304	0.31412333250045776	0.0	0.6615508794784546	0.9801778197288513	0.2524614930152893	1.0947163105010986	0.5655657052993774	0.3990141451358795	0.14515525102615356	0.23236021399497986	0.14372467994689941	0.490469753742218	0.6248888373374939	0.7996808886528015	0.06578445434570312	0.9389628767967224	0.7627463936805725	0.5478624105453491	0.44996970891952515	0.24108090996742249	0.547090470790863	0.32548221945762634	0.9761472344398499	0.3611161708831787	0.32092973589897156	0.9356871247291565	0.32033631205558777	0.5995559692382812	0.47810840606689453	0.3511773645877838	1.028794527053833	0.6751710772514343	1.0186718702316284	0.9306064248085022	0.45909929275512695	0.9562503695487976	0.20279859006404877	0.6090957522392273	1.0319117307662964	0.22305472195148468	0.8586169481277466	0.5452477335929871	0.40645432472229004	0.7799619436264038	0.09299459308385849	0.2556546628475189	0.32662856578826904	0.29593759775161743	0.5376520156860352	0.5095634460449219	0.32764101028442383	0.3548804223537445	0.40200871229171753	0.619779109954834	0.38749581575393677	1.1608049869537354	0.35307058691978455	0.5036963224411011	0.4437483251094818	0.6485472321510315	0.5779820084571838	0.0881524458527565	0.17616763710975647	0.9228978157043457	0.561978816986084	0.7390655875205994	0.3745286464691162	0.6369568705558777	0.24244126677513123	0.4279558062553406	0.321544885635376	0.4934042692184448	1.1659992933273315	0.40826258063316345	0.1732514351606369	0.36168140172958374	0.27430346608161926	0.5439280271530151	0.19789744913578033	0.27100226283073425	0.7716975212097168	1.1347187757492065	1.037932276725769	0.9716265797615051	0.41480085253715515	0.5591667890548706	0.5083507895469666	1.184804916381836	0.5192380547523499	1.3108839988708496	0.23312006890773773	0.27950769662857056	0.03334885090589523	0.5362632870674133	0.4901869297027588	1.5263422727584839	0.592473030090332	0.09700577706098557	0.36502543091773987	0.6968016028404236	0.478111207485199	0.26634839177131653	0.15437079966068268	0.38045036792755127	0.3830404579639435	0.5541971921920776	0.4672054946422577	0.3837625980377197	0.5072717666625977	0.41585686802864075	1.1106946468353271	0.45308423042297363	0.4551856815814972	0.14373528957366943	0.23664581775665283	0.5188846588134766	0.22911910712718964	0.5102412104606628	0.1534157246351242	0.30086567997932434	0.5844722390174866	0.3124507963657379	0.6973387002944946	0.5770604014396667	0.3844000995159149	0.5868149399757385	0.2574113607406616	0.6444005966186523	0.5625685453414917	0.2688387334346771	0.8288171291351318	0.6712701320648193	0.3404436707496643	0.7411137819290161	0.7935812473297119	0.3841405510902405	0.46145373582839966	0.5182876586914062	0.8735796213150024	0.07736030966043472	0.5500622987747192	0.4695957899093628	0.3067701458930969	0.2509101927280426	0.819409966468811	0.28158971667289734	0.6399844884872437	0.35913941264152527	0.10501902550458908	0.26940006017684937	0.29253342747688293	0.5135168433189392	0.6191197037696838	0.7254738807678223	0.35607221722602844	0.43472820520401	0.44278717041015625	0.480414479970932	0.11278136819601059	0.3281804621219635	0.5704448223114014	0.6786203980445862	0.3218744099140167	0.24520735442638397	0.7966437935829163	0.3459174931049347	1.0850632190704346	0.4325661063194275	0.18327808380126953	0.6385645866394043	0.3002989888191223	1.0462838411331177	0.5512905716896057	0.17864742875099182	1.423945665359497	0.023968037217855453	0.21481828391551971	0.504325270652771	0.5793405175209045	0.6769815683364868	0.4840659499168396	0.46292248368263245	0.5446465015411377	0.21384097635746002	0.10144178569316864	0.536571204662323	0.21070949733257294	0.8333753347396851	0.23351310193538666	0.3984242379665375	0.6491844654083252	0.3405904769897461	0.35264045000076294	0.5396804213523865	0.11857548356056213	0.798377513885498	0.2476954460144043	0.37041938304901123	0.5398637652397156	0.17560343444347382	0.5226138234138489	0.4801221489906311	0.6869902610778809	0.4695584177970886	0.3446781039237976	0.0366889126598835	0.3817833364009857	0.3213479518890381	0.3623500466346741	0.4205372929573059	0.1345106065273285	0.2334769070148468	0.390312135219574	0.35956302285194397	0.8927000761032104	0.38876858353614807	0.6767733693122864	0.44402775168418884	0.18643298745155334	0.10856126248836517	0.44648683071136475	0.7227694392204285	0.08858279138803482	0.9613839387893677	0.5463815927505493	0.7184114456176758	0.2724665701389313	0.6932317614555359	0.7843667268753052	0.02945292741060257	0.2929721772670746	0.2713221609592438	0.5595645904541016	1.077135443687439	0.7352138757705688	0.5900660753250122	0.35260093212127686	0.48303428292274475	0.5163549780845642	0.5286610722541809	0.3859442472457886	0.755445659160614	0.48556825518608093	0.37255948781967163	0.34105178713798523	0.45291897654533386	0.3248104155063629	1.0465116500854492	0.21853677928447723	0.2616106867790222	0.34130167961120605	0.2806156873703003	0.6369962692260742	0.42046213150024414	0.706645667552948	0.327024906873703	0.2966415584087372	0.34852346777915955	0.692682683467865	0.30769264698028564	0.4044692814350128	0.9022666215896606	0.07860206812620163	0.26958054304122925	0.4058571457862854	0.4879903197288513	0.19933825731277466	0.44969621300697327	0.5184040069580078	0.3157516419887543	0.24200525879859924	0.8322288393974304	0.3793695569038391	1.0582149028778076	0.5990166068077087	0.16305923461914062	0.9748687148094177	0.9501573443412781	0.5684828758239746	0.8261376023292542	0.6181696653366089	0.4650752544403076	0.7739965915679932	0.27370938658714294	0.47419267892837524	0.8329511880874634	0.32459571957588196	0.16816440224647522	0.31262966990470886	0.2994127571582794	1.369990587234497	0.45969218015670776	0.7441062927246094	0.4703216254711151	0.8083345293998718	0.36502861976623535	0.24793638288974762	0.04060729593038559	0.31027349829673767	0.3308922052383423	0.7963445782661438	0.9682034254074097	0.7032379508018494	0.11338638514280319	0.6810116171836853	0.14589916169643402	0.7747740745544434	0.5348829030990601	0.6179729700088501	0.40799620747566223	0.36394068598747253	0.44955408573150635	1.036428689956665	0.13273806869983673	0.10954360663890839	0.7884635329246521	0.31834614276885986	0.935653030872345	0.1767735779285431	0.716145396232605	0.8609870672225952	0.7046397924423218	0.5846899747848511	1.0640475749969482	0.4096200168132782	0.4647673964500427	0.49592524766921997	0.9170802235603333	0.4112708270549774	0.740323007106781	1.1666697263717651	0.7088156938552856	0.3666844367980957	0.46058571338653564	0.7995545864105225	1.1565849781036377	0.5569617748260498	1.0602132081985474	0.43701785802841187	0.41250279545783997	0.20101669430732727	0.6120193004608154	0.08981770277023315	0.4362788200378418	1.3691341876983643	0.3337780833244324	0.5946241021156311	0.42999792098999023	0.38730883598327637	0.2819439172744751	0.5129551887512207	1.1029832363128662	0.18756797909736633	0.16614462435245514	0.4581311345100403	0.353241503238678	0.6729041934013367	1.0305030345916748	0.26859650015830994	0.4703481197357178	0.30637869238853455	0.4706350862979889	0.30625447630882263	0.5154287815093994	0.17441196739673615	0.5835161209106445	0.5705766081809998	0.7502065896987915	0.6620376706123352	0.3402523398399353	0.26488348841667175	0.7643630504608154	0.4144913852214813	0.6867232322692871	0.2205895334482193	0.40067896246910095	0.46265995502471924	0.9430792927742004	0.6358311176300049	0.6257030963897705	0.46168845891952515	0.8283982872962952	0.5933165550231934	0.2553989589214325	0.6635074019432068	0.8093323707580566	0.6623300313949585	0.367757111787796	1.0475614070892334	0.5252692699432373	0.5117966532707214	0.5553100109100342	0.5670627355575562	0.30513763427734375	0.38744255900382996	0.6256807446479797	0.9151145815849304	0.6713680028915405	0.6030581593513489	0.40021276473999023	0.5778066515922546	0.30911460518836975	1.2731908559799194	1.0314518213272095	0.7993412017822266	0.6151954531669617	0.33694660663604736	0.35333481431007385	0.46751874685287476	0.2713926434516907	0.696495771408081	1.1818342208862305	0.3615567684173584	0.5411648154258728	0.8659569025039673	0.6734423041343689	0.2513826787471771	0.6279919743537903	1.314595103263855	0.24865257740020752	0.4210919737815857	0.24106252193450928	0.4690486490726471	0.4949921667575836	0.18064410984516144	0.5044790506362915	0.5157635807991028	0.7360876202583313	1.0208494663238525	0.0	0.8984187841415405	0.11075737327337265	1.0191313028335571	0.3173953890800476	0.5380725860595703	0.04399672895669937	1.105884075164795	0.5708801746368408	0.31899166107177734	0.21856577694416046	0.48853158950805664	0.429737389087677	0.5380085706710815	0.7556146383285522	0.1251673698425293	1.0592753887176514	0.6033176779747009	0.10629034042358398	0.47737428545951843	0.22153852880001068	0.2799433469772339	0.8254929184913635	0.4535173177719116	0.5527359843254089	0.70993572473526	0.2540179193019867	0.06489711999893188	0.30962345004081726	0.852782666683197	1.1360769271850586	1.2149583101272583	0.09444253146648407	0.4958654046058655	0.32152608036994934	1.031177282333374	0.5190182328224182	0.7477656006813049	0.30208778381347656	0.33344849944114685	1.0154961347579956	0.46931201219558716	0.3859313130378723	0.45251771807670593	0.8835431933403015	0.32760852575302124	0.5911570191383362	0.46938878297805786	0.5275980234146118	1.0890984535217285	0.1919528841972351	0.8252580165863037	0.6182750463485718	0.4977317452430725	0.10598134994506836	0.49794676899909973	0.25148648023605347	0.8997986316680908	0.3011739253997803	0.6264798641204834	1.1414488554000854	0.3600923418998718	0.8179783225059509	0.10313370823860168	0.011233401484787464	0.6079603433609009	0.5094690322875977	1.219119668006897	0.37231189012527466	0.4185742139816284	0.7577699422836304	0.4994800388813019	1.0101374387741089	0.5522762537002563	0.7128052115440369	0.26023292541503906	0.5899927616119385	0.3236592411994934	0.8228160738945007	0.5699164271354675	0.4606330394744873	0.3398348093032837	0.25202450156211853	1.2040716409683228	1.0472688674926758	0.6477406024932861	0.7498319149017334	0.6812115907669067	0.26118648052215576	0.5226003527641296	0.05709333345293999
0.5516330003738403	0.8600531816482544	0.45761775970458984	0.3499295711517334	0.8931289911270142	0.4683586657047272	0.493806391954422	0.36384791135787964	0.5202096700668335	0.1715531200170517	1.3251245021820068	0.2394811511039734	0.6056020259857178	0.28120818734169006	0.39343056082725525	0.4984111785888672	0.3608829379081726	0.45878586173057556	0.4522179961204529	0.34957510232925415	0.6541463136672974	0.3181847333908081	0.7433497905731201	0.42977145314216614	0.48682790994644165	0.7147807478904724	0.8797752857208252	0.41896697878837585	0.27825552225112915	0.3495832681655884	0.9868615865707397	0.4032549262046814	0.6732853055000305	0.3939574360847473	0.6030099391937256	0.3331748843193054	0.5206459760665894	0.5101214051246643	0.6551499962806702	0.21505394577980042	0.4560111463069916	1.0833871364593506	0.3087943196296692	0.4505385160446167	0.27860307693481445	1.0255759954452515	0.2953649163246155	0.7902472019195557	0.2880086600780487	0.44319772720336914	0.5029762983322144	0.25702518224716187	0.5916988849639893	0.2601456344127655	0.44268864393234253	0.2756475806236267	0.5912550687789917	1.4157969951629639	0.4546787738800049	0.8911679983139038	0.2548418641090393	0.7192175984382629	0.46857020258903503	0.656764566898346	0.3556060492992401	0.5505706071853638	0.6620730757713318	0.48761075735092163	0.3042311370372772	0.8298136591911316	0.4568043053150177	0.13493415713310242	1.237056016921997	0.736586332321167	0.4958031177520752	0.8003467321395874	0.2799507975578308	0.8219406008720398	0.7721754908561707	0.7664482593536377	0.8450955748558044	0.5339404940605164	0.5848186016082764	0.3970818519592285	1.0078415870666504	0.3134642541408539	0.5821730494499207	0.7930862903594971	0.7842456102371216	0.21079033613204956	0.7585253715515137	0.682590901851654	0.17640624940395355	0.884924054145813	0.6871457099914551	1.2129099369049072	0.8833386301994324	0.27127715945243835	0.5704020261764526	1.0716840028762817	0.733373761177063	1.1996243000030518	0.45620572566986084	0.5335045456886292	0.3363226652145386	0.903817355632782	0.4554119110107422	1.2565734386444092	0.560926616191864	0.5887677669525146	0.6772750616073608	1.417117953300476	0.47899556159973145	0.5831106901168823	0.3507699966430664	0.21862781047821045	0.36296945810317993	1.259556531906128	0.2721453607082367	0.43399563431739807	0.5524168014526367	0.2152387648820877	0.4652586579322815	0.6248687505722046	0.5061212182044983	0.4298001825809479	0.2933545410633087	0.5396182537078857	1.0184382200241089	1.0900999307632446	0.18495838344097137	0.47664812207221985	0.3886779248714447	0.21842171251773834	0.48929864168167114	0.022789299488067627	0.8621950149536133	0.1820847988128662	0.38397669792175293	0.28519126772880554	0.328027606010437	0.26431703567504883	0.5261728167533875	0.15500125288963318	0.6190269589424133	0.706965982913971	0.5314875841140747	0.7001832723617554	1.2549494504928589	0.357065886259079	0.6329597234725952	0.3395785391330719	0.6121599078178406	0.3624820113182068	0.30100658535957336	0.23925559222698212	0.5619046688079834	0.3793264627456665	0.37251389026641846	0.2875972092151642	0.5488278269767761	0.388374388217926	0.6164610981941223	0.29664987325668335	0.052152205258607864	0.6816283464431763	0.5784682631492615	0.20876815915107727	0.5976298451423645	0.2484411597251892	0.7545343041419983	0.5348520874977112	0.6712368726730347	0.34846287965774536	0.381966769695282	0.3599323332309723	0.47749197483062744	0.8920763731002808	0.45393139123916626	0.23268009722232819	0.5883438587188721	0.7881388068199158	0.3335476219654083	0.5176182985305786	0.4484320878982544	0.7379409074783325	0.4807579517364502	0.09433872252702713	1.05686616897583	0.3252738118171692	0.5821912884712219	0.10445431619882584	0.21640585362911224	0.8020201921463013	0.3397439420223236	0.36734721064567566	0.3423922657966614	0.19584664702415466	0.6489020586013794	0.23350149393081665	0.6960886716842651	0.4676557183265686	0.42733505368232727	0.5790733098983765	0.6921046376228333	0.1995810568332672	0.44240954518318176	0.9033971428871155	0.5574494004249573	0.6113578081130981	0.6556305289268494	0.5693437457084656	0.2782188057899475	0.6534736752510071	1.13040292263031	0.4593503177165985	0.7363114356994629	0.22338014841079712	0.8823798298835754	0.5368916392326355	0.35612964630126953	0.39774271845817566	0.30278804898262024	0.5912598371505737	0.5292889475822449	0.4377720355987549	0.5649688243865967	0.42081427574157715	0.4863893389701843	0.4344704747200012	0.8068313002586365	0.5374842882156372	0.4750371277332306	0.5101172924041748	1.120965838432312	0.5092613101005554	0.41073834896087646	0.6517261266708374	0.28229424357414246	0.18082170188426971	0.6816160082817078	0.3403681814670563	1.140184998512268	0.4363643229007721	0.24576535820960999	0.6141437292098999	1.1309571266174316	0.9127557277679443	0.18105970323085785	0.4773539900779724	0.7233954668045044	0.3162546157836914	0.748214066028595	0.4004974365234375	0.3838666081428528	1.0556391477584839	0.7885563969612122	0.3104243874549866	1.4835476875305176	0.17586040496826172	0.6197938919067383	1.2972179651260376	0.2897513508796692	0.48050224781036377	0.7743335366249084	0.3778192400932312	0.4554149806499481	0.23841458559036255	0.4870010316371918	0.5007964968681335	0.6817141771316528	0.5919339060783386	0.7881646156311035	0.11251068115234375	0.4545122981071472	0.3637358546257019	0.3524490296840668	0.3717844486236572	0.3190702795982361	1.1663923263549805	0.606023371219635	0.5568656325340271	0.5481292605400085	0.42139947414398193	0.2716524004936218	1.523511528968811	0.2860651910305023	0.9681382179260254	0.5868244767189026	0.5170730948448181	1.2963356971740723	0.279327929019928	0.49578115344047546	0.29426729679107666	0.29797589778900146	0.9411287307739258	0.6552047729492188	0.3875703811645508	0.801210880279541	0.42707979679107666	0.16613799333572388	0.47576698660850525	1.143797516822815	0.7015594840049744	0.6234887838363647	0.21569158136844635	0.707098662853241	1.619251012802124	0.2429080456495285	0.5869960784912109	0.6342728734016418	0.7363588213920593	0.22182677686214447	0.35576939582824707	0.42678651213645935	0.5232774019241333	0.4984276592731476	0.625845730304718	0.2999638020992279	1.3692927360534668	0.3869445323944092	0.7856733202934265	0.3789411187171936	0.5751025080680847	0.4650120139122009	0.45853930711746216	0.4918753206729889	0.49367159605026245	0.6551486253738403	0.45305174589157104	0.8715658187866211	0.6592886447906494	0.2143789827823639	0.4519995450973511	0.9569019675254822	0.25335612893104553	0.6247247457504272	0.7557132244110107	0.47830405831336975	0.7581932544708252	0.29363906383514404	0.2940171957015991	0.28205442428588867	0.25130271911621094	0.5786944627761841	0.49220794439315796	0.6309998631477356	0.24540548026561737	0.3249194324016571	0.331558495759964	0.4689500331878662	0.8713089227676392	0.46944954991340637	0.6462011337280273	0.7690265774726868	0.43981650471687317	0.9312427639961243	0.5735874176025391	0.3110854923725128	0.3073872923851013	0.9138906598091125	0.38081881403923035	0.46052539348602295	0.36118385195732117	0.7141073346138	0.4608273208141327	0.22988158464431763	1.0950183868408203	0.46804141998291016	0.3565351665019989	0.31866219639778137	0.5430790185928345	0.548297643661499	0.6627516746520996	0.368164598941803	0.466180682182312	1.1830549240112305	0.5017809867858887	1.1748316287994385	0.764016330242157	0.5552522540092468	0.8731282949447632	0.717069149017334	0.21176183223724365	0.6007302403450012	0.567084014415741	0.10394761711359024	0.1348339468240738	0.5081949234008789	0.2736217975616455	0.4628899395465851	0.342224657535553	0.274675577878952	1.1339595317840576	0.6643856763839722	0.7443512678146362	0.5904948711395264	0.27098238468170166	0.3737955689430237	0.6516478657722473	0.44252830743789673	0.7373025417327881	0.5313157439231873	0.6610390543937683	0.5639486312866211	0.5189923644065857	0.7757008671760559	1.0570818185806274	0.37262260913848877	0.36061713099479675	0.9469200968742371	0.548483669757843	1.1478774547576904	0.1032896637916565	0.5402950644493103	0.09704189747571945	0.5186524391174316	0.1658298671245575	0.44994619488716125	0.24550029635429382	0.3306376039981842	0.34556928277015686	0.6205528378486633	0.6757478713989258	0.5463171005249023	0.5617680549621582	0.36874690651893616	0.9866642951965332	0.5772727727890015	0.5384570956230164	0.32916995882987976	0.5138626098632812	0.4045412540435791	0.6104500889778137	0.3915758430957794	0.268564373254776	0.5149224996566772	1.0342292785644531	0.506016194820404	0.2564893960952759	0.4637681841850281	0.5839461088180542	0.45747214555740356	0.4725537896156311	0.5148987174034119	0.25769126415252686	1.2226747274398804	0.37904593348503113	0.7907618284225464	0.6681548357009888	0.7759105563163757	0.5015881061553955	0.6824210286140442	0.6250603795051575	0.4427386522293091	0.37354058027267456	0.409334659576416	0.5232763886451721	1.0533556938171387	0.6046303510665894	0.8774850964546204	0.17459224164485931	0.21476046741008759	0.7851600646972656	0.7403823137283325	0.41434353590011597	0.6401216983795166	0.38686975836753845	0.5208256840705872	0.641272783279419	0.9761640429496765	0.33774012327194214	0.31478291749954224	0.14732511341571808	0.5561925172805786	0.40929943323135376	1.152740478515625	1.3398877382278442	0.2728223502635956	0.43616390228271484	0.6835979223251343	0.4060979187488556	0.5858940482139587	0.9244272708892822	1.0344403982162476	0.417049765586853	0.6084935665130615	0.7062686085700989	0.6243525743484497	0.7943373918533325	0.6464998126029968	0.3255830407142639	0.4888089895248413	0.5720547437667847	0.7286812663078308	0.6457222700119019	0.4967607855796814	0.4019813537597656	0.3653869032859802	0.1741504669189453	0.7315579056739807	0.3864401578903198	0.8269124031066895	0.3661782741546631	0.5058416724205017	0.47609031200408936	0.5681804418563843	0.27610597014427185	0.465919554233551	0.31037217378616333	0.4824582636356354	0.4232921600341797	0.31116074323654175	1.351132869720459	0.43778711557388306	0.36215394735336304	0.3322950303554535	0.3998512029647827	0.7474842071533203	0.4172211289405823	0.3601750135421753	0.6850615739822388	0.18859444558620453	0.7157626152038574	0.08258754014968872	0.18598411977291107	0.3980427384376526	0.45027637481689453	0.8637673258781433	0.6831199526786804	0.5800788998603821	0.26808103919029236	0.9137660264968872	0.8238783478736877	0.3541019856929779	0.16599874198436737	0.25425460934638977	0.3562934398651123	0.22476768493652344	0.505197286605835	0.9973233938217163	0.3299331068992615	0.6123644113540649	0.5733070373535156	0.2993094027042389	0.673072874546051	0.5736839771270752	0.24258112907409668	0.640485405921936	1.2300161123275757	0.4353111982345581	0.5604528784751892	0.3133572041988373	0.46543771028518677	0.7993345856666565	0.3595718443393707	0.5773431658744812	0.7171454429626465	0.7311652898788452	0.517022430896759	0.5604943633079529	0.23301610350608826	0.3437490165233612	0.25993746519088745	0.4878591299057007	0.41717439889907837	0.37991994619369507	0.21865853667259216	0.6496847867965698	1.2719831466674805	1.197222113609314	0.542366623878479	0.8866454362869263	0.7824414968490601	0.365226686000824	0.5022963881492615	0.28969112038612366	0.3147693872451782	0.7182819843292236	0.23035894334316254	0.6726106405258179	0.15837839245796204	0.2869488000869751	0.3552255630493164	0.47106480598449707	0.6975396275520325	0.3312761187553406	0.31959179043769836	0.572123646736145	0.7541403770446777	0.2992316484451294	0.24603527784347534	0.5247143507003784	0.5899896621704102	0.5387240052223206	0.8064249753952026	0.8580302596092224	0.47011899948120117	0.6415249109268188	0.39102837443351746	0.5586257576942444	1.3166618347167969	0.3635883927345276	0.43691423535346985	0.8022043108940125	0.6587696671485901	0.4506668150424957	0.5780131220817566	0.49902790784835815	1.4429993629455566	0.13812096416950226	0.41575339436531067	0.9284365177154541	1.0877598524093628	0.3981800675392151	0.7412585020065308	0.23938113451004028	0.4454939663410187	0.31237825751304626	0.6295945644378662	0.3301156759262085	0.46684977412223816	0.4140542149543762	0.4471549391746521	0.5486270785331726	0.38647931814193726	0.857414960861206	0.6507542729377747	0.6277483701705933	0.4559288024902344	0.6027287840843201	0.2820805311203003	0.2723991274833679	0.5534178614616394	0.33177894353866577	0.3413086235523224	0.6376553177833557	0.8303818702697754	0.2645108699798584	0.205026775598526	0.8606027364730835	0.34615981578826904	0.2160211056470871	0.7773327827453613	0.605343222618103	0.5525505542755127	0.2738623023033142	0.5510612726211548	0.6848590970039368	0.5705063939094543	0.44650793075561523	0.6235424280166626	0.2679572105407715	0.30711764097213745	0.7105073928833008	0.2865310609340668	0.3089216351509094	0.992816150188446	0.8345814943313599	0.24593940377235413	0.25869032740592957	0.7845808267593384	0.3157137930393219	0.8436920046806335	0.4643133282661438	0.4202876389026642	0.4224950969219208	0.4555210471153259	0.745966374874115	0.4866391718387604	0.5953598022460938	0.5811227560043335	0.5321322679519653	0.651310920715332	0.606024980545044	0.7264672517776489	0.6444000005722046	0.6515122652053833	0.1884099841117859	0.35678768157958984	0.12357645481824875	0.6110827922821045	0.6723194122314453	0.5330213308334351	0.48709338903427124	0.4323412775993347	0.4980660676956177	0.2571943402290344	0.5796162486076355	0.1617305725812912	0.7255365252494812	0.5248839855194092	0.7516627311706543	0.41610103845596313	0.29979488253593445	0.39642202854156494	0.5518825054168701	0.7427300214767456	0.7644004821777344	0.25654590129852295	0.27001073956489563	0.6509557366371155	0.4338727295398712	0.2745265066623688	0.5905223488807678	0.3674370348453522	0.8201676607131958	0.7328022122383118	0.5255915522575378	0.46732470393180847	1.017532467842102	0.36628594994544983	0.4861224889755249	0.5499409437179565	0.3677828907966614	0.7123488783836365	0.5339962840080261	0.7321155667304993	0.5642309188842773	0.6197824478149414	0.6782134175300598	0.4124516546726227	0.6547210216522217	0.5496991276741028	0.32839101552963257	0.9374289512634277	0.19050011038780212	0.23023194074630737	0.9223206043243408	0.2621746361255646	0.2860642075538635	0.4139515161514282	0.3788456320762634	0.686432957649231	0.31285250186920166	0.32634952664375305	0.5185816287994385	0.67215895652771	0.8536357283592224	0.23188664019107819	0.5809100866317749	0.5495843887329102	0.34666338562965393	0.5616084337234497	0.33750736713409424	0.5085290670394897	0.4197908341884613	0.6880192756652832	0.4703535735607147	0.6127751469612122	0.704677939414978	0.3275216817855835	0.42563092708587646	0.10297390073537827	0.2200595885515213	0.4271349012851715	0.3731488585472107	0.44676631689071655	0.13449975848197937	0.5324333906173706	0.8546508550643921	0.4808560609817505	0.3337683081626892	0.7709813117980957	0.3774956464767456	0.34620118141174316	0.5164234638214111	0.6432395577430725	0.5623391270637512	0.32224029302597046	0.3048655688762665	0.9278087615966797	0.5249916315078735	0.40326327085494995	0.4898975193500519	0.7061136960983276	0.6548062562942505	0.31175896525382996	0.30815351009368896	0.23215793073177338	0.20546095073223114	1.007315993309021	0.9436309337615967	0.5234273672103882	0.4241622984409332	0.7385968565940857	0.22853077948093414	0.3988184332847595	0.3480544090270996	0.2836586534976959	0.8504748344421387	0.31252098083496094	0.26993119716644287	0.5386239290237427	0.5884042978286743	0.41951242089271545	0.9508106708526611	0.4421444833278656	0.07905557751655579	0.8256726264953613	0.9579682946205139	0.47559037804603577	0.41670453548431396	0.3605753779411316	0.44301658868789673	0.6235102415084839	0.4944256842136383	0.46027088165283203	0.28816670179367065	0.49910423159599304	0.40108558535575867	1.0479265451431274	0.19725364446640015	0.730774998664856	0.44442975521087646	0.5488454103469849	0.6373056769371033	0.7116451263427734	0.21000413596630096	0.5504359006881714	0.39018353819847107	0.5865833163261414	0.47952771186828613	0.5367987751960754	0.5939856171607971	0.9167899489402771	0.8296893835067749	0.3960709869861603	0.5128906965255737	0.3739931881427765	0.24024178087711334	0.4109719693660736	1.0186247825622559	0.502979576587677	0.4214879274368286	0.4964619278907776	0.7837684750556946	0.4927099943161011	0.6158490777015686	1.225547194480896	0.8464928269386292	0.3786401152610779	0.44312065839767456	0.1862965077161789	0.5508864521980286	0.5035006999969482	0.3200649321079254	1.1690267324447632	0.4102168083190918	0.567338764667511	0.6961979866027832	0.4460431635379791	1.3606115579605103	0.2535995841026306	0.6399272084236145	0.32344862818717957	0.296595960855484	0.16204676032066345	0.5336412787437439	0.33605366945266724	0.723878800868988	0.1917298436164856	0.19197116792201996	0.463821142911911	0.1884618103504181	0.38844412565231323	0.34654009342193604	0.3914368152618408	0.49605387449264526	0.9507241249084473	0.3580397069454193	0.4597613215446472	0.6137648224830627	0.7576602101325989	0.37914037704467773	0.5604129433631897	0.5592001676559448	0.6402699947357178	0.8476206064224243	0.5892975330352783	0.5262767672538757	0.5023884773254395	0.6132323741912842	0.7382183074951172	0.44255122542381287	0.9696609377861023	0.5431727170944214	0.4031117558479309	0.7906534671783447	0.5487185120582581	0.8170534372329712	0.6605536341667175	0.5005190968513489	0.41358116269111633	0.5120681524276733	0.5728296637535095	0.12991863489151	0.3721001148223877	1.0405161380767822	0.6142556667327881	1.4722628593444824	0.3409935534000397	0.4209482669830322	0.5856195688247681	0.5973063111305237	0.25545942783355713	0.522436261177063	0.4305259585380554	0.40639612078666687	0.34452763199806213	0.40132278203964233	0.41552960872650146	0.18827635049819946	0.8260248899459839	0.5697571039199829	0.19524770975112915	0.7138146162033081	0.08376575261354446	0.19196154177188873	0.8001863956451416	0.5331292748451233	0.644315779209137	0.853553056716919	0.7469083666801453	0.420658677816391	0.5424580574035645	0.31569817662239075	0.18379710614681244	0.33773258328437805	0.568347156047821	0.8112668395042419	0.41703739762306213	0.6330546140670776	0.34679022431373596	0.18864542245864868	0.4539315104484558	0.5665919780731201	0.45763495564460754	0.2005975842475891	0.34378582239151	0.2997385859489441	0.3699624836444855	0.480976402759552	0.17354150116443634	0.42314612865448	0.13053670525550842	0.42646193504333496	0.6663986444473267	0.3809551000595093	0.41863253712654114	0.5105141401290894	0.7017871141433716	1.3063411712646484	0.3377545475959778	0.25605571269989014	0.5442149043083191	0.6244136095046997	0.3469444811344147	0.5228389501571655	1.038711428642273	0.1996411383152008	0.3362264633178711	0.628342866897583	0.398144006729126	0.4581679701805115	0.7166750431060791	0.6650961637496948	0.45569902658462524	0.7052227854728699	0.1212635263800621	0.43812018632888794	0.5708843469619751	0.251343697309494	0.501462459564209	0.6319020390510559	0.3374747037887573	0.303994357585907	0.9796892404556274	0.3496977686882019	0.26896733045578003	0.6490784883499146	0.457442045211792	0.439902126789093	0.6097678542137146	0.5143091082572937	0.26948556303977966	0.41838937997817993	0.883277952671051	0.8375011682510376	0.6789714097976685	0.7742183804512024	0.5621695518493652	0.5549609065055847	0.4238324761390686	0.5976668000221252	0.5077931880950928	0.6899834871292114	0.4249575734138489	0.2734771966934204	0.38283246755599976	0.2860381603240967	0.4059479236602783	0.2197888195514679	0.35469505190849304	0.16593773663043976	0.342062771320343	0.6395189762115479	0.4872298836708069	0.766761302947998	0.5761376023292542	0.7582929730415344	0.45410242676734924	0.494823694229126	0.4254898428916931	0.4873686134815216	0.46000781655311584	0.5588840842247009	0.6836313605308533	0.1820511817932129	0.9690058827400208	0.7277156114578247	0.6774617433547974	0.5086096525192261	0.17214946448802948	0.48254865407943726	0.5356371998786926	0.42511555552482605	0.7518770694732666	0.49858686327934265	0.06450861692428589	0.5661231279373169	0.8141264915466309	0.9936536550521851	0.647955596446991	0.6532573103904724	0.5669892430305481	0.20877191424369812	0.3965187668800354	0.8689709305763245	0.28909793496131897	0.5264087915420532	0.406743586063385	0.9467360973358154	0.9436081647872925	0.9565579891204834	0.621029794216156	0.9381940364837646	0.902937114238739	0.19210980832576752	0.8724952936172485	0.5308970808982849	0.841586172580719	0.734889805316925	0.43871819972991943	0.3790983259677887	0.5065568685531616	0.6142523288726807	0.5461313724517822	0.6190414428710938	0.34643083810806274	0.549166738986969	0.5632449984550476	0.4692072868347168	0.7122535705566406	0.7613224387168884	0.39376965165138245	0.09337566047906876	0.6233937740325928	0.4083574116230011	0.46991458535194397	0.7238817811012268	0.31469571590423584	0.5175911784172058	0.579993724822998	0.48525819182395935	0.6440659761428833	0.9194871783256531	0.7270960211753845	0.40271443128585815	0.7378416061401367	0.38097041845321655	0.3201755881309509	0.3315024971961975	0.5106959939002991	1.1978645324707031	0.6090191006660461	0.7075023055076599	0.4878232777118683	0.9355380535125732	0.26871421933174133	0.5366645455360413	0.5315374732017517	0.5547945499420166	0.7539694905281067	0.5911950469017029	0.3251888155937195	0.4707323908805847	0.3221018314361572	0.604449450969696	0.8028768301010132	0.4198541045188904	0.4394541382789612	1.2301561832427979	0.44479745626449585	0.5450167655944824	0.5488480925559998	0.32731011509895325	0.7852007746696472	0.3127102851867676	0.653392493724823	0.49326494336128235	0.4929162561893463	0.20632225275039673	0.7703364491462708	0.1796187162399292	0.56196129322052	0.6455808281898499	0.4654731750488281	1.0145963430404663	0.22704078257083893	0.4569949507713318	0.6917038559913635	0.2477271556854248	0.4079546630382538	0.3597758710384369	0.13058686256408691	0.5078554749488831	1.2051395177841187	0.5949246287345886	0.12010657787322998	0.4929582178592682	0.36803269386291504	0.8404814004898071	0.4531998038291931	0.36482611298561096	0.3166881501674652	0.5957515239715576	0.8645623326301575	0.1592525839805603	0.6317232251167297	0.1939891278743744	0.34952449798583984	0.226235032081604	0.8237783908843994	0.4625665545463562	0.2075178623199463	0.45797401666641235	0.6933640241622925	0.42912280559539795	1.071468472480774	0.6234294772148132	0.3858374357223511	0.9042438864707947	0.40539994835853577	0.6199214458465576	0.16805946826934814	0.5603652000427246	1.1471765041351318	0.9419008493423462	0.7626122236251831	0.5574689507484436	0.6982043981552124	0.37699592113494873	0.48397088050842285	0.5247365236282349	1.0812809467315674	0.7199102640151978	0.48113083839416504	0.6130000948905945	0.33513370156288147	0.3555357754230499	0.5437173247337341	0.9144527316093445	0.23351505398750305	1.191098690032959	0.5631880164146423	0.32895392179489136	0.6125495433807373	0.8348571062088013	0.6827380657196045	0.6082568168640137	0.7213537693023682	0.2095521241426468	0.41980284452438354	0.6861574053764343	0.3893682360649109	0.5636004209518433	0.18391120433807373	0.43270188570022583	0.7754504680633545	0.5675063133239746	0.8505690693855286	0.3846554756164551	0.3796616494655609	0.23323288559913635	0.3956466019153595	0.35767868161201477	0.521060585975647	0.781086266040802	0.6347150802612305	0.6471543312072754	0.6579530239105225	0.5457862615585327	0.9172044992446899	0.5097193121910095	0.26387688517570496	0.480116069316864	0.27609366178512573	0.39297544956207275	0.5836249589920044	0.353782057762146	0.5459810495376587	0.4489520490169525	0.8321526646614075	0.7254402041435242	0.498107373714447	0.49210482835769653	0.3103458285331726	0.4575157165527344	0.4336881935596466	0.8319729566574097	0.21687614917755127	0.1931445598602295	1.095907211303711	0.20294485986232758	0.8539779186248779	0.26212894916534424	0.7515381574630737	0.21539270877838135	0.8485943675041199	0.2479051798582077	0.43364983797073364	0.28209492564201355	0.49584299325942993	0.5497234463691711	0.6392238140106201	0.45258843898773193	0.4032701551914215	1.0281810760498047	0.770391583442688	0.30062228441238403	0.4858275055885315	0.19534623622894287	0.9167859554290771	0.37731555104255676	0.4053398072719574	0.712317168712616	0.4131940007209778	0.5755575299263	1.0364502668380737	0.3263772130012512	0.9234215617179871	0.47461074590682983	0.26875999569892883	1.248425006866455	0.30724552273750305	0.7629625797271729	0.4295089840888977	0.299385666847229	0.4239986836910248	0.7454946637153625	0.8876242637634277	1.0968903303146362	0.2870645821094513	0.20367252826690674	0.13840337097644806	0.4906868636608124	0.5726317763328552	0.2917218804359436	0.07688871771097183	0.6724352836608887	0.6728640794754028	0.5950459241867065	1.1344157457351685	0.6526365280151367	0.7687066793441772	0.2984446883201599	0.3475937843322754	0.4931845963001251	0.8219214677810669	0.4643295407295227	0.3386620879173279	0.14117489755153656	0.2024548500776291	0.40480539202690125	0.40021657943725586	0.8801981210708618	0.20317968726158142	0.6548522710800171	0.6926093697547913	0.499642550945282	0.48243990540504456	0.1405661404132843	0.32115039229393005	0.7064465880393982	0.48806241154670715	0.38682565093040466	0.44639718532562256	0.6658646464347839	0.4929836690425873	0.22792309522628784	0.1719825565814972	0.8645161986351013	0.7216952443122864	0.4533437490463257	0.47896909713745117	0.5353701114654541	0.3577340841293335	0.2715728282928467	0.2534189522266388	0.5562127828598022	0.17355185747146606	0.4337314963340759	0.9252354502677917	0.3973315954208374	0.2708088159561157	0.2646145224571228	0.6690872311592102	0.46807247400283813	0.5232649445533752	0.2969413101673126	0.6387021541595459	0.38047555088996887	0.3477538526058197	0.5295071005821228	0.4539543688297272	0.6865656971931458	0.3780295252799988	0.22867874801158905	0.576296865940094	0.3466537594795227	0.382983922958374	1.3177303075790405	0.3473045527935028	1.0912330150604248	0.21770359575748444	0.3554828464984894	0.48903945088386536	0.6430826187133789	0.4838482737541199	0.4306519031524658	0.5993466973304749	0.9972336292266846	0.7142232656478882	0.20208048820495605	0.6131307482719421	0.5949773788452148	0.7662363052368164	0.46613556146621704	0.37598559260368347	0.6153212189674377	0.5018548369407654	0.19666020572185516	0.2691231667995453	0.358032763004303	0.49612414836883545	0.5137758255004883	1.0027072429656982	0.5835695266723633	0.5125141143798828	0.4585754871368408	0.252644807100296	0.990230143070221	1.1520944833755493	0.3591262400150299	0.22730669379234314	0.2700628638267517	0.685627281665802	0.692039966583252	0.4566386640071869	0.3112030625343323	0.32988905906677246	0.5814799666404724	0.4641170799732208	0.5097399950027466	0.42476850748062134	0.33568838238716125	0.5022245049476624	0.9300423860549927	0.3450385630130768	0.10125887393951416	0.4113650619983673	0.5092809200286865	0.6266903877258301	0.4703925549983978	0.562720537185669	0.5305646657943726	0.7847775816917419	0.2552791237831116	0.5771641731262207	0.5079110860824585	1.5437958240509033	0.42147883772850037	0.49929097294807434	0.8884042501449585	0.7802798748016357	0.38140618801116943	0.2639662027359009	0.5842247605323792	0.4081246852874756	0.46239233016967773	0.5398522615432739	0.24012437462806702	0.8307250142097473	1.5670307874679565	0.2464698851108551	0.29604995250701904	0.48268428444862366	0.42383673787117004	0.3070899546146393	0.9102652668952942	0.35121479630470276	0.43693533539772034	0.7394410371780396	0.42502471804618835	0.6195780634880066	0.5795443058013916	0.3898770809173584	0.6214235424995422	0.9240635633468628	0.83271723985672	0.11614982783794403	0.28481346368789673	0.6944860816001892	0.4525327980518341	0.3491665720939636	0.15441308915615082	0.7364946603775024	0.7514054775238037	0.3896157741546631	0.21828249096870422	0.4472566843032837	0.430494099855423	0.48608988523483276	0.35555317997932434	0.8720055818557739	0.5629858374595642	0.5219116806983948	1.2092061042785645	0.40766674280166626	0.4979933500289917	0.7206379175186157	0.42646124958992004	0.3743334412574768	1.1650068759918213	0.9227717518806458	0.47158101201057434	0.2536519765853882	0.7917254567146301	0.6682167053222656	0.2783687114715576	1.1998263597488403	0.7504360675811768	0.30938225984573364	0.38465389609336853	0.8565713167190552	0.43947073817253113	0.6734343767166138	0.09755206108093262	0.8816835284233093	0.7585566639900208	0.1998397409915924	1.0752545595169067	0.36015447974205017	0.6729610562324524	0.6811606287956238	0.2631879448890686	0.3201831877231598	0.23103627562522888	0.4675092399120331	0.6101126074790955	0.2674664556980133	0.783417820930481	0.3211587965488434	0.6703380346298218	0.4434650242328644	0.6742706894874573	0.507067859172821	0.5006469488143921	1.2055690288543701	0.7220419049263	0.45135343074798584	0.33580148220062256	0.5839786529541016	0.6530559659004211	0.22198247909545898	0.660427987575531	0.5284583568572998	0.9121177792549133	0.26727527379989624	1.0164753198623657	0.6294354796409607	0.3835922181606293	0.4205538332462311	0.5157555341720581	0.8175809383392334	0.520706057548523	0.9359979629516602	0.2860466241836548	0.5150578022003174	0.6091220378875732	0.9428432583808899	0.48499494791030884	0.4316336512565613	0.45245903730392456	0.7542967200279236	0.5715892314910889	0.387824684381485	0.7353717684745789	0.8417729139328003	0.5450670719146729	0.4961470067501068	0.6220966577529907	0.41912397742271423	0.7105732560157776	0.7021574378013611	0.6187574863433838	0.425274133682251	0.5534942746162415	0.26042839884757996	0.21729253232479095	0.4378483295440674	0.2556392550468445	0.25677573680877686	0.4533621668815613	0.49355754256248474	0.16191761195659637	0.49425286054611206	0.3606574237346649	0.6304602026939392	0.26906049251556396	0.9915422797203064	0.3212156891822815	1.532957911491394	0.39814960956573486	0.2640778720378876	0.45363137125968933	0.3709290027618408	0.2879694402217865	0.2819364368915558	0.47345492243766785	0.6806378364562988	0.7771442532539368	0.5746551752090454	0.29229316115379333	0.5546296238899231	0.49487370252609253	1.2142717838287354	0.4103052616119385	0.4161873161792755	0.5447179675102234	0.28737688064575195	0.34513965249061584	0.5081168413162231	0.6630250215530396	0.7819700837135315	0.4244435727596283	0.46078142523765564	0.7452570199966431	0.6519466042518616	0.483359694480896	0.4923974871635437	0.6467168927192688	0.7092077732086182	0.2462916076183319	0.2666040360927582	0.5077488422393799	0.18189115822315216	0.42073991894721985	0.6846837997436523	0.6305634379386902	1.0339088439941406	0.3271348476409912	0.47360312938690186	0.30610930919647217	0.6644179821014404	0.6391345858573914	0.9300383925437927	0.5402012467384338	0.5541548728942871	0.2184731513261795	0.5318554639816284	0.28764307498931885	0.6391701102256775	0.36558398604393005	0.8863338828086853	0.7185717225074768	0.23432308435440063	0.17569546401500702	0.8815219402313232	0.33797308802604675	0.3995708227157593	0.585301399230957	0.6617231965065002	0.7187115550041199	0.7744729518890381	0.29847490787506104	0.7123457789421082	0.7569597959518433	1.1559635400772095	0.46973565220832825	0.5466902852058411	0.9299489855766296	0.4953991174697876	0.40114426612854004	0.307096004486084	0.4539743959903717	0.2772098779678345	0.6201393604278564	0.5091459155082703	0.6059356927871704	0.7540346384048462	0.4407995939254761	0.3306216597557068	0.40957799553871155	0.8869518041610718	0.697521984577179	0.3042758107185364	0.4055471420288086	0.2923452854156494	1.1399739980697632	1.183607816696167	0.49998241662979126	0.6445075273513794	0.591967761516571	0.4433044195175171	0.44210049510002136	0.18845054507255554	0.4757641553878784	1.0604745149612427	0.097043976187706	0.5302820801734924	0.3142149746417999	0.5768612027168274	0.6192047595977783	0.35883256793022156	0.635694682598114	0.6036958694458008	0.6914121508598328	0.6509084701538086	0.20909234881401062	0.3185839354991913	0.5513104200363159	0.32813265919685364	0.27823925018310547	0.647178590297699	0.41217923164367676	0.23556730151176453	0.6157890558242798	0.29141560196876526	0.5119667649269104	0.9006595015525818	0.43840286135673523	0.5949078798294067	0.15969419479370117	0.39123231172561646	0.585067629814148	0.35407543182373047	0.24267302453517914	0.5151903033256531	0.5932425260543823	0.5071344375610352	1.1221665143966675	0.6042059659957886	0.36573487520217896	0.8776286840438843	0.20302733778953552	0.8229967355728149	0.8145480155944824	0.4419533610343933	0.6208857893943787	0.2896423935890198	0.84315025806427	0.2880520224571228	0.4376966655254364	0.7135747075080872	0.4791715145111084	0.2494312822818756	0.6743109226226807	0.9322961568832397	0.5498015880584717	0.5472425818443298	0.6805564165115356	0.47460293769836426	0.39078056812286377	0.44572436809539795	0.1152985543012619	0.3093279302120209	0.711872398853302	0.8429125547409058	0.681316614151001	0.5146216750144958	0.8658835291862488	0.3804205060005188	1.012986660003662	1.2908895015716553	1.0599342584609985	0.5842838287353516	0.508773922920227	0.692430853843689	0.5876126885414124	0.3806999921798706	1.33635413646698	0.6519544124603271	0.43418005108833313	0.3235919773578644	0.7756571173667908	0.5835191607475281	0.32837873697280884	0.34868741035461426	1.0594688653945923	0.19547387957572937	0.3974533677101135	0.3969695568084717	0.938844621181488	0.8780593872070312	0.3400271236896515	0.4556695818901062	0.41806888580322266	0.8494998216629028	0.6544245481491089	0.9325248003005981	0.7724663019180298	0.7066755294799805	0.17925876379013062	0.7581524848937988	0.46749353408813477	0.2104407697916031	0.550160825252533	0.315123975276947	1.797664761543274	0.3353511393070221	0.13190926611423492	0.39314964413642883	0.2621641159057617	0.14012566208839417	0.4502319097518921	0.24325056374073029	0.18954317271709442	0.24394020438194275	0.40796947479248047	0.7445166110992432	0.7148295640945435	0.18321506679058075	0.46129319071769714	0.5457106232643127	0.20444276928901672	0.6007638573646545	0.7158372402191162	0.8756232857704163	1.1183722019195557	0.35104280710220337	0.5666893720626831	0.37872007489204407	0.5037332773208618	0.32828837633132935	0.7080031633377075	0.1787872612476349	0.2871420085430145	0.16017211973667145	0.4475705027580261	0.4667568504810333	0.6628787517547607	0.6572842597961426	0.6450380086898804	0.5461123585700989	0.6222959160804749	0.6307238340377808	0.51216059923172	0.5060105323791504	0.6558787226676941	0.5171436071395874	0.49947845935821533	0.5102606415748596	0.5677331686019897	0.7215926647186279	0.2587117850780487	0.8842989206314087	0.5259336233139038	0.30775684118270874	0.2923092246055603	0.6507853269577026	0.6560755372047424	0.47434520721435547	0.392698734998703	0.1829855591058731	0.8253973126411438	0.4494172930717468	0.1845678836107254	1.2835558652877808	0.7758572101593018	0.32442033290863037	0.7083542346954346	0.4290017783641815	0.18514609336853027	0.4131487309932709	0.7320748567581177	0.8537005186080933	0.6369332075119019	0.7867535352706909	0.3943818509578705	0.5963485240936279	0.7756755352020264	0.7585945129394531	1.2593605518341064	0.3617490828037262	0.567491352558136	0.36319199204444885	0.5490492582321167	0.1387486755847931	0.5474699139595032	0.1388627141714096	0.4427899420261383	0.3083926737308502	0.21944886445999146	0.32994723320007324	0.5504745841026306	0.25071170926094055	0.8701257109642029	0.4157756567001343	0.4969295859336853	0.536355197429657	0.9336789846420288	0.24707844853401184	0.22707322239875793	0.26640504598617554	0.13754744827747345	0.23836641013622284	0.6657851934432983	0.9027811884880066	0.35478508472442627	0.673088788986206	0.46428921818733215	1.221934199333191	0.807798445224762	0.3066307306289673	0.49029362201690674	0.29075750708580017	0.4021024703979492	0.4127632975578308	0.33438438177108765	0.25972801446914673	0.27245664596557617	0.7960935235023499	0.3315517008304596	0.6950806975364685	0.060362331569194794	0.6765972375869751	0.759533703327179	0.48607295751571655	0.23135554790496826	0.42486244440078735	0.6696813106536865	0.2979513704776764	0.47427788376808167	0.8364774584770203	0.5419761538505554	1.1799421310424805	0.6469565033912659	0.510405421257019	0.24436338245868683	0.19688203930854797	1.0419219732284546	0.7725541591644287	0.4501289129257202	0.8424636125564575	0.8418128490447998	0.5828697085380554	0.6848984360694885	0.4658434987068176	0.3905556797981262	0.4266180098056793	0.7609668970108032	0.4809642732143402	0.5815182328224182	0.2584865689277649	0.2867192327976227	1.0875216722488403	0.4353308081626892	0.7187036871910095	0.6578423380851746	0.41883134841918945	0.27009308338165283	0.8320432901382446	0.3947165608406067	1.222926139831543	0.2408490628004074	0.5126772522926331	0.41149067878723145	0.28599023818969727	0.36589309573173523	0.3142906129360199	0.274558961391449	1.035712718963623	0.467701256275177	0.6307005286216736	0.9958154559135437	0.276095986366272	0.534542441368103	0.7664122581481934	0.507911205291748	0.5673227310180664	0.8990567326545715	0.5758952498435974	0.3300263285636902	0.7987359762191772	0.6076134443283081	0.5424030423164368	0.3073335587978363	0.7907102704048157	0.5710940361022949	0.986182451248169	0.6239323616027832	0.8514425754547119	0.5353990197181702	0.5568255186080933	0.655180037021637	0.21309766173362732	0.9446301460266113	0.6139273643493652	0.5408576130867004	0.20680823922157288	0.15990227460861206	0.3526497781276703	0.461558997631073	0.49356865882873535	0.6027784943580627	0.28070390224456787	0.7825901508331299	0.36042067408561707	1.0006217956542969	0.7434374690055847	0.8977976441383362	0.32158902287483215	0.4774264097213745	0.2818503975868225	0.525777280330658	0.19946327805519104	0.29644832015037537	0.7854437828063965	0.2969415783882141	0.22902211546897888	0.38624778389930725	0.7039433121681213	0.25986412167549133	0.647501528263092	0.8812330365180969	0.161458358168602	0.6771370768547058	0.29950040578842163	0.5859179496765137	0.5306257009506226	0.330365926027298	0.7377757430076599	0.2744455635547638	0.455933153629303	1.3523962497711182	0.653435468673706	0.8160702586174011	0.6043993234634399	0.6169664859771729	0.7770117521286011	0.7787231802940369	0.10617725551128387	1.054545521736145	0.33362799882888794	0.7377344965934753	0.30200979113578796	0.6138837337493896	0.533349871635437	0.4869556128978729	0.5174499154090881	0.5429092645645142	1.3975121974945068	0.5827705264091492	0.18580955266952515	0.605904757976532	0.180733785033226	0.5229580402374268	0.319869726896286	0.7435840964317322	0.7547420263290405	0.3850550949573517	0.3074987828731537	0.5161145925521851	0.41241931915283203	0.36463412642478943	0.7967224717140198	0.5040749311447144	0.24249601364135742	0.47060275077819824	0.13597816228866577	0.8195815086364746	0.552739143371582	0.7925785779953003	0.1591310352087021	0.4788527190685272	0.6597956418991089	0.3079197108745575	0.5591764450073242	0.4342838525772095	0.5703240036964417	0.8398157358169556	0.959113359451294	0.2661096751689911	0.6003111600875854	0.7438517212867737	0.8734105825424194	0.6254894137382507	0.4103859066963196	0.6977380514144897	1.1567720174789429	0.8125454783439636	0.32159507274627686	0.8665774464607239	0.8158144950866699	0.48993629217147827	0.5939992666244507	0.3790391683578491	0.3768613636493683	1.0498496294021606	0.4414547383785248	0.8511431217193604	0.21480821073055267	0.873227059841156	0.3187325596809387	0.5200355648994446	0.5235092043876648	0.6236892342567444	0.7864056825637817	0.26499703526496887	0.5562059879302979	1.1634498834609985	0.8268589973449707	0.2569303512573242	0.4209308624267578	0.23998448252677917	0.42476195096969604	0.48115018010139465	0.39026424288749695	1.0085877180099487	1.197502613067627	0.6545367240905762	0.30343273282051086	0.4006413221359253	0.4224771559238434	0.47355130314826965	0.39958542585372925
0.8698869347572327	0.729836642742157	0.7404201030731201	0.043421100825071335	0.1880636215209961	0.6329876780509949	0.26917144656181335	0.06134643778204918	0.736210823059082	0.1659005582332611	0.540810763835907	0.5037598013877869	0.8734531402587891	0.36951854825019836	0.3745422065258026	0.21774634718894958	0.5841917991638184	0.6677904725074768	1.2425633668899536	0.4681446850299835	0.39863821864128113	0.4280482530593872	0.28446072340011597	0.2761286497116089	0.6110715866088867	0.38491135835647583	0.15655186772346497	0.8346142768859863	0.39864668250083923	0.6214974522590637	0.7255113124847412	0.4724995791912079	0.08109091967344284	0.5006449818611145	0.2798960506916046	0.4923379421234131	0.2379770576953888	0.6970604658126831	0.23088034987449646	0.8972785472869873	0.12778054177761078	1.347316026687622	0.4053528904914856	0.4498980939388275	0.17733964323997498	0.8284655213356018	0.44908320903778076	0.5387071967124939	0.43253740668296814	0.020760035142302513	1.3494521379470825	0.6754407286643982	0.8582758903503418	0.43602168560028076	0.2508835792541504	0.21402378380298615	0.38098272681236267	0.23740163445472717	0.5199358463287354	0.6998985409736633	0.3611072897911072	0.7175642848014832	0.5264255404472351	1.0334827899932861	0.3655770421028137	0.63455730676651	1.0889402627944946	0.2263568937778473	0.8446863889694214	0.8623859286308289	0.3619539141654968	0.24106766283512115	1.1381049156188965	0.2698173224925995	0.6144781708717346	0.18269149959087372	0.479464590549469	0.5759068727493286	1.1379808187484741	0.7200093269348145	0.5038544535636902	0.5649880766868591	0.49021703004837036	0.5686432123184204	0.028071856126189232	0.4189819395542145	0.7126837968826294	0.8096626996994019	1.3545362949371338	0.2425808161497116	0.3005399703979492	0.5827034115791321	0.04634048044681549	0.8844510316848755	0.3976743221282959	0.36486002802848816	1.0267722606658936	0.41814476251602173	0.7519597411155701	0.09772250801324844	0.2781063914299011	1.6093617677688599	0.2678927779197693	0.01707599312067032	1.0171455144882202	1.1874747276306152	0.4098787307739258	1.0988624095916748	0.43828442692756653	0.7774758338928223	0.8320921063423157	0.33727365732192993	1.1416747570037842	0.11259827762842178	0.6915158629417419	0.33111947774887085	0.4474112093448639	0.8985264301300049	1.2522467374801636	0.949265718460083	0.20581133663654327	0.2838132381439209	0.5689916610717773	0.20366427302360535	1.2561936378479004	0.7525627613067627	0.24794769287109375	0.602860689163208	0.48190104961395264	1.3317188024520874	0.5807912349700928	1.2928783893585205	0.36064600944519043	0.4208965301513672	0.29839736223220825	0.2751944661140442	0.6149927973747253	0.12537798285484314	0.2277514636516571	0.7069748044013977	0.30365315079689026	0.18845725059509277	0.7311047315597534	0.46353790163993835	1.0145018100738525	1.0654468536376953	0.7540901899337769	0.8069739937782288	1.2382440567016602	0.19792577624320984	0.3990221321582794	0.5608750581741333	0.4652879238128662	1.138798713684082	0.6267209053039551	0.44744551181793213	0.5291597247123718	0.13105526566505432	0.3208078444004059	0.5827934741973877	0.6863427758216858	0.775370180606842	0.3897833526134491	0.2605055570602417	0.2713651955127716	0.5073795914649963	0.3219531774520874	0.22909864783287048	1.7142417430877686	0.2002820074558258	0.8101276755332947	0.646885871887207	0.44648632407188416	0.5137425661087036	0.3784290552139282	0.21783031523227692	0.3325215280056	0.5306194424629211	0.6273062229156494	0.2096676081418991	0.2617653012275696	0.4565553367137909	0.12185165286064148	0.48953428864479065	0.412544310092926	0.8615397810935974	0.14376741647720337	0.19369901716709137	0.22631479799747467	0.8397544026374817	0.7734682559967041	0.2547498941421509	0.16378936171531677	0.9416987299919128	0.41005486249923706	0.22636014223098755	0.6522653102874756	0.13983044028282166	0.4816957414150238	0.20671416819095612	0.6291872262954712	0.7459449768066406	0.5559088587760925	0.3894909918308258	1.052264928817749	0.8174868822097778	0.6100084185600281	0.5389605760574341	1.0866131782531738	0.8008657693862915	0.7667734622955322	0.36928901076316833	0.2445162534713745	0.546364426612854	0.24314451217651367	0.49580976366996765	0.133807972073555	0.7761557698249817	0.6717032194137573	0.2952006459236145	0.7806981801986694	0.4168136715888977	0.20261766016483307	0.603143036365509	0.494497150182724	0.49621760845184326	0.915570855140686	0.4007572531700134	0.5676000118255615	1.1072430610656738	0.9558103680610657	0.6564452052116394	0.41277173161506653	1.4085545539855957	0.7120795249938965	0.12407593429088593	0.26837265491485596	0.23776572942733765	0.7605092525482178	0.17801152169704437	0.4239346981048584	0.4663183093070984	0.0921546071767807	0.41518089175224304	0.7364977598190308	0.2670450806617737	1.363505482673645	0.6795852184295654	0.2594069242477417	0.8602480888366699	0.3864671289920807	0.21857351064682007	0.4783664345741272	0.7416852116584778	0.3636261224746704	0.3203274607658386	0.8191079497337341	0.21369604766368866	1.6994938850402832	0.4006763696670532	0.3214203119277954	0.8250879049301147	0.4708186984062195	0.40884944796562195	0.08778821676969528	0.38502949476242065	0.553810179233551	0.302767813205719	0.302902489900589	0.7260345220565796	0.44607532024383545	0.6741188168525696	1.3599556684494019	0.9369103908538818	0.7202411890029907	0.38347557187080383	0.5130720734596252	0.7702072858810425	0.5782838463783264	0.11933445930480957	0.6439671516418457	0.16126704216003418	0.2863880395889282	0.4686707556247711	0.4157593548297882	0.8661040663719177	0.3288559019565582	0.39694201946258545	1.3327596187591553	0.6720971465110779	0.819561243057251	0.2597213089466095	0.4151268005371094	0.17055554687976837	0.25448012351989746	1.0764507055282593	0.7487226724624634	0.6929593086242676	0.4726935625076294	0.14038437604904175	0.3048270642757416	0.1900233030319214	1.1925746202468872	0.5692501664161682	0.34429606795310974	0.2534179389476776	0.3322397470474243	0.5979263782501221	0.4526076316833496	0.16516584157943726	1.1955610513687134	0.4921014606952667	0.608600378036499	1.076604962348938	0.4681655764579773	1.5043176412582397	0.20201390981674194	0.5712569952011108	0.09500233083963394	0.4029303193092346	0.32613927125930786	0.07077229768037796	0.7164036631584167	0.13304995000362396	1.4935334920883179	0.29864948987960815	0.19022586941719055	0.5402466654777527	0.6283813714981079	0.85271155834198	0.6183547973632812	0.6049431562423706	0.3011072278022766	0.4043048620223999	0.03543291240930557	0.6023687124252319	0.9111177921295166	0.10918409377336502	0.1583860069513321	0.7734375	0.3176892399787903	0.1212199255824089	0.343389093875885	0.4301651120185852	0.6515576243400574	0.44871285557746887	0.3355798125267029	0.1643330156803131	0.9472362995147705	0.4057638347148895	0.818472146987915	0.2701515853404999	0.22674015164375305	1.76386559009552	0.6105029582977295	0.40079763531684875	0.691689133644104	0.38080835342407227	0.16142870485782623	0.4823053479194641	1.581665277481079	0.03147862106561661	0.6181515455245972	0.5242458581924438	0.8327267169952393	0.7435872554779053	0.6749862432479858	1.0054701566696167	0.9586928486824036	0.3398534655570984	0.609039306640625	0.12443874776363373	0.582648515701294	0.6090385913848877	0.5212751626968384	0.9431498050689697	0.3606797456741333	0.5188612937927246	0.8900500535964966	0.6316421031951904	0.7141520977020264	0.8862431645393372	0.3051055669784546	0.4885796308517456	0.5546928644180298	0.5876244306564331	0.7572497725486755	0.159628227353096	0.2404761016368866	0.2818101644515991	0.48156553506851196	0.4000728726387024	0.3725716471672058	0.2238573431968689	0.6317651867866516	0.258671373128891	0.2760412096977234	0.3961908519268036	0.4568862318992615	0.2900613844394684	0.9298375844955444	0.521998405456543	0.47276392579078674	1.1640148162841797	0.29328036308288574	0.45918795466423035	0.48294463753700256	0.7218752503395081	0.8697064518928528	0.2560478448867798	1.117041826248169	0.5211349725723267	0.5725553035736084	0.3628092408180237	0.39670172333717346	0.25533103942871094	0.38265499472618103	0.7694923877716064	0.7078244090080261	0.5007816553115845	0.577728271484375	0.5855323076248169	0.5480055809020996	0.42383915185928345	0.8419734239578247	0.42632946372032166	0.25299203395843506	0.34471312165260315	0.412950724363327	0.850090742111206	0.11186189949512482	0.22669567167758942	0.46794113516807556	0.3744727373123169	0.534508228302002	0.32311877608299255	0.44504448771476746	0.5226101875305176	0.474744975566864	0.3441064953804016	0.13126298785209656	0.7282809019088745	0.744629979133606	0.3529324531555176	0.5615146160125732	0.16685104370117188	0.8040098547935486	0.6088606119155884	0.7681751847267151	0.7490603923797607	0.2749696373939514	0.33053159713745117	1.4410440921783447	0.30495041608810425	0.39126840233802795	0.29734376072883606	0.8739233016967773	0.2952774167060852	0.9174789786338806	0.38252928853034973	0.5846191644668579	0.3351092040538788	0.2726370692253113	0.9973605275154114	0.8175747990608215	0.8795050978660583	0.18177607655525208	0.5372955203056335	0.4064417779445648	0.29311567544937134	0.34871038794517517	0.3933205306529999	0.5031698942184448	0.3703462779521942	0.8947119116783142	0.06376282870769501	0.18309356272220612	0.5364677906036377	0.6565694808959961	0.749049961566925	0.9046623706817627	0.1547335684299469	0.6293843388557434	0.5139760971069336	1.4975290298461914	0.7281357049942017	1.001249074935913	1.1205263137817383	0.4007489085197449	0.24391481280326843	0.4710974097251892	0.374229371547699	0.7803795337677002	0.3529936671257019	0.1631462126970291	0.974957287311554	0.23890765011310577	0.62518709897995	0.1319197416305542	0.5750945806503296	0.4791938066482544	0.6767774820327759	0.7033646106719971	0.4481852650642395	0.6462591290473938	1.1931933164596558	0.8112538456916809	1.0502978563308716	0.7023263573646545	0.3526747226715088	0.4431506097316742	0.13121092319488525	0.7245458364486694	0.6740261316299438	0.24274003505706787	0.4272039830684662	0.42144954204559326	0.69950270652771	0.4763111174106598	0.2067340612411499	0.08659268915653229	1.386450171470642	0.1990576982498169	0.9415448307991028	0.32744625210762024	0.35310691595077515	0.4079371988773346	0.47180044651031494	1.3275229930877686	0.6943641901016235	0.3380202353000641	0.32577112317085266	0.5455414056777954	0.9182115793228149	0.2972046434879303	0.20188121497631073	0.16301752626895905	0.6037383079528809	0.4478650689125061	0.44854074716567993	0.9377063512802124	0.6029931306838989	0.4514750838279724	0.649337887763977	0.2232518494129181	0.47420042753219604	0.517415463924408	0.25737670063972473	0.3008307218551636	0.9103381633758545	0.34643229842185974	0.605794370174408	0.31494492292404175	0.5922857522964478	0.5121141672134399	0.6065057516098022	0.748575747013092	0.4820721447467804	0.5088407397270203	0.8558022379875183	0.7179616093635559	0.7628333568572998	0.4241716265678406	0.41965237259864807	0.16816116869449615	0.32544806599617004	0.13953480124473572	0.27449917793273926	0.4053511321544647	0.7108457088470459	1.6168137788772583	1.200958490371704	0.9024748802185059	1.2551963329315186	0.3802002966403961	0.48642438650131226	0.32773879170417786	0.2957487404346466	0.7004525661468506	0.27606409788131714	0.025800850242376328	0.5076021552085876	0.430825799703598	0.32525891065597534	0.4547721743583679	0.3938838839530945	0.31375807523727417	0.2766011655330658	0.17971572279930115	0.5591980814933777	0.6909056901931763	1.2626159191131592	0.5008952021598816	0.269576758146286	0.6856778860092163	0.7844663858413696	1.2600159645080566	0.1829536110162735	0.4949474036693573	0.508391797542572	0.3201877772808075	0.886091411113739	0.17520762979984283	0.8032696843147278	0.9010779857635498	0.4684714674949646	0.5566889047622681	0.5197593569755554	0.355578750371933	0.44865989685058594	0.27520883083343506	0.5473325252532959	0.5826631784439087	0.04371774196624756	0.8950267434120178	1.267274260520935	0.19436030089855194	0.453788161277771	0.07332472503185272	0.24879057705402374	0.2983584403991699	0.4633544981479645	0.09598009288311005	0.31563296914100647	0.12509775161743164	0.40244248509407043	0.18648946285247803	0.04817524552345276	0.20900128781795502	0.7092140913009644	0.4603302776813507	0.5263979434967041	0.250642865896225	0.6972466111183167	0.38992130756378174	0.15598934888839722	0.14067628979682922	0.07897704839706421	0.35272952914237976	0.3368702232837677	0.5457872748374939	0.6554489731788635	0.3187594413757324	0.2666817605495453	0.461439847946167	0.33506831526756287	0.34583792090415955	0.5392563343048096	0.13443022966384888	0.7003710865974426	0.37367936968803406	0.7868010997772217	0.29755711555480957	0.4682162404060364	0.3961767554283142	0.3110792934894562	0.28486329317092896	0.45964354276657104	0.8166151642799377	0.15424886345863342	0.5018919110298157	0.42922845482826233	0.18593187630176544	0.6781153678894043	0.39757734537124634	0.4699181318283081	0.8063918948173523	0.4473123550415039	1.4583032131195068	0.34293824434280396	0.4979962110519409	0.4746030569076538	0.5082792043685913	0.6399010419845581	1.0367085933685303	1.509932279586792	0.02747965231537819	0.5670948028564453	1.2517963647842407	0.3970164656639099	0.37446531653404236	0.45382949709892273	0.960974931716919	0.507624089717865	0.7989874482154846	0.558000922203064	0.5575869083404541	0.5549575090408325	0.45402806997299194	0.23704330623149872	0.7680338621139526	0.4431774914264679	0.705787181854248	0.34497079253196716	0.24395917356014252	0.6485921740531921	0.7270814776420593	0.6475887298583984	0.5203231573104858	0.7059512138366699	0.5009331703186035	0.11499525606632233	0.4337049126625061	0.33604001998901367	0.35440319776535034	0.13335594534873962	0.43721359968185425	0.2723216712474823	0.4792225956916809	0.16546319425106049	0.5273832678794861	1.318547248840332	0.4882698655128479	0.13516750931739807	0.31556132435798645	0.6526719331741333	0.050803493708372116	0.6142607927322388	0.17486408352851868	0.7777585983276367	0.4174230396747589	0.3432167172431946	0.4367372989654541	0.4470137357711792	0.42276668548583984	0.2082919180393219	1.0066087245941162	0.35828226804733276	0.15381935238838196	0.5889352560043335	0.3433210849761963	0.6076401472091675	0.349434494972229	0.2962551712989807	1.1797761917114258	0.366390198469162	0.5553329586982727	0.5155738592147827	0.39794009923934937	0.22137568891048431	0.35082754492759705	0.8239149451255798	0.7969521284103394	0.6555202603340149	0.5109559297561646	0.4901670217514038	0.56288743019104	0.41642335057258606	0.6085452437400818	0.5182105302810669	0.43644049763679504	0.2414465993642807	0.2944551110267639	0.12439826130867004	0.39926180243492126	0.6107050180435181	0.5673431754112244	0.4381200671195984	0.7533700466156006	0.47472628951072693	0.39186373353004456	0.6947581768035889	0.17823706567287445	0.4892013967037201	0.4481932818889618	0.3597696125507355	0.16233962774276733	0.46791890263557434	0.5593850612640381	0.3157157897949219	0.20423802733421326	0.3034132122993469	0.3610736131668091	0.4736756384372711	0.5871022939682007	0.7737154364585876	0.6960568428039551	0.3954794108867645	0.20416021347045898	0.44562864303588867	0.33265039324760437	0.4980490803718567	1.020400047302246	0.3460822105407715	0.19237665832042694	0.5840285420417786	0.33130231499671936	0.6926665902137756	0.34569746255874634	0.22385051846504211	0.9560073018074036	0.4054848551750183	0.1518857330083847	0.4419046938419342	0.33700770139694214	0.397612601518631	1.1025124788284302	0.30243393778800964	0.3383377194404602	1.4313075542449951	0.7011558413505554	0.41069626808166504	1.224977970123291	0.43533873558044434	0.30435270071029663	0.2780941128730774	1.3770930767059326	0.5396987199783325	0.6902676820755005	0.6471066474914551	0.3794988989830017	0.9869049787521362	0.8328357338905334	0.5726914405822754	0.9247840642929077	0.7189123630523682	1.017890453338623	0.46292638778686523	0.020307321101427078	0.48869237303733826	0.5298094153404236	0.562120795249939	0.4660680592060089	0.895145058631897	0.41209080815315247	0.45912760496139526	0.9695475101470947	0.25052011013031006	0.8135254979133606	0.2995896637439728	0.3530184030532837	0.30038753151893616	0.69599848985672	0.6342677474021912	0.4878740906715393	0.5471922159194946	0.4425625205039978	0.26890990138053894	0.3873693346977234	1.0387955904006958	0.2633518874645233	0.39593103528022766	0.4354851543903351	0.23558011651039124	1.1565001010894775	0.8502323627471924	0.4750277101993561	0.5339299440383911	0.8626754283905029	0.48708146810531616	0.5166302919387817	0.5235321521759033	0.744284451007843	0.3899688422679901	0.1261562705039978	0.6108730435371399	0.21761296689510345	0.09517665952444077	0.4996943473815918	0.30916428565979004	0.5771419405937195	0.24745123088359833	0.24448595941066742	0.6711527109146118	0.5240981578826904	0.5004184246063232	0.25105664134025574	0.24275986850261688	0.1425187587738037	1.0799024105072021	0.5271565914154053	0.4679967164993286	0.5748173594474792	0.3887408971786499	0.31194400787353516	0.5404467582702637	0.2657376229763031	0.8726849555969238	1.3539962768554688	0.4159197211265564	0.09336451441049576	0.14709793031215668	0.18037113547325134	0.176251620054245	0.4530814588069916	1.117109775543213	0.7071363925933838	0.4016736149787903	0.9791622161865234	0.7833821773529053	0.8870828151702881	0.5503193140029907	0.24840587377548218	0.4229748845100403	1.0436937808990479	0.41726166009902954	0.1861068308353424	0.4009001553058624	1.1404680013656616	0.9390593767166138	1.141215205192566	0.362774133682251	0.43815505504608154	0.49672743678092957	0.6529057025909424	1.4338828325271606	0.46552538871765137	0.4058923125267029	0.5595644116401672	0.33662909269332886	0.2738623023033142	1.0987300872802734	0.5900711417198181	0.7110989093780518	0.45139631628990173	0.9004637598991394	0.8552590012550354	0.13325652480125427	0.19043496251106262	0.8119604587554932	0.3411906361579895	0.7351325750350952	1.016467809677124	0.6965117454528809	0.7047744989395142	0.508684515953064	0.47704094648361206	0.3793659210205078	0.4974619746208191	0.5448914170265198	0.7099487781524658	0.15857523679733276	0.6526249647140503	0.27504071593284607	0.24457919597625732	0.5781896114349365	0.631319522857666	0.35734832286834717	0.14704418182373047	0.4695509672164917	0.3475213646888733	0.4466755986213684	0.4081411361694336	0.2537582516670227	0.7133758664131165	0.16713158786296844	0.7104519605636597	0.8676719069480896	0.8748267292976379	0.4775254428386688	1.0866535902023315	0.4569149613380432	1.6398422718048096	0.6462870836257935	0.2228684425354004	0.2776031792163849	0.21229520440101624	0.3490586280822754	0.4797908663749695	0.9569746255874634	0.34070202708244324	0.4959718585014343	0.2716544270515442	0.3476327061653137	0.5935176610946655	0.2259322702884674	0.28529083728790283	0.45515167713165283	0.2646051347255707	0.3999216854572296	0.36685711145401	0.3074229061603546	0.3353816270828247	0.3399013578891754	0.3551844656467438	0.6928812265396118	0.32211050391197205	0.16007806360721588	0.2754376530647278	0.24016618728637695	0.9938912987709045	0.44542598724365234	0.7447025179862976	0.5267542600631714	0.42406269907951355	0.2803015410900116	0.13339516520500183	0.6893909573554993	0.6792582273483276	1.3148492574691772	0.6688074469566345	1.0517587661743164	0.4707552194595337	0.6274948120117188	0.9216627478599548	1.1585181951522827	0.7151865363121033	0.8893015384674072	0.2487460970878601	0.3425191640853882	0.3553749918937683	0.63772052526474	0.7716371417045593	0.2361215054988861	0.4844387173652649	0.3254326283931732	1.006763219833374	0.33561205863952637	0.8550040125846863	0.32877159118652344	1.1206583976745605	0.08614300191402435	0.3828522264957428	0.5010485649108887	0.12205558270215988	0.9219263792037964	0.5798888802528381	0.27934616804122925	0.5622818470001221	0.79850172996521	0.5699766874313354	0.8867283463478088	1.2499645948410034	0.3943808972835541	0.6622396111488342	0.07511351257562637	0.33015304803848267	0.385670006275177	0.6074211597442627	0.14602071046829224	0.6303231120109558	1.1711170673370361	0.5947633385658264	0.3469914197921753	0.054477740079164505	0.31978902220726013	0.5560150146484375	1.0331846475601196	0.9558696150779724	0.6387354135513306	0.9051818251609802	0.3089628219604492	0.2573714256286621	1.0670729875564575	0.7662944793701172	0.18593484163284302	0.5341768860816956	0.9252423644065857	0.2663569152355194	0.23649044334888458	0.49996793270111084	0.14224322140216827	1.439917802810669	0.5282678604125977	0.676599383354187	0.5666822195053101	0.443878173828125	0.261789470911026	0.16100803017616272	0.33596986532211304	0.6946434378623962	0.642374575138092	0.716093122959137	0.5319445133209229	0.7640089988708496	0.4890684187412262	0.1783028542995453	0.6737321019172668	0.4289506673812866	0.45575928688049316	0.8072072863578796	0.7418259382247925	0.29726308584213257	0.5970643758773804	0.256910115480423	0.6763687133789062	1.5749051570892334	0.3631919026374817	0.674785315990448	0.8793206810951233	0.2259221374988556	1.0755057334899902	1.55290949344635	0.280007541179657	1.2583109140396118	0.5111960172653198	1.3473424911499023	0.3824533224105835	1.3315373659133911	0.29147031903266907	0.6513120532035828	1.337013602256775	0.9762842059135437	0.6447624564170837	1.008184552192688	0.5151498317718506	0.9024245142936707	1.252742052078247	0.39831075072288513	0.38487762212753296	0.3821207880973816	0.6366865038871765	0.904809832572937	0.6114673018455505	0.16002392768859863	0.08818314969539642	0.42393195629119873	0.09515541791915894	0.8834716081619263	0.01731564849615097	0.8641952276229858	0.7044105529785156	0.2865127623081207	0.2897271513938904	0.7546944618225098	0.7544257640838623	0.6431852579116821	0.8039290904998779	1.1841099262237549	0.36030471324920654	0.9788846969604492	1.0274012088775635	0.36164146661758423	0.6065509915351868	0.39097240567207336	0.45797982811927795	0.5708790421485901	1.3391789197921753	0.5125800967216492	0.10417567938566208	0.4711112976074219	0.723675012588501	0.9715800881385803	0.27771326899528503	0.15360742807388306	0.467906653881073	0.9649087190628052	0.11327461153268814	0.19732987880706787	0.2126154601573944	0.13434049487113953	0.39127403497695923	0.23889762163162231	1.271383285522461	0.37513118982315063	0.3386172354221344	0.7392336130142212	0.33564862608909607	0.4190475046634674	0.3815215229988098	0.9173100590705872	0.2994188964366913	0.5818646550178528	0.4994640052318573	0.6029384136199951	0.3623824417591095	0.5024722218513489	1.3172738552093506	0.9869778752326965	0.4628359377384186	0.0961611419916153	0.524482786655426	0.23577949404716492	0.5702798366546631	0.7485969662666321	1.123533844947815	1.210235595703125	0.28299763798713684	0.6702354550361633	0.07075071334838867	0.45854997634887695	0.17460808157920837	1.2113580703735352	0.2802523970603943	1.0315243005752563	0.8896573781967163	0.3277991712093353	0.7241792678833008	0.3284957706928253	0.6483235955238342	0.16204631328582764	0.6643398404121399	0.6825705766677856	0.6431095004081726	0.48104622960090637	0.11395622789859772	0.5091067552566528	0.9374679327011108	0.328135222196579	0.22667711973190308	0.523621678352356	0.4752848446369171	0.20343825221061707	0.7510233521461487	0.5611949563026428	0.3943338096141815	0.2646216154098511	0.15734225511550903	0.4973381459712982	0.6589930653572083	0.7019410729408264	0.4656214416027069	0.39334991574287415	0.7482420206069946	0.49092480540275574	0.5801796913146973	0.14948879182338715	0.24434874951839447	0.9723380208015442	0.3085305690765381	0.40635406970977783	0.7224924564361572	0.4389009177684784	0.1601845920085907	0.30710792541503906	0.6669373512268066	0.5696623921394348	1.0575616359710693	0.6177078485488892	0.9029579758644104	0.5137363076210022	0.3487471044063568	0.3030671179294586	1.4163613319396973	1.1791545152664185	1.1913203001022339	0.45115190744400024	0.29420948028564453	0.9031240940093994	0.5354025959968567	0.23633453249931335	0.16646772623062134	0.5442908406257629	0.8736803531646729	0.44130197167396545	0.5699043869972229	0.3890079855918884	0.15264558792114258	1.0174779891967773	0.14678415656089783	0.5392748713493347	0.27042096853256226	0.26636677980422974	0.8116574883460999	0.1294001340866089	0.42163318395614624	0.3840094208717346	0.28512006998062134	0.327047199010849	1.465552806854248	0.5328643918037415	0.3148359954357147	0.28197842836380005	0.48302650451660156	1.39131760597229	0.24949422478675842	1.0035851001739502	0.5074995756149292	0.23927247524261475	0.8991739749908447	0.7397803068161011	0.4676496684551239	1.3037172555923462	0.3086159825325012	0.5724279284477234	0.25209149718284607	0.4076300859451294	0.07083243876695633	0.1599404364824295	0.9514579772949219	0.6608321666717529	0.39246684312820435	0.59284907579422	0.8672319054603577	0.8375601768493652	0.28375595808029175	0.575648844242096	0.4980142116546631	0.4096728265285492	0.7376827001571655	0.13198122382164001	0.2519236207008362	0.7465832233428955	0.6242600083351135	0.21820490062236786	0.14514262974262238	0.0415642112493515	1.1317795515060425	0.5837780237197876	0.41501739621162415	0.3498061001300812	0.5666652917861938	0.3231229782104492	0.6979015469551086	0.7707354426383972	0.31472522020339966	0.8189490437507629	0.38392403721809387	0.3475499153137207	1.0927023887634277	0.44858118891716003	0.022962411865592003	0.6222242116928101	0.7126928567886353	0.12329261004924774	0.9674042463302612	0.3121936321258545	0.3903626501560211	0.32090020179748535	0.20199069380760193	0.33227232098579407	0.3211852014064789	0.6584996581077576	1.8058030605316162	0.9588983654975891	0.5888856649398804	0.5539205074310303	0.36479493975639343	0.49934789538383484	0.0825522169470787	0.2404540330171585	0.25354596972465515	0.7510961294174194	0.40061891078948975	0.48480045795440674	0.9261854887008667	0.6021068096160889	0.3715386986732483	0.7300065755844116	0.3784029483795166	0.09065787494182587	0.2900618612766266	1.1445103883743286	0.40830230712890625	1.0764080286026	0.3854791522026062	0.26216045022010803	0.42731374502182007	0.4226109981536865	0.5263159275054932	0.3243911862373352	0.5970335602760315	0.3604598641395569	0.7372301816940308	0.9646967053413391	0.2514955401420593	0.9275082945823669	1.3498249053955078	1.2726246118545532	0.5502045750617981	0.7017770409584045	0.23096278309822083	0.31375840306282043	0.4465884268283844	0.6580288410186768	0.367941677570343	1.333953619003296	0.36538660526275635	0.36233437061309814	0.506643533706665	0.5205416679382324	0.5575257539749146	0.3117283284664154	0.3658659756183624	0.4428839087486267	0.5466446876525879	0.032321833074092865	0.5593248605728149	0.9376102685928345	0.9748052954673767	0.41206562519073486	0.3713679909706116	1.1113972663879395	0.5360159873962402	0.9763123393058777	0.592401921749115	0.06179886311292648	0.41074830293655396	1.2913320064544678	0.23768450319766998	0.30804362893104553	0.4090796709060669	1.2858402729034424	0.7098028659820557	0.543520450592041	0.5807065963745117	0.700141191482544	0.9353128671646118	0.5009053945541382	0.4905940592288971	0.3571748733520508	1.3146770000457764	0.424638956785202	0.3219720721244812	0.3112953305244446	1.0315191745758057	0.36926838755607605	0.4219810664653778	0.9183136820793152	1.1354378461837769	1.1432521343231201	0.2364492565393448	0.3040909469127655	0.5943143963813782	1.0532540082931519	0.32526567578315735	0.8430906534194946	0.10651665925979614	0.28313058614730835	1.0767697095870972	1.301008701324463	0.4340808093547821	0.20554395020008087	0.2056327611207962	0.2715483605861664	0.5614367723464966	0.5738568305969238	0.6526063084602356	0.7780269384384155	0.4457721412181854	0.5318132042884827	0.4210922420024872	0.44050195813179016	0.5218225717544556	0.24414139986038208	0.19759300351142883	0.29882878065109253	0.7086086869239807	0.7851629257202148	0.20089221000671387	0.8666018843650818	0.43217262625694275	0.45277318358421326	0.8515877723693848	0.8806363344192505	0.6809411644935608	0.6121361255645752	0.12001504004001617	0.10003136843442917	0.5551000833511353	0.6894229650497437	0.23419879376888275	0.20498953759670258	0.4780051112174988	1.4038052558898926	0.22341176867485046	0.49033865332603455	0.7224008440971375	0.7701596617698669	0.32872724533081055	0.5992080569267273	0.34096336364746094	0.5594661235809326	0.2480911910533905	0.5409419536590576	0.924563467502594	0.4759535491466522	0.7035213112831116	1.0371309518814087	0.7466859221458435	0.6089609265327454	0.2867923974990845	1.673324465751648	0.5786797404289246	0.8269811272621155	0.2873322665691376	0.47422268986701965	0.29470983147621155	0.16289041936397552	0.24779649078845978	0.3775988817214966	0.7946555018424988	0.49942803382873535	0.18809936940670013	0.25464296340942383	0.3783504068851471	0.5842852592468262	0.550870954990387	0.6437785625457764	0.9715509414672852	1.2021995782852173	0.4346587061882019	0.3548836410045624	0.7640312314033508	0.34042036533355713	0.3513009548187256	0.19446079432964325	1.2441552877426147	0.39841678738594055	0.2741345763206482	0.10602714121341705	1.1268945932388306	0.48647210001945496	0.39291995763778687	0.3576871156692505	0.7746421694755554	0.7849835753440857	1.1021254062652588	0.602624237537384	0.8099290132522583	0.6810472011566162	0.9662253260612488	0.3347182869911194	0.25447359681129456	0.3453739881515503	0.4633007049560547	0.5140781402587891	0.9607388973236084	0.5446389317512512	1.2420265674591064	0.6167305111885071	0.2716391384601593	0.9029732942581177	0.9446046352386475	0.8055776953697205	0.1609979271888733	0.38522017002105713	0.8858671188354492	0.2713984251022339	0.7982114553451538	0.639458954334259	0.5453195571899414	0.11642038077116013	0.4894709289073944	0.7263224720954895	0.7761495113372803	0.4142909348011017	0.6810175776481628	0.632960855960846	0.2857658267021179	0.2711852490901947	0.9458791613578796	0.6244692802429199	0.913976788520813	0.4565564692020416	0.3116994798183441	0.03299276903271675	0.3793467581272125	0.44220075011253357	0.3061339855194092	0.4126635789871216	0.2875068187713623	0.8172252774238586	0.3557400703430176	1.2970813512802124	0.6103911995887756	0.7744739651679993	0.23159462213516235	0.47326481342315674	0.5574250817298889	0.36234250664711	0.6032427549362183	0.15499065816402435	0.24097545444965363	0.26389461755752563	0.06503105908632278	0.6499033570289612	0.2731412351131439	0.4206331670284271	0.3287126123905182	0.1833670735359192	0.3209816813468933	0.8130344748497009	0.5977839827537537	0.15961576998233795	0.2575479745864868	0.06274431943893433	0.7945551872253418	0.5039775371551514	0.34339743852615356	0.4605577290058136	0.9307425022125244	0.21943293511867523	0.8171117305755615	0.49891072511672974	0.3412676453590393	0.151915043592453	0.21816204488277435	0.4059833884239197	0.3704673647880554	0.2964363396167755	0.37582719326019287	0.6980369091033936	0.6524228453636169	0.2098322957754135	0.2042742669582367	0.6916509866714478	0.607183575630188	0.3542412519454956	1.5793055295944214	0.38412681221961975	0.4260825514793396	0.26088157296180725	0.3546401858329773	0.4984741508960724	0.7292149662971497	0.31621551513671875	0.6824458241462708	0.7387474775314331	1.0984783172607422	0.5034174919128418	0.20273038744926453	0.16217678785324097	0.5235717296600342	0.9103188514709473	0.650750994682312	1.2613226175308228	0.3095165491104126	0.7333294153213501	0.7219116687774658	0.18176035583019257	1.4376566410064697	0.6283783316612244	0.31383419036865234	0.4768647253513336	1.20332670211792	0.781331479549408	0.1092023178935051	0.12386538833379745	0.6316055655479431	1.4575824737548828	0.1565277874469757	0.8705772757530212	0.8505032062530518	0.32059234380722046	0.8327188491821289	0.2991282343864441	0.4314254820346832	0.5373903512954712	0.6272968053817749	0.16757741570472717	1.277302622795105	0.48698076605796814	0.5796444416046143	0.8653140068054199	0.6176173686981201	1.0627515316009521	0.24428832530975342	0.5935255289077759	0.29895898699760437	0.3737531304359436	0.07762428373098373	0.5868812799453735	0.5507492423057556	0.24639290571212769	0.5001205801963806	0.5482553243637085	0.11653617024421692	0.13672548532485962	0.8654354214668274	0.9409760236740112	0.27398452162742615	0.34594205021858215	0.760272204875946	0.19679932296276093	0.5391913652420044	0.28635460138320923	0.8834338784217834	0.3020640015602112	0.35208556056022644	0.6078258156776428	0.40294593572616577	0.9339696168899536	0.6408283710479736	0.5407150387763977	1.0081570148468018	0.17171642184257507	0.8818576335906982	0.4955807626247406	0.3669590651988983	0.7752490639686584	0.37582144141197205	0.5368884801864624	0.2933036983013153	0.36396464705467224	0.4458456337451935	0.09549963474273682	0.6431501507759094	0.45763418078422546	1.2132091522216797	0.23563417792320251	0.7309728264808655	0.3240000307559967	0.4732957184314728	0.7997666597366333	0.3948671817779541	0.1442238986492157	0.42970505356788635	0.5954777002334595	1.1052860021591187	0.07074553519487381	0.6483184099197388	0.15664146840572357	0.5228301286697388	0.6551281809806824	1.2660350799560547	0.044922810047864914	0.44169995188713074	0.983735203742981	0.7187812328338623	0.40731361508369446	0.5420149564743042	0.5419483780860901	0.8211287260055542	0.3427320718765259	0.32754597067832947	0.7831087112426758	0.9075294733047485	0.7097674012184143	0.4816201627254486	1.154910683631897	0.2540455758571625	0.7869614958763123	0.5636380314826965	0.9277872443199158	0.8479833602905273	0.44717222452163696	0.5669573545455933	0.7630646228790283	0.6203833222389221	1.1045218706130981	0.5415170192718506	0.8901885151863098	0.877951979637146	0.28213539719581604	0.8526974320411682	0.36678317189216614	0.32333964109420776	0.4902164340019226	0.7154280543327332	1.2950279712677002	0.9324582815170288	0.23528873920440674	0.5390453338623047	0.6233776211738586	0.16795149445533752	0.483305960893631	0.6530715227127075	0.2584158182144165	0.11350618302822113	0.4607490301132202	0.5050914883613586	0.8474279642105103	0.10554882138967514	0.7027321457862854	0.7322976589202881	0.18167272210121155	0.22435954213142395	1.0210415124893188	0.5099311470985413	1.3177340030670166	0.8328647613525391	0.7198245525360107	0.5821067690849304	0.13876976072788239	0.2637918293476105	0.19157621264457703	0.4029150605201721	0.6367136240005493	0.21857216954231262	0.28605735301971436	0.9242105484008789	0.8948052525520325	0.9162014722824097	0.4541216790676117	0.772991418838501	0.10186740756034851	0.6695171594619751	0.6459202170372009	0.8862858414649963	0.36219513416290283	0.3539763391017914	0.8500193357467651	0.47401878237724304	0.644147515296936	0.7474868297576904	0.24178600311279297	0.11161015182733536	0.9577152729034424	0.6141196489334106	0.5889154672622681	0.3903099298477173	0.9053272008895874	0.350559800863266	0.40823665261268616	0.5928311347961426	0.9125940799713135	0.5834203958511353	0.33332332968711853	1.1153544187545776	0.2691786587238312	0.45335280895233154	0.7261703014373779	0.5741147994995117	0.13659536838531494	0.48079419136047363	0.8459457159042358	0.9339707493782043	0.39793387055397034	0.8219123482704163	0.4358237385749817	0.5082016587257385	1.5058989524841309	0.2197553813457489	1.8724675178527832	0.8833575248718262	0.636760950088501	0.4433908462524414	0.4227829873561859	0.29574140906333923	0.8301317691802979	0.33870282769203186	0.3877384662628174	0.008568517863750458	0.3967718482017517	0.4326687455177307	0.4054813086986542	0.21322792768478394	0.27162158489227295	0.668478786945343	0.888856828212738	0.6056051254272461	0.8045416474342346	0.41555336117744446	0.3651992380619049	0.8158493041992188	0.14448027312755585	0.5148545503616333	0.4678868055343628	0.9903443455696106	0.5721469521522522	0.7149866223335266	0.504765510559082	1.2994954586029053	0.35716119408607483	1.05824875831604	0.5692994594573975	0.39559659361839294	0.6693552136421204	0.19805340468883514	1.246825933456421	0.1260043829679489	0.42943960428237915	0.4469130337238312	1.2240087985992432	0.9615931510925293	0.26530012488365173	0.12207497656345367	0.21270126104354858	0.151871457695961	0.45613497495651245	0.7770723104476929	0.08597956597805023	0.5064338445663452	0.2574256658554077	0.07903384417295456	0.4039936065673828	0.17154055833816528	0.5031755566596985	0.02385261096060276	0.6250235438346863	0.7649497985839844	0.5308980345726013	1.0580592155456543	0.5447204113006592	1.0082732439041138	0.6186990737915039	0.8518108129501343	0.9482825994491577	0.3604137599468231	0.6796342730522156	0.5610508918762207	0.7497057914733887	0.4175989329814911	0.5311937928199768	0.3045203685760498	0.4513060748577118	0.35348647832870483	0.2875702381134033	0.49646472930908203	0.8374842405319214	0.6467280983924866	0.2894055247306824	0.4642479121685028	0.33337804675102234	0.4112322926521301	0.3390643894672394	0.44253525137901306	0.4384378492832184	0.3249742388725281	0.8004016280174255	0.5678839087486267	0.19189612567424774	0.7621520757675171	0.5116764903068542	1.0693615674972534	0.35742563009262085	0.3485065698623657	0.4219171404838562	0.36634090542793274	0.5124147534370422	0.2938857078552246	0.4748851954936981	0.6277602314949036	0.35132959485054016	0.7163664102554321	0.4156602621078491	0.9529860615730286	0.5528210401535034	0.4599403142929077	0.4283081889152527	0.24064180254936218	0.41087260842323303	0.8562392592430115	0.29759925603866577	0.48182421922683716	0.8139013051986694	0.2600676417350769	0.2289825975894928	1.0672287940979004	0.5114150643348694	0.35361775755882263	0.4460488259792328	1.3803889751434326	0.5607798099517822	0.3325665593147278	0.2565038204193115	0.34566861391067505	0.7431461215019226	0.3707817792892456	0.4833294153213501	0.5046281218528748	0.2699523866176605	0.8743040561676025	0.35318389534950256	0.6040655970573425	0.7527869343757629	0.3448121249675751	1.0668680667877197	0.7378343343734741	0.4510383605957031	0.4476426839828491	0.5028002262115479	0.5362523794174194	0.37502098083496094	0.25360992550849915	0.3117418885231018	0.3585284948348999	0.30028247833251953	0.306393563747406	0.43810397386550903	0.6644726991653442	0.5105932950973511	0.6379658579826355	0.704881489276886	0.867609441280365	1.5552762746810913	0.10444964468479156	0.7114059925079346	0.401167631149292	0.44329512119293213	1.1549642086029053	0.9500067234039307	0.14979569613933563	0.42484116554260254	1.1232068538665771	0.7773554921150208	0.25433504581451416	0.5206477046012878	0.45565688610076904	0.6166456937789917	0.14674219489097595	0.0	0.8496367931365967	0.5287001729011536	0.07216592878103256	0.9111035466194153	0.20140637457370758	0.4088018536567688	0.4202280044555664	0.3484550714492798	0.15326085686683655	0.7894204258918762	0.24990324676036835	0.023097017779946327	0.3382357060909271	0.4649212658405304	0.9712783694267273	0.9352185726165771	0.1712380200624466	0.5512307286262512	0.27897265553474426	0.9252482056617737	0.4345066249370575	0.4187217056751251	0.4689010977745056	0.27049940824508667	0.2851546108722687	0.6692339777946472	0.7541186809539795	0.38541972637176514	0.03365367650985718	0.7421234846115112	1.142157793045044	0.16325743496418	0.553560733795166	0.9420589208602905	0.9642815589904785	0.6309812664985657	0.5208724737167358	0.3041374087333679	1.1348190307617188	0.6844228506088257	0.4249478876590729	0.4905857443809509	1.4834706783294678	0.7921346426010132	0.6368793845176697	0.3164365291595459	1.1896165609359741	1.030656337738037	0.7626681327819824	0.27297917008399963	0.6160174012184143	0.7211238145828247	0.3257888853549957	0.7309184074401855	0.501466691493988	0.5824298858642578	0.5540311932563782	0.40435850620269775	0.2934720516204834	0.25900450348854065	0.4561990797519684	0.46366170048713684	0.06522712856531143	0.3062356412410736	0.38608095049858093	0.6441068649291992	0.3793398141860962	0.6724367141723633	0.07623977214097977	0.6139870285987854	0.9760088324546814	0.5712565183639526	0.25702887773513794	0.5992907285690308	0.04821975529193878
0.821500301361084	0.6627700328826904	0.5012702345848083	1.0550611019134521	0.10101677477359772	0.3143669664859772	0.08109188824892044	0.47449392080307007	0.649070143699646	0.2500515580177307	1.340878963470459	0.6317093372344971	1.2679107189178467	0.1614312380552292	0.006954221520572901	0.7468752861022949	0.6670107841491699	0.18547409772872925	0.7272924184799194	0.632834255695343	0.4050888419151306	0.36306652426719666	0.29515519738197327	0.12645287811756134	0.40068623423576355	0.4271610379219055	0.689176619052887	1.2992594242095947	0.46964773535728455	0.381963312625885	1.2515732049942017	0.35584408044815063	0.21432586014270782	0.4026636481285095	0.5100337862968445	0.24722211062908173	0.47735562920570374	0.4636801779270172	0.18712718784809113	0.051343463361263275	0.6216546297073364	0.12504814565181732	0.3687995672225952	0.4290419816970825	0.244375079870224	1.033412218093872	0.28840717673301697	0.7510196566581726	0.8687070608139038	1.1843299865722656	0.04113497585058212	0.3740655481815338	0.18154758214950562	0.7064002156257629	0.544503390789032	0.26682111620903015	1.0215439796447754	1.777536153793335	0.21377672255039215	0.681836724281311	0.35339856147766113	0.8793137073516846	0.6766844987869263	0.7214856147766113	0.6185395121574402	0.5236779451370239	0.957684338092804	0.5931714773178101	0.14559653401374817	0.8196834325790405	0.19722826778888702	0.2232104241847992	0.7816005349159241	1.6188039779663086	0.367184579372406	0.3670143187046051	0.986878514289856	0.5250980854034424	0.9310159683227539	1.1046535968780518	1.109553575515747	0.3478236198425293	0.48368337750434875	0.24030131101608276	1.0014907121658325	0.4105346202850342	0.7300348877906799	0.6991539597511292	0.5494101047515869	0.4278211295604706	0.34241169691085815	0.49538666009902954	0.31677961349487305	0.5741216540336609	0.5607495307922363	1.4709218740463257	0.4469110369682312	0.5553726553916931	0.21838076412677765	0.7432594895362854	0.9125916361808777	0.9170799851417542	0.5892189741134644	0.9420679211616516	0.692040741443634	0.476890504360199	0.51166170835495	1.0552008152008057	0.47429826855659485	0.5251145362854004	0.48570388555526733	1.535096526145935	1.16166353225708	0.690479576587677	0.5639311671257019	0.4307405352592468	0.5536258816719055	0.21201573312282562	0.904960036277771	0.23656806349754333	0.8294997215270996	0.39003074169158936	0.9796051383018494	0.8137996196746826	0.8136051893234253	0.5984745025634766	0.21097666025161743	0.5310912728309631	0.764687180519104	0.3883509039878845	0.4734085202217102	0.8920710682868958	0.4839068651199341	0.5177700519561768	0.4069821536540985	0.3835389018058777	0.40527835488319397	0.6589111685752869	0.6581466197967529	0.2722634971141815	0.4415283501148224	0.4063630700111389	0.0	0.5238426327705383	0.6346381306648254	0.1836472749710083	0.6791694164276123	0.1926739513874054	0.13783271610736847	0.8146600723266602	0.8108786344528198	0.6003241539001465	0.8753254413604736	0.2369963526725769	0.44391000270843506	1.0441757440567017	0.5099011659622192	0.061238352209329605	0.25196605920791626	0.21523284912109375	0.7966225743293762	0.4213319420814514	0.6356755495071411	0.3451395630836487	0.15393556654453278	0.8606423139572144	1.0738177299499512	0.2851673364639282	0.0967627465724945	0.3109479546546936	0.5463807582855225	0.4378569722175598	0.4949236810207367	0.40393197536468506	0.5076075792312622	0.4981166124343872	0.43470990657806396	0.741180956363678	0.5240293741226196	0.26516032218933105	0.5589570999145508	0.25118768215179443	0.45344844460487366	0.5361915826797485	0.7668883204460144	0.38527074456214905	0.4110453426837921	0.16890908777713776	0.9966360926628113	0.32567545771598816	0.634452223777771	0.3479722738265991	0.5986197590827942	0.5931791663169861	0.2741856873035431	1.1756187677383423	0.05679662898182869	0.18664830923080444	0.0739809200167656	0.3193383812904358	0.4864504337310791	0.11589504778385162	0.24002893269062042	0.4933876395225525	0.8265730738639832	0.2627239525318146	0.5919516682624817	0.7821760773658752	0.06122637167572975	0.08234207332134247	0.13546884059906006	0.3652947247028351	0.4874446988105774	0.9103559255599976	0.8337523937225342	0.37570807337760925	0.9300037026405334	0.7587772011756897	0.28369489312171936	0.2020663321018219	0.5619349479675293	0.29901719093322754	0.7016035318374634	0.07104702293872833	0.25400835275650024	0.44187676906585693	0.2927349805831909	0.2691381573677063	0.1016179621219635	0.7364852428436279	0.33358490467071533	0.5523285269737244	0.23673777282238007	0.22985702753067017	1.0569086074829102	0.7322049140930176	0.3517594635486603	0.14985434710979462	0.14229445159435272	0.22388944029808044	0.3836382031440735	0.5685127377510071	0.5710795521736145	0.3281806707382202	0.3912648856639862	0.9333562254905701	0.9850027561187744	0.46057626605033875	0.22132593393325806	0.5369160771369934	0.5869027972221375	0.4301425814628601	1.0517429113388062	0.04246494174003601	0.4038110375404358	0.9854389429092407	1.190784215927124	0.881313681602478	0.36089521646499634	0.47123265266418457	1.228320598602295	0.6867232918739319	0.38341113924980164	0.451632559299469	0.1135583221912384	0.46688956022262573	0.9935234785079956	0.28593432903289795	0.48286911845207214	0.13406498730182648	0.3886365294456482	0.4533119797706604	0.08340387046337128	0.591865599155426	0.9613697528839111	0.3436427116394043	0.5571301579475403	0.8824137449264526	0.37222132086753845	0.33091825246810913	0.47602570056915283	0.9041327238082886	0.6449294686317444	0.16747049987316132	0.5446718335151672	1.3577326536178589	0.3002718687057495	0.5081864595413208	0.6804133057594299	0.8475918769836426	1.1123456954956055	0.5687060952186584	0.3430451452732086	0.4014779031276703	0.3256271183490753	0.11573479324579239	1.187005877494812	0.597952663898468	0.3755415976047516	0.22738271951675415	0.06845171749591827	0.16247935593128204	0.3810020983219147	0.3787946105003357	0.815306544303894	0.1219789907336235	0.9247981905937195	0.399614155292511	0.5540316104888916	0.5389191508293152	0.16489288210868835	0.30814263224601746	0.5160762071609497	0.9601439237594604	0.7867705225944519	0.3651689291000366	0.31267380714416504	0.07658647745847702	0.3212658166885376	0.3882266879081726	0.42478710412979126	0.4003032445907593	0.3000423312187195	0.13049520552158356	0.4651578664779663	0.5282366275787354	0.7002485990524292	1.3299065828323364	0.8489858508110046	0.4374140202999115	0.9016574621200562	0.49627673625946045	0.17147627472877502	0.4351854920387268	0.5613844990730286	0.7278072237968445	0.49652621150016785	0.07768275588750839	0.8794274926185608	0.27982965111732483	0.17137017846107483	0.8641667366027832	0.44576552510261536	0.6187085509300232	0.3712233603000641	0.240473210811615	0.752281665802002	0.45213210582733154	0.1669931709766388	0.23371082544326782	0.9763818979263306	1.2162280082702637	0.190688818693161	0.5564730763435364	0.9877185225486755	0.20498374104499817	0.361166775226593	0.39742279052734375	0.1935383379459381	0.7251797914505005	0.019077472388744354	1.1399619579315186	0.40207839012145996	0.38152188062667847	0.6572223901748657	0.4307386875152588	0.791806161403656	1.2033114433288574	0.38352444767951965	0.2015744149684906	0.2756568491458893	0.263894259929657	0.5343101620674133	0.6731215715408325	0.6557837724685669	0.2813788950443268	0.4479481279850006	0.3662242889404297	0.09795480221509933	0.9618414044380188	0.24931973218917847	0.5756627917289734	0.9538235068321228	0.3087214529514313	0.4659442901611328	0.47578439116477966	0.45285990834236145	0.544394314289093	0.07160529494285583	0.3623983561992645	0.6286929845809937	0.3300691246986389	0.128247931599617	0.18562540411949158	0.8588892817497253	0.5755021572113037	0.2076069861650467	0.37092968821525574	0.9782370924949646	0.8179643154144287	0.6008961796760559	0.5182679891586304	0.6850613355636597	0.3443593382835388	0.27661076188087463	1.0207934379577637	0.768756091594696	0.2727401554584503	0.24871717393398285	0.26058024168014526	0.4548757076263428	0.10718126595020294	1.3963932991027832	0.14020583033561707	0.7396745681762695	0.6184598207473755	0.8832906484603882	1.0158179998397827	0.6835187673568726	0.21591885387897491	0.6704349517822266	0.6679810285568237	0.5332099795341492	0.4354286193847656	0.5053816437721252	0.6907707452774048	0.622313380241394	0.9604372382164001	0.4684607982635498	0.6655849814414978	0.9134004712104797	0.8999238014221191	0.6389539837837219	0.47095048427581787	0.3321116864681244	0.7108900547027588	0.5384929776191711	0.48559853434562683	0.6162910461425781	0.5905060768127441	0.784760594367981	0.7400068640708923	1.576040267944336	0.9965208172798157	0.36504003405570984	0.3613685965538025	0.03276251256465912	0.7676436305046082	0.23995108902454376	0.33919885754585266	0.7372400760650635	0.5101287961006165	0.0650615468621254	0.5106518268585205	0.3414367437362671	0.20008131861686707	0.09799627959728241	0.471164733171463	0.05425216257572174	0.8596413731575012	0.11169889569282532	0.572515070438385	0.34538111090660095	0.7415148019790649	0.9834935665130615	0.27189916372299194	1.1750504970550537	0.3657228350639343	0.07381409406661987	0.36620593070983887	1.0020781755447388	0.39638465642929077	0.5519900321960449	0.5531921982765198	0.3489585518836975	0.16809621453285217	1.0126292705535889	1.1486504077911377	0.4365316331386566	0.2819993793964386	0.7571587562561035	0.30698779225349426	1.0548734664916992	1.2915939092636108	0.12195722758769989	0.8789845108985901	0.2514067590236664	0.9655137062072754	0.31121301651000977	0.22902998328208923	0.6317644119262695	0.4000057578086853	0.9920124411582947	0.7102893590927124	0.7476747035980225	0.40108054876327515	0.6400362253189087	0.7010668516159058	0.3829951584339142	0.4980587959289551	0.2803429961204529	0.2897472083568573	0.011220329441130161	0.43362218141555786	0.4058825969696045	0.1716475784778595	0.8147876858711243	0.16809247434139252	0.6893042922019958	0.27079033851623535	0.2802433371543884	0.7536070942878723	0.19700591266155243	0.7319557666778564	0.26572397351264954	0.1875513345003128	0.23794157803058624	0.6183600425720215	0.2369897961616516	0.9983704686164856	0.6939691305160522	1.3157405853271484	0.5095188021659851	0.16460639238357544	0.2943747639656067	0.47111666202545166	0.1795370876789093	0.7915204763412476	0.06871844083070755	0.27746978402137756	1.1420187950134277	0.1942332535982132	1.0479151010513306	0.9012023210525513	0.3485298156738281	0.4839540421962738	0.6629697680473328	0.6856876015663147	0.4370933771133423	0.2349144071340561	0.3826404809951782	0.8558269739151001	0.7993442416191101	0.26396965980529785	0.3845265507698059	0.7836612462997437	1.0984981060028076	0.2708691656589508	0.19903986155986786	0.14101487398147583	0.8204019069671631	0.6778531670570374	0.18452401459217072	0.47719606757164	0.7732521295547485	0.4112130105495453	0.4948655068874359	0.6827300786972046	0.7462701201438904	0.4166715145111084	0.4454598128795624	0.3025444746017456	0.3698709011077881	0.04468913748860359	0.9613783955574036	0.17398616671562195	0.9117963910102844	0.28563952445983887	0.33939045667648315	0.38961896300315857	0.16910181939601898	1.0636063814163208	0.8467602133750916	0.46220913529396057	0.7332802414894104	0.29126718640327454	0.2093529999256134	0.3186819553375244	0.279598593711853	0.3266187906265259	0.9821481704711914	0.6774930953979492	0.5744794607162476	0.7173786759376526	0.6297656297683716	0.31847265362739563	0.5231636166572571	0.5249029397964478	0.31613558530807495	0.3729490339756012	0.6077761650085449	0.5471300482749939	0.6310458183288574	0.17368553578853607	0.7905938625335693	0.13628624379634857	0.5368010997772217	0.6418556571006775	0.40634140372276306	0.42040178179740906	0.29723912477493286	1.2668213844299316	0.27134767174720764	0.5981256365776062	0.6541468501091003	1.009284496307373	0.13940468430519104	0.5956901907920837	0.9182001352310181	0.9726767539978027	0.17003293335437775	0.5319268703460693	0.9274572730064392	0.33078980445861816	0.44163447618484497	0.4202648997306824	0.2570533752441406	0.28575900197029114	0.6645442247390747	0.5937018990516663	0.3152269721031189	0.38153937458992004	0.6443272829055786	0.5350891947746277	0.26919665932655334	0.18467381596565247	1.0368047952651978	1.1221697330474854	0.5031507015228271	0.5624160766601562	0.37033602595329285	0.19587238132953644	0.2643328905105591	1.006850004196167	0.18652307987213135	0.18598774075508118	1.1777491569519043	0.6732851266860962	0.17425361275672913	0.2452509105205536	0.5952888131141663	0.4221550524234772	0.3499648869037628	0.38906869292259216	1.1005539894104004	0.40017169713974	0.22720591723918915	0.5405745506286621	0.6984100937843323	1.3530137538909912	0.4120040237903595	0.5419753193855286	0.4312725365161896	0.2467941790819168	0.1970936805009842	0.2909945845603943	0.27043381333351135	0.360223650932312	0.5090904831886292	0.4642670750617981	0.5968145132064819	0.6655327677726746	0.5467169880867004	0.6497819423675537	0.3456258773803711	0.7953393459320068	0.5752236843109131	0.6348153352737427	0.10860022157430649	0.4219055771827698	0.6217690110206604	0.5819250345230103	0.16442865133285522	0.8921771049499512	0.3894776403903961	0.020592866465449333	1.4049487113952637	0.17802128195762634	0.6618297696113586	0.2891724705696106	0.4650217592716217	0.38342976570129395	0.47613656520843506	0.4723602831363678	0.08514322340488434	0.38554146885871887	0.8181970119476318	0.5148464441299438	0.9679927229881287	0.46429842710494995	0.8042834401130676	0.5829514265060425	0.8212331533432007	0.5736084580421448	0.2219318151473999	0.34556758403778076	0.4455142617225647	0.5076981782913208	0.8635008931159973	0.8771018385887146	0.4290189743041992	0.5613399147987366	0.8370314836502075	0.40653273463249207	0.36176490783691406	0.264297217130661	0.1680934876203537	0.9608913064002991	0.596406877040863	1.0816794633865356	0.24783989787101746	0.4369783103466034	0.6865002512931824	0.8907139301300049	0.22582131624221802	0.958532989025116	1.5998518466949463	0.7579836249351501	0.6189894676208496	0.589023232460022	0.7317370176315308	0.6138211488723755	0.7265104055404663	0.6071515083312988	0.8057899475097656	0.3115466237068176	0.3119633197784424	1.006047248840332	1.2131922245025635	0.42489221692085266	0.4192236065864563	0.12913498282432556	0.401827871799469	0.9464589953422546	0.6575497388839722	0.2977029085159302	0.3554592430591583	0.0	0.40815719962120056	0.2517235279083252	0.5220111608505249	0.9204943180084229	0.6075139045715332	0.33636510372161865	0.19815918803215027	0.40829038619995117	0.6058136224746704	0.8196635246276855	0.6783038377761841	1.2146193981170654	0.6508998870849609	0.5211374163627625	0.46252885460853577	0.0585901215672493	0.1827346533536911	0.5529211759567261	0.5767804384231567	0.5127348899841309	0.40418994426727295	0.9174936413764954	0.709601879119873	0.21210168302059174	0.15769468247890472	0.6379289627075195	0.2521880567073822	0.231963112950325	0.7787125110626221	0.3452838659286499	0.330380380153656	0.4038701355457306	0.3972366452217102	0.09822962433099747	0.7956147193908691	0.2984197735786438	0.5019840598106384	1.1645636558532715	0.6944105625152588	0.3249891996383667	0.19668586552143097	0.3039749562740326	0.6541642546653748	0.868219792842865	0.717680811882019	0.5772748589515686	0.6362689733505249	0.6953995227813721	0.3671764135360718	0.2929447293281555	0.6245764493942261	0.6442835927009583	0.21705235540866852	0.5544798374176025	0.7271997928619385	0.6039601564407349	0.6777958869934082	0.41287845373153687	1.615312099456787	0.7151567339897156	0.17471756041049957	0.10021546483039856	0.5381770730018616	0.6931741833686829	0.2561378479003906	0.8546683192253113	0.7538805603981018	0.8634234070777893	1.085219144821167	0.1398463100194931	0.155473992228508	0.2236441820859909	0.70222008228302	0.7486135959625244	0.3361639976501465	0.6266026496887207	0.4061628580093384	0.23726244270801544	0.8069770336151123	0.21170318126678467	0.07223758101463318	0.2107054442167282	0.670722484588623	0.467792272567749	0.4032568335533142	0.8281958103179932	0.47543737292289734	0.725253164768219	0.7427136301994324	0.2896218001842499	0.2371411919593811	0.1366717666387558	0.5203337073326111	0.4669324457645416	1.117029070854187	0.4827843904495239	0.6151960492134094	0.18047954142093658	0.7044869661331177	0.41144880652427673	0.553507924079895	0.7895950078964233	0.6211787462234497	0.33281752467155457	0.20953291654586792	0.42016229033470154	0.05562492087483406	0.4951480031013489	0.29755157232284546	0.3970398008823395	0.6142615079879761	1.083981990814209	0.44176560640335083	0.469760924577713	0.9272400140762329	0.33664602041244507	0.6192520260810852	0.31153035163879395	0.3931533694267273	0.8016231656074524	0.5729106664657593	0.18996143341064453	0.3804522752761841	0.2910643517971039	0.18930856883525848	0.9351711273193359	0.6261120438575745	0.2945646643638611	0.6362661719322205	0.36430758237838745	0.3387901782989502	0.2564529776573181	0.31599339842796326	0.7476617693901062	0.28406378626823425	1.2387863397598267	0.7715976238250732	0.39105185866355896	0.6228765845298767	0.46568945050239563	0.2644798755645752	0.396587073802948	0.6284828186035156	0.4888335168361664	0.5821638703346252	1.2192058563232422	0.2659263014793396	1.1299405097961426	0.4323655068874359	0.30625399947166443	0.6654956340789795	0.24456369876861572	0.6831772923469543	0.4334562420845032	0.23075686395168304	0.29591888189315796	0.81429523229599	0.785769522190094	0.2950880229473114	0.6155028939247131	0.30720165371894836	0.9938424825668335	1.5749891996383667	0.4255947470664978	1.2774767875671387	0.7635477185249329	0.5480387806892395	0.23278804123401642	0.5955382585525513	0.9956721067428589	0.5101155042648315	0.2307761311531067	0.0633612871170044	0.4143178462982178	0.2677591145038605	0.5668069124221802	0.7510321140289307	0.19300682842731476	0.5660823583602905	0.09892619401216507	0.34768006205558777	0.7725541591644287	0.5661280751228333	0.11379531025886536	0.15452733635902405	0.28154870867729187	0.37648552656173706	0.2690493166446686	0.4116632342338562	0.9143785834312439	0.3912850320339203	0.6176540851593018	0.8513193726539612	0.11570070683956146	0.3438148498535156	0.5080277919769287	0.4718056917190552	0.6613898277282715	0.2752646207809448	0.627733051776886	0.2622905373573303	0.481561541557312	0.3995163142681122	0.3476206958293915	0.4038192629814148	0.2458016574382782	0.3835706412792206	0.634149432182312	0.3227854073047638	0.68996262550354	0.6306717395782471	0.5127002596855164	0.6459267735481262	0.7053323984146118	0.23984122276306152	0.35463520884513855	0.2640909254550934	0.888202965259552	0.6256676316261292	0.2890535295009613	0.14231225848197937	0.11407139897346497	0.40888383984565735	0.7180683612823486	0.6362515687942505	0.29442355036735535	0.20513693988323212	0.5416855812072754	0.6369617581367493	0.3847249746322632	0.3369513750076294	0.5373939871788025	0.2703775465488434	0.42545661330223083	0.6167985200881958	0.5087977647781372	0.8251684308052063	0.7843400239944458	0.817611813545227	0.4314444661140442	0.7796638607978821	0.27307966351509094	0.16586095094680786	1.3100064992904663	0.11769159138202667	0.666467010974884	0.20537173748016357	0.3134699761867523	0.5985159277915955	0.9753219485282898	0.45681464672088623	0.12528403103351593	0.296328604221344	0.6380513310432434	1.0494755506515503	0.6425599455833435	0.4016115367412567	0.1970401406288147	0.7297830581665039	0.15889546275138855	0.4286705553531647	0.49935710430145264	0.3528384864330292	0.3037832975387573	0.5132141709327698	0.5476200580596924	0.5201108455657959	0.15565800666809082	0.7520380020141602	0.5804045796394348	0.8077828884124756	0.5949429273605347	0.13972453773021698	0.3077649474143982	0.20882174372673035	0.35629773139953613	0.328177273273468	0.48051679134368896	0.723488986492157	0.1217842623591423	0.3720240592956543	0.8970133066177368	0.5009790658950806	0.7234064340591431	0.3108614981174469	0.3795429468154907	0.5056754350662231	0.9248157739639282	0.4632572531700134	0.5292768478393555	0.3170306086540222	0.5022838115692139	0.08001267910003662	1.242156982421875	1.0927000045776367	1.0399712324142456	0.7889476418495178	0.47473180294036865	0.17074531316757202	0.3242568075656891	0.4592282772064209	0.15474769473075867	0.38964545726776123	0.4251033067703247	1.038910984992981	0.9128955602645874	0.27194714546203613	0.9285450577735901	0.9000198245048523	0.6589860320091248	0.14928372204303741	0.7045888900756836	0.17398959398269653	0.1637241542339325	0.844884991645813	0.18451721966266632	0.31300002336502075	1.0948283672332764	0.30780357122421265	1.149885892868042	0.023399218916893005	0.15171273052692413	0.4400632083415985	0.3500630259513855	0.36970582604408264	0.5444701910018921	0.46347373723983765	0.88123619556427	0.07907547801733017	0.4994606673717499	0.30500340461730957	0.8295671939849854	0.012329382821917534	0.11348606646060944	0.9256079196929932	0.3029777407646179	0.6401277780532837	0.035318873822689056	0.14138531684875488	0.6165217161178589	0.4377707540988922	0.16333335638046265	0.2405899614095688	0.7826695442199707	0.0	0.45305243134498596	0.3450605273246765	0.52496337890625	0.22809132933616638	1.1923832893371582	0.09201132506132126	0.5445269346237183	1.0736414194107056	0.9046674370765686	0.26928967237472534	0.6932674646377563	0.18250960111618042	0.27386242151260376	0.1989605575799942	1.2136354446411133	0.5192571878433228	0.7422270774841309	0.8252156376838684	0.35285666584968567	0.8238640427589417	1.269111156463623	1.1569839715957642	0.676571249961853	0.8873810768127441	0.9552509784698486	0.9209831357002258	0.07996607571840286	0.6134389042854309	0.46587419509887695	0.18773286044597626	0.9005833268165588	0.2701245844364166	0.857258677482605	0.22842416167259216	0.8139799237251282	1.21804678440094	0.7032430171966553	0.7212755680084229	0.909987211227417	0.21019649505615234	0.4365989863872528	0.443800151348114	0.24640199542045593	0.5081231594085693	0.3149208128452301	0.2895897924900055	0.17349494993686676	0.7916780114173889	0.898461103439331	0.1949126124382019	0.45410576462745667	0.26048043370246887	0.4802239239215851	0.001270391047000885	0.971204400062561	0.2158748358488083	0.685489296913147	0.35200071334838867	0.3160448372364044	0.11381550133228302	0.2722213566303253	0.5780767798423767	0.2252337485551834	0.47039473056793213	0.7120993137359619	0.2958810031414032	0.7579287886619568	0.4500068128108978	0.6236866116523743	0.5197635293006897	0.6066681742668152	0.36447763442993164	0.6272803544998169	0.5733973383903503	0.30087199807167053	0.8022516965866089	0.6136994361877441	0.7064619660377502	0.7514223456382751	0.3575150966644287	0.38329434394836426	0.135972797870636	1.2131675481796265	0.5967681407928467	0.6444630026817322	1.004728078842163	0.011930283159017563	0.30293703079223633	0.6395541429519653	0.18781831860542297	0.2516285479068756	0.8331187963485718	0.9788516759872437	0.4583510756492615	0.19529598951339722	1.0007295608520508	1.0521883964538574	1.1255329847335815	0.7829325795173645	0.43965891003608704	0.1000465601682663	0.45828333497047424	0.678519606590271	0.808090090751648	0.911974310874939	0.3540119230747223	0.9133878946304321	0.7978050708770752	0.14823710918426514	0.624298632144928	0.4570748805999756	0.26633182168006897	0.26203569769859314	0.4521962106227875	0.48771142959594727	0.5252723097801208	0.4526251256465912	0.6995471119880676	0.4634632468223572	0.26651430130004883	0.2885720729827881	0.15980327129364014	0.07826052606105804	0.4874761998653412	0.7758172750473022	0.07815230637788773	0.8707230091094971	0.37510958313941956	0.7351460456848145	0.3407236635684967	0.7069422602653503	0.9001306891441345	0.18929120898246765	0.41384291648864746	0.46933263540267944	0.3324839770793915	0.24586400389671326	0.5220872163772583	0.41923949122428894	0.3588603436946869	0.30715715885162354	0.7197578549385071	0.47100308537483215	0.7710331082344055	1.1617027521133423	0.5753644704818726	0.5361548662185669	0.5090997219085693	0.0808827206492424	0.5643195509910583	0.22170551121234894	0.4589924216270447	0.2380925416946411	0.4478170871734619	1.0299347639083862	0.8262057304382324	0.8559418320655823	0.6241959929466248	0.35102686285972595	0.1437622457742691	0.4412275552749634	0.1722562313079834	0.4864318370819092	0.11581254750490189	0.17221114039421082	1.0430608987808228	0.7748401165008545	0.9208604097366333	0.33501631021499634	0.19732147455215454	0.181061789393425	0.9716270565986633	0.19895732402801514	0.991485595703125	0.32115617394447327	0.5377598404884338	0.22502531111240387	0.831791877746582	0.9396765232086182	0.4982792139053345	0.2694855034351349	0.39495375752449036	0.3511604070663452	0.12873372435569763	0.21171244978904724	0.3374274969100952	0.646876335144043	0.4898999333381653	0.6029715538024902	0.3344627618789673	0.232252836227417	0.0452289953827858	0.6883226633071899	0.5423994064331055	0.3130991458892822	0.48502054810523987	0.4676879346370697	0.8706268072128296	0.3103042244911194	1.0094534158706665	0.2893909215927124	0.6831320524215698	0.28548291325569153	0.14058171212673187	0.07142938673496246	0.5093495845794678	0.7977063655853271	0.3934243619441986	0.4613427519798279	0.34528741240501404	0.5016981959342957	0.5584699511528015	0.49448534846305847	0.22601860761642456	0.559313952922821	0.8799260258674622	0.2938663065433502	0.16978389024734497	0.1177675649523735	0.5914079546928406	0.434080570936203	0.24467265605926514	0.3228354752063751	0.34307861328125	0.3072802424430847	0.22094283998012543	0.024560045450925827	0.7857857346534729	0.5192987322807312	0.3781147301197052	1.086618185043335	0.5584675073623657	0.5328981280326843	0.23984815180301666	0.5387822985649109	0.5687736868858337	0.06424620002508163	0.3403760492801666	0.5002460479736328	0.6111568808555603	0.2690904140472412	0.5918827056884766	0.4432133138179779	0.9721261858940125	0.18262812495231628	0.19885626435279846	0.6315717697143555	0.04149124026298523	0.5568104982376099	0.07608600705862045	0.5673593282699585	0.3086760640144348	0.14732491970062256	0.5027696490287781	0.7140287160873413	0.1733105480670929	0.3411792814731598	0.20605720579624176	0.5551143884658813	0.08883784711360931	0.5328043699264526	0.1828576773405075	0.7936423420906067	0.5737621188163757	0.05543223023414612	0.18620477616786957	0.5363962650299072	0.44926121830940247	0.582867443561554	0.32963043451309204	0.24193799495697021	0.3072136342525482	0.6423673033714294	0.9667702317237854	0.5302239060401917	0.7356457114219666	0.43809670209884644	0.29458916187286377	0.25183555483818054	1.3984178304672241	1.0746943950653076	0.44584259390830994	0.4770645499229431	0.44945865869522095	0.20171454548835754	0.4741622805595398	0.567487895488739	0.5840815901756287	0.5471630096435547	0.27365541458129883	0.850462019443512	0.5523804426193237	0.6729585528373718	0.28965118527412415	0.919475257396698	0.8866474628448486	1.036338210105896	0.2556515336036682	0.7129289507865906	0.1944306492805481	0.10990782082080841	0.4195138216018677	0.37134280800819397	1.0370612144470215	0.7041627168655396	0.26133131980895996	0.4289378523826599	0.6544440984725952	1.7863833904266357	0.5081287026405334	0.4996892213821411	0.9666634202003479	0.18394525349140167	0.7276415228843689	0.2759917676448822	0.4181322753429413	0.6795797348022461	1.025381326675415	0.6406699419021606	0.27384087443351746	0.45466089248657227	0.3708411455154419	0.37569400668144226	0.7723250985145569	1.2521929740905762	0.35124099254608154	0.6711415648460388	0.2796505391597748	0.5867391228675842	0.20080752670764923	1.109989881515503	0.8088723421096802	0.9739672541618347	0.16150517761707306	0.2664283215999603	0.7884924411773682	1.1105613708496094	0.6378424167633057	0.3569701313972473	0.4352697432041168	0.6450661420822144	0.6654562950134277	1.0334786176681519	0.27735385298728943	0.7380160689353943	0.47436895966529846	0.7392593622207642	1.084756851196289	0.21100926399230957	0.5003783106803894	0.2366710603237152	0.6745431423187256	0.663972020149231	0.097073495388031	0.13069336116313934	0.9323003888130188	0.21826760470867157	0.7541958689689636	0.3025372624397278	1.007140874862671	0.30439475178718567	1.0473082065582275	0.5255256295204163	0.31126853823661804	0.3497815430164337	0.6906400322914124	1.2066394090652466	0.3127131164073944	1.2017617225646973	0.6728641390800476	0.24299952387809753	0.6350926160812378	0.09303540736436844	0.08249162137508392	0.07625386118888855	0.8861497640609741	0.5514690279960632	0.25561007857322693	0.549259603023529	0.07629328966140747	0.45895934104919434	0.05462408810853958	0.4759998321533203	0.7779358625411987	0.30380237102508545	0.3112187683582306	0.21018724143505096	0.41026192903518677	0.3958684206008911	0.7096768617630005	0.4437814950942993	0.7604665756225586	0.719802975654602	0.4209502637386322	0.40435272455215454	0.47066301107406616	0.7890036106109619	0.45161283016204834	0.23830315470695496	0.9098628163337708	0.9200921654701233	0.44688695669174194	0.14631591737270355	0.7861501574516296	1.1016433238983154	0.20794615149497986	0.7937681674957275	0.8060603141784668	0.09109348058700562	0.40865036845207214	0.31853634119033813	0.23726573586463928	0.46056297421455383	0.659225344657898	0.5336721539497375	0.1452513188123703	0.23858194053173065	0.5411021709442139	1.2676336765289307	0.6305040121078491	0.5595001578330994	0.30727988481521606	1.2001131772994995	0.5268607139587402	0.2234630137681961	0.9650134444236755	1.1785485744476318	0.3578004240989685	0.7253830432891846	0.9083973169326782	0.16575728356838226	0.5839939713478088	1.0649350881576538	0.48655205965042114	0.5350344777107239	0.39783912897109985	0.3127914369106293	0.2911520004272461	0.16652527451515198	0.791563868522644	0.36119595170021057	0.7326468229293823	0.42948105931282043	0.342336505651474	0.6012992858886719	0.4676606357097626	0.010988723486661911	0.5562958121299744	0.9486669301986694	0.4135453701019287	1.2105094194412231	0.386073499917984	0.4555201828479767	0.16547977924346924	0.21866554021835327	0.2602226138114929	0.2806606888771057	0.4171736240386963	0.6351125836372375	0.09668807685375214	0.9783837199211121	0.8588180541992188	0.5359755754470825	0.6214129328727722	0.23103435337543488	0.6272071599960327	0.1353376805782318	0.7641867995262146	0.5291621685028076	0.6521689891815186	1.023829460144043	0.29313790798187256	0.5961720943450928	0.25836607813835144	0.2693750560283661	0.8285273313522339	0.6674168109893799	1.188230037689209	0.7979422807693481	0.444444477558136	1.502319574356079	0.3078988790512085	0.21745139360427856	0.727485716342926	0.4454798996448517	0.6244770884513855	0.5279684662818909	0.337695449590683	0.9072794318199158	0.2692091464996338	0.25736355781555176	0.45340344309806824	0.27314314246177673	1.0139806270599365	0.5870474576950073	0.18384218215942383	0.44017380475997925	0.34847259521484375	0.6520623564720154	0.442569762468338	0.9470138549804688	0.34526002407073975	0.4217267632484436	0.7647517323493958	0.5245760679244995	0.7824920415878296	0.34088748693466187	0.32498449087142944	0.7949639558792114	0.7270651459693909	0.6235735416412354	0.43069010972976685	0.4957856833934784	0.15688015520572662	0.2834790050983429	0.3798820972442627	0.2776094675064087	1.0931733846664429	0.25274550914764404	0.16749048233032227	0.15708190202713013	0.3849407732486725	0.594987690448761	0.13363344967365265	0.24908868968486786	0.8781764507293701	0.8936352729797363	0.5359312891960144	1.0767483711242676	0.3861050307750702	0.7370484471321106	0.4662281274795532	1.428665280342102	0.866061270236969	1.4564034938812256	0.09430799633264542	0.12295952439308167	0.12594012916088104	0.2609897255897522	0.8287984728813171	1.1056108474731445	0.7085172533988953	0.35820043087005615	0.33778783679008484	0.46235379576683044	0.6981885433197021	0.20053505897521973	0.27505701780319214	0.23459704220294952	0.19447612762451172	0.6061750054359436	0.5394009351730347	0.3830746114253998	0.6863939166069031	0.4740959703922272	0.7882248759269714	0.5098278522491455	0.38114452362060547	0.1587442010641098	0.1598011702299118	0.5252434611320496	0.1827225238084793	0.28039759397506714	0.11160853505134583	0.33422279357910156	0.739317774772644	0.3634072542190552	0.7848399877548218	0.5209717154502869	0.41484740376472473	0.7622851133346558	0.12918750941753387	0.6947784423828125	0.26474109292030334	0.23602646589279175	1.095415711402893	0.5096011757850647	0.6649846434593201	0.6667306423187256	1.3922380208969116	0.28683194518089294	0.537550687789917	0.44901663064956665	0.995825469493866	0.19861121475696564	0.4746010899543762	0.392002135515213	0.31696319580078125	0.28620386123657227	0.7388637065887451	0.4942920506000519	0.6458557844161987	0.3184971511363983	0.16066081821918488	0.4037691652774811	0.10515403002500534	0.4337727427482605	1.0441851615905762	0.7769591808319092	0.2238428294658661	0.33898085355758667	0.4727042317390442	0.3195125162601471	0.11631692945957184	0.5003902316093445	0.808476448059082	0.34486958384513855	0.1736329197883606	0.352317750453949	1.0850811004638672	0.30472859740257263	1.3153153657913208	0.14674903452396393	0.08028315007686615	0.8072469234466553	0.12169275432825089	1.1812939643859863	0.5024234652519226	0.37634074687957764	1.305107831954956	0.2481633722782135	0.3076397776603699	0.672260046005249	0.5652855038642883	0.6588897109031677	0.6749235987663269	0.7426111102104187	0.20365899801254272	0.2734237015247345	0.11375188082456589	0.78392094373703	0.09724705666303635	1.0297569036483765	0.23877400159835815	0.29329878091812134	0.699122428894043	0.4744422733783722	0.5392784476280212	0.5453563928604126	0.033806025981903076	0.3833751082420349	0.09510166198015213	0.4220573306083679	0.69362872838974	0.21639996767044067	0.6401504874229431	0.5086736083030701	0.4221833348274231	0.795665442943573	0.31845736503601074	0.13195675611495972	0.4568430185317993	0.43024787306785583	0.42781519889831543	0.5702558755874634	0.08924663066864014	0.23680439591407776	0.8293324112892151	0.40684205293655396	0.4271911680698395	0.11217871308326721	0.659673810005188	0.21130794286727905	0.19639098644256592	0.15446247160434723	0.38258928060531616	0.7818623185157776	0.03266788274049759	1.0202782154083252	0.6396206617355347	0.6443256139755249	0.661534309387207	0.6656295657157898	0.8780521154403687	0.04117513820528984	0.43432286381721497	0.3743470311164856	0.34256020188331604	0.8934779763221741	0.6457464098930359	0.5327441096305847	0.3885493278503418	0.21842259168624878	0.44965773820877075	0.6839951872825623	0.5138814449310303	1.21624755859375	0.5853297710418701	0.43655651807785034	0.13638094067573547	0.4155641198158264	0.49948740005493164	1.3651506900787354	0.3323040008544922	0.13480496406555176	0.38177797198295593	0.3815860450267792	0.4571422338485718	0.5483111143112183	0.8622600436210632	0.4446871876716614	0.39148709177970886	0.24770063161849976	0.9688551425933838	0.543189287185669	0.21327677369117737	1.0550369024276733	0.08958061039447784	0.48581400513648987	0.3646061420440674	0.912750780582428	0.20649650692939758	0.6736177802085876	0.5922384262084961	0.6605420708656311	0.1651676595211029	0.9738970994949341	0.45840325951576233	0.7939621806144714	0.6413596868515015	0.07052779197692871	0.8228071331977844	1.1469134092330933	0.8076212406158447	0.7168985605239868	0.46986904740333557	0.4587293863296509	0.5435569882392883	0.3838912546634674	0.30853071808815	0.9184828400611877	0.17797066271305084	0.0443238727748394	0.41050806641578674	0.30965718626976013	1.4883009195327759	0.667034387588501	0.6121867895126343	0.48674121499061584	0.7397148609161377	0.3352016508579254	0.2653529942035675	0.09325934201478958	0.38513627648353577	0.45713573694229126	0.6652535200119019	1.1170552968978882	1.2212649583816528	0.11749497056007385	0.34021660685539246	0.15028998255729675	1.0356643199920654	0.5138238072395325	0.6734122037887573	0.4102163016796112	0.7775564193725586	0.49906015396118164	1.3552004098892212	0.2904798090457916	0.053129732608795166	0.8243463635444641	0.12722700834274292	0.8810572028160095	0.21144002676010132	0.3436356782913208	0.8186312317848206	0.604447603225708	0.49731743335723877	0.7520873546600342	0.75334632396698	0.6522622108459473	0.5423126816749573	1.0869128704071045	0.44798609614372253	0.8375955820083618	1.284864068031311	1.0421818494796753	0.3566117584705353	0.5792694687843323	0.7060438394546509	1.3188358545303345	0.4947875738143921	0.922330915927887	0.47811293601989746	0.2137288898229599	0.03789151832461357	0.7995699644088745	0.170278400182724	0.7433536052703857	1.0322470664978027	0.21355819702148438	0.625436544418335	0.23789291083812714	0.3769986033439636	0.5711972713470459	0.6105326414108276	0.7333775758743286	0.44671374559402466	0.284300833940506	0.31648460030555725	0.2459459751844406	0.6518880724906921	0.9101710319519043	0.2078859508037567	0.5319691896438599	0.4333440959453583	0.4332183599472046	0.2003173828125	0.5497393608093262	0.18966004252433777	0.4117549657821655	0.40162771940231323	0.512340784072876	0.6169235706329346	0.17575599253177643	0.281686007976532	0.5853132605552673	0.3131493330001831	0.7993988990783691	0.4243146777153015	0.3671056926250458	0.5258014798164368	1.0911269187927246	0.764509916305542	0.5382238626480103	0.2994482219219208	0.7178670167922974	0.11111333221197128	0.11227107048034668	0.28387168049812317	0.8027409911155701	0.42665550112724304	0.305183470249176	1.0476428270339966	0.6336771845817566	0.3493536114692688	0.4611847698688507	0.6459376811981201	0.5806065797805786	0.38709312677383423	1.1694406270980835	0.8662864565849304	0.8170105218887329	0.5917618870735168	0.5809338092803955	0.3864205479621887	0.7562565803527832	1.1569932699203491	0.9442002177238464	0.7006263732910156	0.16427767276763916	0.3554449677467346	0.3447791337966919	0.43924495577812195	0.49993711709976196	0.3123006224632263	1.0153923034667969	0.35056906938552856	0.5269314646720886	0.8333473205566406	0.7433920502662659	0.3150749206542969	0.8938916921615601	0.8513023853302002	0.35249385237693787	0.23001793026924133	0.3054690957069397	0.423666775226593	0.5081794857978821	0.21949437260627747	0.5285620093345642	0.4333903193473816	1.0198595523834229	1.0247617959976196	0.038748785853385925	0.8310912847518921	0.005169292911887169	0.8684149384498596	0.10427810996770859	0.5126821994781494	0.03708376735448837	1.0548357963562012	0.6832290291786194	0.5073462724685669	0.21431969106197357	0.37054330110549927	0.52973872423172	0.3425862491130829	0.6057820916175842	0.11245778203010559	0.951331615447998	0.8975830078125	0.07828786969184875	0.6477780938148499	0.19659066200256348	0.5111799836158752	0.5920912623405457	0.28510865569114685	0.5563410520553589	0.22683271765708923	0.4195902347564697	0.08655918389558792	0.4006967842578888	0.8162003755569458	1.0230344533920288	0.7388363480567932	0.1671486347913742	0.39650145173072815	0.29382506012916565	0.6950702667236328	0.9246654510498047	0.8473517894744873	0.37656086683273315	0.2700354754924774	1.0334491729736328	0.2197650671005249	0.5896162986755371	0.44924116134643555	0.9139264822006226	0.24263128638267517	0.35075730085372925	0.5390052199363708	0.3978082537651062	0.5475104451179504	0.26501500606536865	1.1281665563583374	0.6786866784095764	0.4107529819011688	0.028075966984033585	0.46073001623153687	0.4495977759361267	0.866980791091919	0.34933415055274963	0.9003439545631409	1.123716950416565	0.36293700337409973	0.6104750633239746	0.18797406554222107	0.007271516136825085	0.35849106311798096	0.25823909044265747	0.9238579273223877	0.3095731735229492	0.2873334586620331	0.45429885387420654	0.5276960134506226	0.8155993819236755	0.43145981431007385	0.9499384760856628	0.28610002994537354	0.6637134552001953	0.20976553857326508	0.812185525894165	0.36983856558799744	0.6137054562568665	0.23888175189495087	0.45850861072540283	1.0310189723968506	1.5119214057922363	0.6317939162254333	0.6037004590034485	0.8303448557853699	0.24619758129119873	0.49921074509620667	0.21645109355449677
1.0179533958435059	1.087936520576477	1.125281810760498	0.000533847080077976	0.0956205427646637	0.5355307459831238	0.4694557189941406	0.48011934757232666	0.5873791575431824	0.2583855092525482	0.07153432071208954	0.4168025255203247	1.3964118957519531	0.5664125084877014	0.48646843433380127	0.21864274144172668	0.5151269435882568	0.46831199526786804	0.7285448312759399	0.33958518505096436	0.553377091884613	0.43084317445755005	0.4014030992984772	0.23558101058006287	0.3676929175853729	0.4822390675544739	0.49834102392196655	1.1532198190689087	0.35922756791114807	0.31914734840393066	0.7095562815666199	0.5949164628982544	0.3648800253868103	0.31662431359291077	0.3149482309818268	0.5192338228225708	0.25345122814178467	0.5145010352134705	0.6857198476791382	0.7317495942115784	0.167217418551445	1.2189306020736694	0.4496645927429199	0.3665541112422943	0.20976319909095764	0.8210394382476807	0.4690503180027008	0.5764449834823608	0.33898234367370605	0.7653290033340454	1.2469027042388916	0.6398417353630066	0.7882030010223389	0.524890661239624	0.17054958641529083	0.1604434996843338	0.31026381254196167	0.02002730406820774	0.47453808784484863	0.3778267800807953	0.28723910450935364	0.17210692167282104	0.8669425249099731	1.0627576112747192	0.6789389848709106	0.5574469566345215	1.2578387260437012	0.12789756059646606	0.6659460067749023	0.5785095691680908	0.398949533700943	0.2242823988199234	0.9770312905311584	0.47418296337127686	0.423842191696167	0.14493775367736816	0.6028252243995667	0.26196715235710144	1.2404917478561401	0.6528183221817017	0.7005667686462402	0.48626261949539185	0.6106244325637817	0.5137560367584229	0.24284599721431732	0.3991773724555969	0.7791120409965515	0.8565596342086792	0.5911301374435425	0.28544333577156067	0.1033821702003479	0.7277257442474365	0.08965356647968292	1.1184325218200684	0.26971739530563354	0.34131452441215515	0.9252104163169861	0.31637948751449585	0.6499881744384766	0.02788780815899372	0.21010394394397736	1.0224690437316895	0.5630092620849609	0.48842015862464905	0.8838610053062439	0.894178032875061	0.5460749864578247	0.811815619468689	0.6020195484161377	0.3464261293411255	0.7606416940689087	0.336919903755188	1.159624695777893	0.3492664694786072	0.8179742693901062	0.2635131776332855	0.5206714272499084	0.8897244930267334	1.394740343093872	0.7974956631660461	0.28756970167160034	0.38475510478019714	0.6949095726013184	0.4078202247619629	1.253328800201416	0.4063434600830078	0.2755160629749298	0.7029723525047302	0.8940024375915527	0.8280854225158691	0.5922021865844727	0.5941141843795776	0.7847752571105957	0.33802953362464905	0.3939517140388489	0.5268018245697021	0.5509353876113892	0.3835877478122711	0.38546842336654663	0.5692622661590576	0.31069138646125793	0.07898160815238953	0.6237007975578308	0.47244998812675476	0.9161456227302551	1.1149046421051025	1.2685214281082153	0.38098496198654175	0.6671465635299683	0.6514226198196411	0.2913782298564911	0.39284631609916687	0.17688259482383728	1.0271340608596802	0.36857089400291443	0.6136484146118164	0.34494858980178833	0.12517142295837402	0.3386631906032562	0.37452268600463867	0.27114272117614746	0.9106172919273376	0.2656852900981903	0.45388880372047424	0.3878667950630188	0.42237505316734314	0.4161643087863922	0.273903489112854	1.6938594579696655	0.470412015914917	0.6157131195068359	0.43114539980888367	0.15002058446407318	0.6349670886993408	0.46818065643310547	0.12308643758296967	0.4523656368255615	0.6406965851783752	0.35103845596313477	0.21566253900527954	0.13420549035072327	0.7014716863632202	0.4463024437427521	0.4726538360118866	0.41830405592918396	1.0037810802459717	0.3721562623977661	0.2501509189605713	0.4375331401824951	0.5657784342765808	0.6591598987579346	0.3575199246406555	0.37360212206840515	0.43329793214797974	0.39589351415634155	0.35972362756729126	1.0135343074798584	0.17540612816810608	0.44596099853515625	0.4399143159389496	0.4448361396789551	0.5022707581520081	0.6493405699729919	0.6239082217216492	1.2316755056381226	1.2279280424118042	0.7218497395515442	0.4154118299484253	0.8107454776763916	0.7411116361618042	0.5227755308151245	0.5066118240356445	0.23904003202915192	0.36448562145233154	0.36787644028663635	0.5246669054031372	0.3277256488800049	0.6743545532226562	0.7021327018737793	0.23649847507476807	0.721984326839447	0.5072299838066101	0.6096776723861694	0.6988179087638855	0.2324095368385315	0.6206228733062744	1.0745958089828491	0.5549474358558655	0.27912455797195435	1.284630298614502	0.540019154548645	0.5378603935241699	0.29989081621170044	1.6706931591033936	0.850533664226532	0.21116134524345398	0.19027113914489746	0.16400517523288727	0.629655122756958	0.2920512855052948	0.4535900950431824	0.2942166030406952	0.25541001558303833	0.5305438041687012	0.834139883518219	0.5747237205505371	0.9411360621452332	0.21594589948654175	0.2510540783405304	0.9407903552055359	0.6332387328147888	0.5181986689567566	0.41826117038726807	0.6189062595367432	0.3981384336948395	0.2781727612018585	1.032160997390747	0.475252628326416	1.6901205778121948	0.545379638671875	0.32131966948509216	1.0656989812850952	0.34790632128715515	0.49699339270591736	0.3648526072502136	0.27055609226226807	0.6674538254737854	0.4333568215370178	0.3616020679473877	0.6373511552810669	0.5010272264480591	0.7268192768096924	0.9736852645874023	0.6574035286903381	0.9731346368789673	0.3712131977081299	0.6676483750343323	0.985612154006958	0.4167182445526123	0.23327553272247314	0.6391276717185974	0.42955756187438965	0.6041150093078613	0.15994112193584442	0.3990967273712158	0.9749287962913513	0.19224122166633606	0.30566948652267456	1.1525647640228271	0.4616287648677826	0.3962484300136566	0.34739646315574646	0.318181574344635	0.2722184658050537	0.38018566370010376	1.1707541942596436	0.568231463432312	0.4991322159767151	0.5642197132110596	0.1509360671043396	0.2641831934452057	0.12724432349205017	0.9257810711860657	0.7896046042442322	0.38693612813949585	0.27173346281051636	0.18361932039260864	0.25888970494270325	0.5634826421737671	0.4260823130607605	0.4035845398902893	0.2089422643184662	0.8539674282073975	0.6611624360084534	0.8009482622146606	1.298182487487793	0.13481265306472778	0.4315555691719055	0.3899979889392853	0.10648933053016663	0.4854884147644043	0.1253603994846344	0.5659300684928894	0.4127204120159149	1.0265079736709595	0.48788732290267944	0.21857228875160217	0.9178265929222107	0.8716338872909546	0.6967406272888184	0.30792200565338135	0.47370147705078125	0.1834460347890854	0.4626148045063019	0.0	0.7041313648223877	0.5806987285614014	0.42527836561203003	0.356577068567276	0.6504510045051575	0.2634426951408386	0.2634385824203491	0.407742977142334	0.3876957893371582	0.5838683843612671	0.4178333282470703	0.31822508573532104	0.18919700384140015	1.0916786193847656	0.3510116636753082	0.6408931016921997	0.4139077961444855	0.1899009793996811	1.1830788850784302	0.5774030685424805	0.26047617197036743	0.5628519058227539	0.47310125827789307	0.27938419580459595	0.7162153124809265	0.9533707499504089	0.17501097917556763	0.5982386469841003	0.5052515864372253	1.1950125694274902	0.9781041145324707	1.4530781507492065	0.4738970696926117	0.5833293795585632	0.19741655886173248	0.7031834721565247	0.23685549199581146	0.4734314978122711	0.8616061210632324	0.1891086995601654	0.6575676202774048	0.4295746088027954	0.3364267349243164	0.8258048295974731	0.60699862241745	0.7001011371612549	0.8776521682739258	0.5775988698005676	0.624923825263977	0.668694019317627	0.5087283253669739	0.8843366503715515	0.27557632327079773	0.12966449558734894	0.28929316997528076	0.4384128153324127	0.29789990186691284	0.37877827882766724	0.26938942074775696	0.5696372985839844	0.6207929849624634	0.5524229407310486	0.3923669755458832	0.9952725768089294	0.5425219535827637	0.4315486252307892	0.39425748586654663	0.4946058988571167	0.6805408000946045	0.3908511698246002	0.533068060874939	0.7310405373573303	0.754127025604248	0.8801375031471252	0.34996429085731506	1.2650272846221924	0.483021080493927	0.5221442580223083	0.2437576800584793	0.6034016013145447	0.36534109711647034	0.4141610860824585	0.8811759948730469	0.6916435956954956	0.8653630018234253	0.4678241014480591	0.4109777808189392	0.7414798736572266	0.45257675647735596	0.31174880266189575	0.6667627096176147	0.31789615750312805	0.3962978422641754	0.44178950786590576	0.9472091197967529	0.19315697252750397	0.3513428568840027	0.2725212275981903	0.5428332686424255	0.4252387583255768	0.663661539554596	0.3235803246498108	0.17111273109912872	0.4027460217475891	0.2302282154560089	0.3841615319252014	1.390519380569458	1.0654306411743164	0.5922659635543823	0.37467822432518005	0.23071517050266266	0.5414167046546936	0.6641454696655273	0.7400893568992615	0.49685579538345337	0.36044999957084656	0.36871564388275146	1.2651803493499756	0.5673559904098511	0.6199166774749756	0.1494165062904358	0.518853485584259	0.20380955934524536	0.5650292038917542	0.33649399876594543	0.6672309041023254	0.4352278709411621	0.18871916830539703	1.5641945600509644	0.7995415329933167	0.5196065902709961	0.33037373423576355	0.35716357827186584	0.39168912172317505	0.36360612511634827	0.25573378801345825	0.2968961298465729	0.5870471000671387	0.5585912466049194	0.702744722366333	0.20496316254138947	0.6839752197265625	0.07979320734739304	0.28441786766052246	0.6082783341407776	0.7049505710601807	0.2990098297595978	0.7270625233650208	0.6341633200645447	1.588655948638916	0.774492621421814	1.0182853937149048	1.2729363441467285	0.5061171650886536	0.285737544298172	0.6755760312080383	0.39593011140823364	0.6930814385414124	0.632928729057312	0.2950172424316406	0.6906330585479736	0.3052888512611389	0.3146010637283325	0.07583651691675186	0.8216440677642822	0.3435807228088379	0.5655949115753174	0.4405774176120758	0.23815619945526123	0.6156374216079712	0.8418101072311401	0.848606288433075	0.5433821082115173	0.5894277691841125	0.2678558826446533	0.1855010837316513	0.3734287619590759	0.46574193239212036	0.6676188707351685	0.34853896498680115	0.5214076638221741	0.5903620719909668	0.5468928217887878	0.8992041349411011	0.3102574348449707	0.3434804379940033	1.7281743288040161	0.689263641834259	1.2012478113174438	0.5607389211654663	0.34303945302963257	0.7369301319122314	0.7550063729286194	0.6221352219581604	0.4964412450790405	0.2931133806705475	0.35389673709869385	0.5180602669715881	0.525593101978302	0.6218295097351074	0.32978248596191406	0.2946896255016327	0.37747836112976074	0.5436127185821533	0.5755773782730103	1.114780068397522	0.35505014657974243	0.4087723195552826	0.44007498025894165	0.26110759377479553	0.5240621566772461	0.6490988731384277	0.42682117223739624	0.7971470355987549	0.3003543019294739	0.662120521068573	0.7797417640686035	0.2784918248653412	0.5362430810928345	0.2789578139781952	0.5032973885536194	0.7709588408470154	0.6813890933990479	0.33997076749801636	0.547631561756134	0.7364722490310669	0.7166760563850403	0.37863531708717346	0.3779352605342865	0.5503488779067993	0.4473896920681	0.26993969082832336	0.283804714679718	0.44462981820106506	0.340542197227478	1.0871024131774902	1.0317679643630981	0.6862615346908569	1.2953848838806152	0.5291370153427124	0.44988560676574707	0.11942675709724426	0.19148984551429749	0.5644985437393188	0.36835572123527527	0.269724041223526	0.44286060333251953	0.7833123207092285	0.3508337438106537	0.47753989696502686	0.5344680547714233	0.2437407225370407	0.7289943099021912	0.2099282443523407	0.540107250213623	0.47057777643203735	0.6396893262863159	0.5683643817901611	0.5578603744506836	0.25755494832992554	0.8451423048973083	1.155045986175537	0.49483004212379456	0.4175723195075989	0.6077712178230286	0.29837924242019653	0.6270536780357361	0.26129865646362305	0.6680407524108887	1.268234372138977	0.5303872227668762	0.651260495185852	0.29826757311820984	0.21283674240112305	0.3765074610710144	0.14935685694217682	0.3631352484226227	0.35458147525787354	0.05834434926509857	0.5785583257675171	0.7133734226226807	0.24746723473072052	0.3497501313686371	0.18544769287109375	0.3988655209541321	0.4318793714046478	0.3418155610561371	0.4644622206687927	0.6851866245269775	0.47059565782546997	0.18219013512134552	0.33933165669441223	0.2621116042137146	0.24540120363235474	1.0786991119384766	0.4307364821434021	0.2614258825778961	0.30216407775878906	1.181640386581421	0.15725146234035492	0.3751005530357361	0.3504166305065155	0.1635858118534088	0.3079679608345032	0.4566810727119446	0.476468026638031	0.6575226187705994	0.5995644330978394	0.5518544912338257	0.46553710103034973	0.44917577505111694	0.30274197459220886	0.6795164346694946	0.0739852786064148	0.9955014586448669	0.5031591057777405	0.41603603959083557	0.43157848715782166	0.31663042306900024	0.4876236021518707	0.2919205129146576	0.3805581033229828	0.5314119458198547	0.5367419123649597	0.21166102588176727	0.3080575466156006	0.31555551290512085	0.17109504342079163	0.45731303095817566	0.4358207583427429	0.6685421466827393	0.6841167211532593	0.5045686960220337	0.5198943018913269	0.4650101959705353	0.32039833068847656	0.42588844895362854	0.5186455845832825	0.9546897411346436	0.91883784532547	1.3606867790222168	0.07002200186252594	0.3710474371910095	1.263841152191162	0.2226991057395935	0.38170063495635986	0.44945859909057617	0.9136334657669067	0.23290935158729553	0.9110352396965027	0.5857592821121216	0.6822492480278015	0.43456393480300903	0.38177695870399475	0.33064454793930054	1.1555774211883545	0.8013001680374146	0.7919072508811951	0.4556662440299988	0.18433238565921783	0.3449437618255615	0.5100201368331909	0.3715674877166748	0.6533596515655518	0.8519954085350037	0.4457750916481018	0.8021511435508728	0.44181832671165466	0.2970395088195801	0.3481294810771942	0.21769320964813232	0.22773927450180054	0.6506497859954834	0.3550550639629364	0.47220414876937866	0.25207459926605225	0.8843442797660828	0.5887988805770874	0.27513551712036133	0.4732449948787689	0.7538020610809326	0.6178503632545471	0.5969321727752686	0.5294672250747681	0.956886887550354	0.5284396409988403	0.5169602632522583	0.5798664689064026	0.2906632721424103	0.37117624282836914	0.3814138174057007	0.6088653206825256	0.3623825013637543	0.3129259943962097	0.8614029288291931	0.6586170792579651	0.8075999617576599	0.4963911473751068	0.32052353024482727	1.2220152616500854	0.29612648487091064	0.2016516476869583	0.7611138224601746	0.5095565319061279	0.17067325115203857	0.5265252590179443	1.0587952136993408	1.107062578201294	0.6963520646095276	0.7289969325065613	0.6529995799064636	0.5693168044090271	0.8983209729194641	0.7191157341003418	0.6783310174942017	0.7016274333000183	0.46655964851379395	0.29660817980766296	0.20520232617855072	0.3794616758823395	0.8369821310043335	0.6870805621147156	0.32899442315101624	1.0311574935913086	0.7327698469161987	0.839304506778717	0.5085080862045288	0.18099088966846466	0.522524356842041	0.3316029906272888	0.2132338136434555	0.3055538237094879	0.54196697473526	0.39158666133880615	0.27635079622268677	0.36411893367767334	0.7118868827819824	0.6483778357505798	0.6095369458198547	0.8377491235733032	0.41879960894584656	0.7613152265548706	0.2316318154335022	0.3233618140220642	0.38706448674201965	0.5620154738426208	0.5116527676582336	0.7392914295196533	0.5304670929908752	0.01916370540857315	0.563875138759613	0.5502641797065735	0.2824617028236389	0.2320225089788437	0.22769565880298615	0.921566903591156	0.3753742277622223	0.46693187952041626	0.5613833665847778	0.44021257758140564	0.39477795362472534	0.8544079661369324	0.4632742404937744	0.5759798884391785	0.7558719515800476	1.2192795276641846	0.3255378305912018	1.3513057231903076	0.8040821552276611	0.12379732728004456	0.76469886302948	1.4856743812561035	0.33105775713920593	0.7433189749717712	0.6696610450744629	0.5425811409950256	0.49257785081863403	0.8898590803146362	0.6049580574035645	0.6290066838264465	0.44046568870544434	1.2407793998718262	0.8253366947174072	0.11899358034133911	0.180688738822937	0.4510977864265442	0.5203693509101868	0.544020414352417	0.9287104606628418	0.5567690134048462	0.9488214254379272	1.4068536758422852	0.3612930476665497	0.5329862236976624	0.3759305775165558	0.5620747208595276	0.24245333671569824	0.4770052134990692	0.5673298835754395	0.2972257733345032	0.7697821855545044	0.47346097230911255	0.5133187770843506	0.2933242917060852	0.5269308686256409	0.3784753084182739	0.3821735382080078	0.20622991025447845	0.2369755357503891	1.3744189739227295	0.6703306436538696	0.28093403577804565	0.18781645596027374	1.0658373832702637	0.3314380943775177	0.543544590473175	0.611409604549408	0.6038267016410828	0.8269522786140442	0.4816078841686249	0.5216252207756042	0.3804778456687927	0.3575608432292938	0.6462450623512268	0.17330652475357056	0.7116196751594543	0.17202891409397125	0.23526006937026978	0.5173702836036682	0.45135802030563354	0.3920452892780304	0.33169978857040405	0.18163959681987762	0.27633342146873474	0.9720115661621094	0.7107601165771484	0.5998297929763794	0.3251194953918457	0.27470219135284424	0.40424245595932007	0.37307366728782654	0.4584338366985321	0.6552167534828186	1.5077868700027466	0.2768712639808655	0.3389226198196411	0.2857820391654968	0.5613526105880737	0.9099779725074768	0.6216623783111572	0.7652975916862488	0.4789886474609375	0.3849973678588867	1.5373438596725464	0.8529835939407349	0.8939365148544312	0.546921968460083	0.35434773564338684	0.35691919922828674	0.9030991196632385	0.45132601261138916	0.344459593296051	0.9137771129608154	0.7577546834945679	1.0108376741409302	0.9032086133956909	0.2879500389099121	0.6222155690193176	0.25105199217796326	0.29920002818107605	0.9668346643447876	0.5493775010108948	0.3385528326034546	0.7546458840370178	0.34015148878097534	0.3745114803314209	0.5911977887153625	0.5729902386665344	0.27984410524368286	0.506227970123291	0.6373032927513123	0.3742294907569885	0.108329176902771	0.19662229716777802	0.4617770314216614	0.6489782929420471	0.5399386286735535	1.016680359840393	0.4852330982685089	0.48097309470176697	0.40549927949905396	0.5729652047157288	1.010543942451477	0.42913129925727844	0.5638540387153625	0.5036541223526001	0.32758110761642456	0.44732922315597534	0.23875188827514648	0.2254703938961029	0.5212180614471436	0.5501894354820251	0.6347898244857788	0.1742469221353531	0.33435434103012085	0.06255485862493515	0.4912348687648773	0.3970390558242798	0.15121129155158997	0.4136434495449066	0.30063876509666443	0.6297492980957031	1.048330545425415	0.6232685446739197	0.5434103012084961	1.5799974203109741	0.7405954599380493	0.6441861391067505	0.6306232213973999	0.2967957854270935	0.17228439450263977	0.06456548720598221	0.44318684935569763	0.5780801773071289	0.764605700969696	0.28676190972328186	0.44443678855895996	0.375750333070755	0.7155823707580566	0.49419182538986206	0.2368074655532837	0.5117549300193787	0.4154975116252899	0.6300581097602844	0.2258559912443161	0.33869391679763794	0.31002506613731384	0.7593422532081604	0.4834476113319397	0.4321399927139282	0.4403586983680725	0.29569709300994873	0.4547802805900574	0.7525913119316101	0.40488940477371216	1.289804220199585	0.5143153071403503	0.7665735483169556	0.406198650598526	0.4073159992694855	0.47617366909980774	0.3537546992301941	0.8159964680671692	0.6585590839385986	1.0063798427581787	0.6393632292747498	1.015084981918335	0.9001471996307373	0.5329272150993347	0.8715401887893677	0.6512581706047058	0.500465452671051	0.7466347217559814	0.4306198060512543	0.41989773511886597	0.4805670976638794	0.7314043045043945	0.6975488066673279	0.4797055721282959	0.7114577889442444	0.3125954568386078	0.38108372688293457	0.2730974853038788	0.5651261806488037	0.5589433908462524	0.9581265449523926	0.09697003662586212	0.5163748264312744	0.35774943232536316	0.10501369088888168	0.5079630017280579	0.38798654079437256	0.3445131182670593	0.5978948473930359	1.1210596561431885	0.6792094707489014	0.3914896845817566	0.8798618316650391	0.3642615079879761	0.44675084948539734	0.1966584026813507	0.38425227999687195	0.5828554034233093	0.98090660572052	0.4815417528152466	0.21793270111083984	1.067015528678894	0.5803840756416321	0.14678485691547394	0.5336864590644836	0.5656614303588867	0.4179095923900604	0.7039563059806824	0.6709171533584595	0.1254153549671173	0.8199925422668457	0.40044111013412476	0.11942844092845917	1.007127285003662	0.6950743198394775	0.23467159271240234	0.37523406744003296	0.5742244720458984	0.23139642179012299	0.8743036389350891	0.42467477917671204	0.29910337924957275	1.3585021495819092	0.32435399293899536	0.8925468325614929	0.6022374033927917	0.2541404068470001	0.4132767617702484	0.2431798279285431	0.29499757289886475	0.7527364492416382	0.36517372727394104	0.6935988664627075	0.7126234769821167	0.31462398171424866	0.7295210957527161	0.2151092141866684	0.6694639921188354	0.20198294520378113	0.41621652245521545	0.6656709909439087	0.5633788108825684	0.3653697967529297	0.6428446769714355	0.332293838262558	0.5939133763313293	1.108044147491455	0.5300175547599792	0.5131472945213318	0.9931625127792358	0.16284394264221191	0.93901526927948	1.1866075992584229	0.31588512659072876	0.5451861619949341	0.4977116286754608	0.9397293329238892	0.6229065656661987	0.842029333114624	0.4856331944465637	1.108140468597412	0.819727897644043	0.8744121789932251	0.845589816570282	0.7311325073242188	0.32479918003082275	0.5105047821998596	0.9254870414733887	0.43144193291664124	0.7805600762367249	0.38556626439094543	0.2846260666847229	0.8983604311943054	1.0531502962112427	0.3652862012386322	0.22310230135917664	0.590181291103363	0.17319126427173615	1.1680874824523926	0.033155325800180435	0.8790825605392456	0.7669244408607483	0.5827172994613647	0.32797345519065857	0.8232011795043945	0.897367537021637	0.2936893105506897	0.9504727721214294	1.6330738067626953	0.260407030582428	0.7853381633758545	0.8291905522346497	0.4247344732284546	0.5360994935035706	0.6493291854858398	0.528116762638092	0.5444029569625854	0.7575533390045166	0.47003674507141113	0.19223502278327942	0.34976473450660706	0.6223994493484497	0.28748276829719543	0.505853533744812	0.1562982201576233	0.45331069827079773	0.7127128839492798	0.44009944796562195	0.22835496068000793	0.48335349559783936	0.2964267432689667	0.2323777675628662	0.30557337403297424	0.6943552494049072	0.3676755726337433	0.3490462005138397	0.6188007593154907	0.28266772627830505	0.31760933995246887	0.23260539770126343	0.51954185962677	0.20356391370296478	0.6120188236236572	0.5811668634414673	0.6625707745552063	0.2686854898929596	0.5220389366149902	1.5281656980514526	0.5299972891807556	0.7306389808654785	0.31150558590888977	0.806842565536499	0.22112394869327545	0.6242849826812744	0.4552585780620575	0.4968468248844147	0.5865596532821655	0.757184624671936	0.6361359357833862	0.12400713562965393	0.5022391676902771	0.07416905462741852	0.6341713070869446	0.2549803853034973	1.082975149154663	0.5565962791442871	0.20645445585250854	0.42677852511405945	0.5886961221694946	0.9091878533363342	0.41030120849609375	0.8110473155975342	0.3604208827018738	0.17030774056911469	0.29224327206611633	0.1295662820339203	0.6560356616973877	1.0101344585418701	0.3052304983139038	0.3668380081653595	0.7814281582832336	0.26290780305862427	0.34475743770599365	0.6422160267829895	0.47929322719573975	0.2378392517566681	0.34575849771499634	0.5360403060913086	0.7855881452560425	0.5960595607757568	0.6991478800773621	0.4439348578453064	0.612790584564209	0.5000442266464233	0.3081788420677185	0.7565483450889587	0.37288913130760193	0.45358023047447205	1.0386314392089844	0.5333526134490967	0.4393121004104614	0.32927098870277405	0.38094088435173035	0.5494865775108337	0.9094597101211548	0.4479070007801056	0.720704197883606	0.8350385427474976	0.7649292349815369	1.1539064645767212	0.5753300786018372	0.278739333152771	0.2213432937860489	1.2354321479797363	1.7754515409469604	0.9289194941520691	0.7312724590301514	0.2683774530887604	0.9427155256271362	0.7134543061256409	0.41231054067611694	0.11452081054449081	0.41896146535873413	1.185052752494812	0.4028068780899048	0.3025132715702057	0.44674062728881836	0.20359724760055542	1.3832875490188599	0.3995489478111267	0.7926011085510254	0.4765577018260956	0.23591472208499908	0.6362971067428589	0.19610047340393066	0.6452198028564453	0.4152287244796753	0.46539923548698425	0.45574265718460083	1.0520446300506592	0.4084054231643677	0.8110132217407227	0.31875282526016235	0.21933667361736298	0.8934747576713562	0.21819493174552917	0.9702688455581665	0.663459062576294	0.5189612507820129	0.672054648399353	0.5809729099273682	0.4984879493713379	0.7607748508453369	0.40634608268737793	0.4829728901386261	0.1570310890674591	0.5231208801269531	0.2934770882129669	0.10377908498048782	1.020207405090332	0.7209409475326538	0.554864227771759	0.44810447096824646	0.9613789916038513	0.8003126382827759	0.8183721303939819	0.42097729444503784	0.4169035255908966	0.32344773411750793	0.9135932326316833	0.30046793818473816	0.18055830895900726	0.5482595562934875	0.4646613299846649	0.3127855658531189	0.3645976185798645	0.14979533851146698	0.8315806984901428	0.6717883944511414	0.16086971759796143	0.5133476257324219	0.5059704780578613	0.6762620806694031	0.7376095056533813	0.7694589495658875	0.2843569219112396	0.38878679275512695	0.3718052804470062	0.5053939819335938	0.7620969414710999	0.2546125054359436	0.1474999189376831	0.5474984645843506	0.6979389190673828	0.2956697940826416	0.29110169410705566	0.34549447894096375	0.43351736664772034	0.3014335632324219	0.2632395029067993	0.6352759599685669	0.3907237648963928	0.5092448592185974	1.3088810443878174	1.105452299118042	0.3533589839935303	0.7279340624809265	0.24823486804962158	0.21353185176849365	0.33912479877471924	0.41555193066596985	0.22316424548625946	0.9098461270332336	0.3114793002605438	0.8041218519210815	0.4909060001373291	0.4227377474308014	0.063983254134655	0.5068820714950562	0.3258161246776581	0.07962749898433685	0.5600292682647705	1.0772690773010254	0.3398800194263458	0.8336581587791443	0.35684171319007874	0.2530023455619812	0.4187454879283905	0.6822696924209595	0.6099714040756226	0.333574116230011	0.7654854655265808	0.4723970890045166	0.3284759223461151	0.7951515913009644	0.6049274206161499	0.7214430570602417	0.6878494620323181	1.1011300086975098	1.1253125667572021	0.8039005398750305	0.5517117977142334	0.3551187515258789	0.36372214555740356	0.4623714089393616	0.6068679690361023	1.7844603061676025	0.23593604564666748	0.5676422119140625	0.41518309712409973	0.6063186526298523	0.7252698540687561	0.46470165252685547	0.25858983397483826	0.5229615569114685	0.8087021112442017	0.3905620276927948	0.22908583283424377	1.13741135597229	0.898331344127655	0.4778711199760437	0.6172359585762024	0.9643117189407349	0.5155301094055176	0.9642320275306702	0.8034996390342712	0.25848615169525146	0.608673632144928	1.208495855331421	0.6699652671813965	0.2621484398841858	0.6441303491592407	1.3954405784606934	0.44208618998527527	0.6396456956863403	0.4380238354206085	0.8913212418556213	0.29924771189689636	0.39577415585517883	0.7292466163635254	0.40986669063568115	1.3252071142196655	0.2402801811695099	0.23374134302139282	0.44246286153793335	0.5759425759315491	0.36541926860809326	0.5312447547912598	0.9105807542800903	0.8754646182060242	1.2945865392684937	0.15135526657104492	0.39693722128868103	1.2136975526809692	0.7525652050971985	0.23966965079307556	0.6393170356750488	0.4219335615634918	0.1792335957288742	1.146589756011963	0.9568127393722534	0.5660035014152527	0.22003790736198425	0.15690970420837402	0.29621660709381104	0.38082364201545715	0.31258395314216614	0.38198888301849365	1.08786940574646	0.3065154254436493	0.4104844927787781	0.2619767189025879	0.44621792435646057	0.6576825380325317	0.2321508824825287	0.7850070595741272	0.47801893949508667	0.6300851106643677	0.5558730363845825	0.8441950082778931	0.8762866854667664	0.3971593976020813	0.7357957363128662	0.8548280596733093	0.813304603099823	0.5517901182174683	0.35090333223342896	0.19953161478042603	0.18555010855197906	0.3712814152240753	1.0090751647949219	0.3855222463607788	0.42042216658592224	0.5221003293991089	0.701087236404419	0.46601706743240356	0.353819876909256	0.44978201389312744	0.2410689741373062	0.5488578677177429	0.5787796974182129	0.2988036870956421	0.5093615651130676	0.2921844720840454	0.7221223711967468	0.45778778195381165	0.33903735876083374	0.45211172103881836	1.4065265655517578	0.5293072462081909	0.9648963212966919	0.2852132320404053	1.613419532775879	0.5118687152862549	0.451544851064682	0.7598106265068054	0.4424387812614441	0.28274521231651306	0.18085147440433502	0.3289249539375305	0.35327374935150146	0.574690580368042	0.39725133776664734	0.1717020571231842	0.4453479051589966	0.3936661183834076	0.6303831934928894	0.4961056709289551	0.7325247526168823	0.39109185338020325	1.111560344696045	0.26792240142822266	0.4394232928752899	1.0344899892807007	0.6991897821426392	0.18730486929416656	0.08031744509935379	1.571994662284851	0.4392402470111847	0.4910023510456085	0.059472423046827316	0.6663047671318054	0.2343267798423767	0.20391717553138733	0.36361604928970337	0.6210536956787109	0.9091654419898987	1.0460710525512695	1.1716058254241943	0.9678106307983398	0.6816806197166443	1.0657036304473877	0.84788578748703	0.3760410249233246	0.1226358562707901	0.5630013346672058	0.6282221674919128	0.6669566035270691	0.29175040125846863	1.0267446041107178	0.6776593327522278	0.3147665560245514	0.6595159769058228	0.8237912058830261	0.5225151181221008	0.4579094350337982	0.37587907910346985	0.5152607560157776	0.4386478662490845	0.5871815085411072	0.773848831653595	0.7382336258888245	0.2606819272041321	0.5445108413696289	0.8988113403320312	0.7776719927787781	0.4401412606239319	0.6355805993080139	0.5552817583084106	0.31082481145858765	0.2959866523742676	0.5068991184234619	0.5428488850593567	0.6462007761001587	0.3950140178203583	0.4274323880672455	0.2939167320728302	0.8625866174697876	0.6735918521881104	0.5142514705657959	0.15053676068782806	0.5451669096946716	0.84006667137146	0.4616892635822296	1.090072751045227	1.0773231983184814	0.4783150255680084	0.27883172035217285	0.6706117391586304	0.6761922836303711	0.8170572519302368	0.8862146735191345	0.46860581636428833	0.4143660068511963	0.3256462514400482	0.34838488698005676	0.6280733942985535	0.6224637627601624	0.35800454020500183	0.8149504661560059	0.37275952100753784	0.34123992919921875	0.5345085263252258	1.1621270179748535	0.24091984331607819	0.3275659382343292	0.2063043862581253	0.43873804807662964	0.19872181117534637	0.41784876585006714	0.8166295289993286	0.8367375135421753	0.11437194794416428	0.45207545161247253	0.7495889663696289	0.20270799100399017	0.25024300813674927	0.3932979702949524	0.2885262072086334	0.2145116925239563	0.3627384305000305	0.41340893507003784	0.4141117036342621	0.6598888635635376	0.21229389309883118	0.1952521950006485	0.4299175441265106	0.5613116025924683	0.14540863037109375	0.694351077079773	0.4041965901851654	0.43482837080955505	0.5432273149490356	0.6306188106536865	0.23496219515800476	0.4648689925670624	0.12439538538455963	0.8685181140899658	0.634100079536438	1.1477997303009033	0.7174557447433472	0.39870309829711914	0.08561590313911438	0.5158012509346008	0.7809801697731018	0.5412364602088928	1.0494308471679688	0.35661429166793823	0.7775174975395203	0.8474528193473816	0.34377285838127136	0.7661342620849609	0.41138243675231934	0.14322277903556824	0.3878318667411804	1.2062370777130127	0.48376116156578064	0.06175678223371506	0.1639997959136963	0.5003646016120911	1.1696075201034546	0.4312884211540222	0.5593739151954651	1.2573726177215576	0.595092236995697	0.5085248947143555	0.33817896246910095	0.5097098350524902	0.6207612156867981	0.6491267681121826	0.19585707783699036	0.9926762580871582	0.4707876145839691	0.9336563944816589	0.5875335931777954	0.4047398269176483	1.282029390335083	0.33455005288124084	0.44027188420295715	0.42451605200767517	0.1837473213672638	0.2148408442735672	0.8810150623321533	0.3475353717803955	0.29478126764297485	0.530791163444519	0.2389402985572815	0.239603653550148	0.2856382429599762	0.4277868866920471	0.7548466324806213	0.3123700022697449	0.46226993203163147	0.8690856099128723	0.19927580654621124	0.3951544165611267	0.5080057382583618	0.8497802019119263	0.45769888162612915	0.2960147559642792	0.5716184377670288	0.4957242012023926	0.6860142350196838	0.5700642466545105	0.373027503490448	0.9397666454315186	0.4873456358909607	0.41952475905418396	0.6510770320892334	0.37042421102523804	0.6864054203033447	0.19620732963085175	0.837873637676239	0.7261690497398376	0.3661467730998993	0.36342954635620117	0.09299398213624954	0.513167142868042	0.5089894533157349	1.3240981101989746	0.41176366806030273	0.9031789898872375	0.16943588852882385	0.5429104566574097	0.9075131416320801	0.6315164566040039	0.0858592689037323	0.30957886576652527	0.9547790884971619	0.6436207294464111	0.49234873056411743	0.6102988719940186	0.1637623906135559	0.33063358068466187	0.6345893740653992	1.5082796812057495	0.03593716025352478	0.953432559967041	1.086586356163025	0.29252323508262634	0.2809695899486542	0.25407400727272034	0.33357828855514526	0.5698939561843872	0.3393181562423706	0.5512765049934387	0.7823020815849304	1.1140446662902832	0.6256048679351807	0.7751794457435608	0.9231481552124023	0.2547054588794708	0.3830965459346771	0.3634747862815857	0.6755936145782471	0.4723113775253296	0.34762105345726013	0.6586600542068481	0.9599817991256714	0.7378946542739868	1.3084988594055176	0.5027559399604797	0.6097217202186584	1.039355754852295	0.12176071107387543	0.5574077367782593	0.5913674831390381	0.5636897683143616	0.5076776742935181	0.597505509853363	1.2591811418533325	1.648740530014038	0.17354463040828705	0.4758559763431549	0.38027068972587585	0.4857812821865082	0.6547297239303589	0.8063627481460571	0.28852570056915283	0.2336426079273224	0.4123215973377228	0.19119910895824432	0.5595620274543762	0.16687992215156555	0.8842828273773193	0.7077783346176147	0.1820961982011795	0.5350385904312134	0.920250415802002	1.1045470237731934	1.2493199110031128	1.490143895149231	0.6674506068229675	0.39306196570396423	0.07737848907709122	0.6153261661529541	0.3450133800506592	0.3610803484916687	0.40865185856819153	0.31236666440963745	0.31065353751182556	1.0664093494415283	0.792119562625885	0.4387935400009155	0.3426576554775238	0.4310877323150635	0.30507609248161316	0.4178643226623535	0.28639084100723267	0.8669025301933289	0.24690859019756317	0.30744343996047974	0.9582500457763672	0.33143237233161926	0.9882427453994751	0.8931143879890442	0.1350553035736084	0.1551007330417633	0.9469256401062012	0.32644447684288025	0.3690052926540375	0.3260754942893982	0.7693814635276794	0.32749515771865845	0.34428104758262634	0.8282378911972046	0.9661722183227539	0.8284255266189575	0.415507435798645	0.7572752237319946	0.3870103359222412	0.6648761630058289	0.7932502627372742	0.6265416741371155	0.1612766534090042	0.5461365580558777	1.203218936920166	0.9696074724197388	0.21381914615631104	0.5578568577766418	0.32546016573905945	0.6288350820541382	1.0378406047821045	0.027830902487039566	0.6241287589073181	1.1259363889694214	0.770831286907196	0.5006445646286011	0.5773142576217651	0.26388439536094666	0.4859553575515747	0.23149192333221436	0.19152513146400452	0.09243080019950867	0.17815667390823364	0.4010730981826782	0.3902187943458557	0.3811303377151489	0.17462360858917236	0.7087695002555847	0.44894853234291077	0.6408860087394714	1.1070367097854614	0.5543729662895203	0.3877173364162445	0.9011378884315491	0.2399444878101349	0.6518750190734863	0.25748389959335327	1.1549566984176636	0.29501986503601074	1.1924247741699219	0.40870359539985657	0.6156622171401978	0.7044219970703125	1.1509660482406616	0.7097089290618896	0.23275026679039001	0.38528186082839966	0.3665581941604614	0.7472408413887024	0.23931486904621124	0.38718605041503906	0.5060726404190063	1.5261327028274536	0.8518534302711487	0.331628680229187	0.27747344970703125	0.5460094213485718	0.7227928638458252	0.8620884418487549	0.45548415184020996	0.2687225341796875	0.6235882043838501	0.35458165407180786	0.33469152450561523	0.3831353485584259	0.225248783826828	0.38427814841270447	0.05364863574504852	0.44445163011550903	0.9443995952606201	0.38486117124557495	0.4391055107116699	0.22189529240131378	0.775914192199707	0.9123133420944214	0.8004636168479919	0.7439361214637756	0.3454994857311249	0.5969905853271484	0.7010956406593323	1.0397065877914429	0.531869113445282	0.6064818501472473	0.4771204888820648	0.35745927691459656	0.14335662126541138	0.41403108835220337	0.5794236660003662	1.0052870512008667	0.3833564221858978	0.55279541015625	0.36208242177963257	0.33563169836997986	0.19830724596977234	0.24461384117603302	0.16440239548683167	0.523966372013092	0.17400416731834412	0.7062474489212036	0.5748552680015564	0.1882058084011078	0.5582596063613892	0.6789849996566772	0.5452467799186707	0.08011016249656677	0.4121411144733429	0.4454096555709839	0.5687301158905029	0.5084193348884583	0.4283124804496765	0.795731246471405	0.5668680667877197	0.34916049242019653	0.6819587349891663	0.5026708841323853	1.0198843479156494	0.9067850112915039	0.15402156114578247	0.29344677925109863	0.410908967256546	0.5829091668128967	0.8332211971282959	0.23679614067077637	0.3503284454345703	1.314818263053894	0.31803929805755615	0.6181091666221619	0.6082038879394531	0.4836295545101166	0.46307918429374695	0.5854364037513733	1.065690279006958	0.7448139786720276	0.332215279340744	0.11624526977539062	0.3849974274635315	0.7327984571456909	0.350462406873703	0.3789213299751282	0.767086386680603	0.33898037672042847	0.6642685532569885	0.47585177421569824	0.6546004414558411	0.5914010405540466	0.4360995292663574	0.9647961258888245	0.3668851852416992	0.42129188776016235	0.13282333314418793	0.4073721468448639	0.7325018048286438	0.48350027203559875	0.2734449505805969	0.062220603227615356	0.2912617027759552	0.15496447682380676	0.350105345249176	0.3589690625667572	0.4513919949531555	0.31338611245155334	0.6948482394218445	0.3714229166507721	0.840512216091156	0.9264171123504639	0.1869729459285736	0.512083113193512	0.5881966948509216	0.5331260561943054	0.7680667042732239	0.7875608205795288	0.19862981140613556	0.38886773586273193	0.6475834250450134	0.8426393270492554	0.208871990442276	0.6470276117324829	0.5807574391365051	0.2761653661727905	0.2825701832771301	0.003785831853747368	0.7594513297080994	0.7892391085624695	0.07721561938524246	1.2306255102157593	0.216862753033638	0.13212329149246216	0.48900121450424194	0.12191367894411087	0.4291292428970337	0.35592976212501526	0.26285237073898315	0.19003088772296906	0.44460567831993103	0.3410910665988922	0.6255081295967102	0.976401686668396	0.12501949071884155	0.547054648399353	0.30600836873054504	1.2777732610702515	0.21886467933654785	0.904651939868927	0.48302802443504333	0.27730149030685425	0.28034844994544983	0.7815813422203064	0.7602084279060364	0.3585526645183563	0.1406310647726059	0.7074069380760193	0.5325654745101929	0.35644394159317017	0.3420758843421936	0.9205623269081116	1.034193992614746	0.7732746601104736	0.5416778326034546	0.5786381363868713	0.6347305774688721	0.6996691823005676	0.2826700806617737	0.20218625664710999	0.8768805265426636	0.7491790652275085	0.47561928629875183	0.4923322796821594	1.2743710279464722	0.8661274909973145	0.5123319029808044	0.40621742606163025	0.26155850291252136	0.8444064855575562	0.22238649427890778	0.672809362411499	0.6467770934104919	0.44961482286453247	0.3891751170158386	0.3998054265975952	0.22960901260375977	0.10549584776163101	0.5689921975135803	0.41265708208084106	0.24700278043746948	0.41812440752983093	0.3772575259208679	0.37828922271728516	0.3769978880882263	0.9900310039520264	0.05686372518539429	0.747607946395874	1.3406424522399902	0.8952213525772095	0.40346425771713257	0.4334639608860016	0.3082751929759979
0.41281455755233765	0.16692158579826355	0.4028201699256897	0.08999801427125931	0.5500815510749817	0.3674108386039734	0.34685391187667847	1.4082822799682617	0.19314256310462952	0.24550814926624298	0.032672181725502014	0.36090534925460815	1.2506715059280396	0.45911145210266113	0.4008748531341553	0.8733816146850586	0.2504827082157135	0.17591038346290588	0.6205547451972961	0.40162697434425354	0.5484732389450073	0.27692803740501404	0.668150782585144	0.6690298318862915	0.16635945439338684	0.7024288177490234	0.4449758231639862	0.729566216468811	0.5800698399543762	0.48598185181617737	0.5793449282646179	0.35554617643356323	0.7197353839874268	0.2861761152744293	0.21210145950317383	0.46382826566696167	0.6115085482597351	0.48394671082496643	0.4482603967189789	0.5654652118682861	0.6835633516311646	0.586972713470459	0.30612653493881226	0.49369004368782043	0.3228454291820526	0.9254055619239807	0.3083534836769104	0.35188770294189453	0.6267571449279785	1.3536227941513062	0.33623504638671875	0.38056719303131104	0.7295898199081421	0.8170990943908691	0.7712957859039307	0.3580404222011566	0.6723657846450806	1.1049034595489502	0.48010265827178955	0.3098040521144867	0.16355328261852264	0.4282967448234558	0.5442678928375244	0.6037895083427429	0.2318543791770935	0.537723183631897	0.34362924098968506	0.5723109245300293	0.0	0.6297702193260193	0.37394171953201294	0.20899684727191925	0.4366033673286438	1.1178183555603027	0.23302806913852692	0.3440636992454529	0.6884031891822815	0.16175104677677155	0.21898040175437927	0.7183752059936523	0.8524185419082642	0.30939680337905884	0.3191077709197998	0.19752034544944763	0.8189300298690796	0.2987961769104004	0.5546798706054688	0.5683320164680481	0.36409318447113037	0.22153504192829132	0.5950027108192444	0.2962661385536194	0.4445618987083435	0.8679248094558716	0.3817387819290161	0.792896568775177	0.5044044852256775	0.43953603506088257	0.4878300428390503	0.3338044285774231	0.15018416941165924	0.4633992314338684	0.3383405804634094	1.3787211179733276	0.4993479251861572	0.43480464816093445	0.7890375852584839	0.452976256608963	0.9896040558815002	0.621875524520874	0.611963152885437	1.1511059999465942	0.4883899986743927	0.7207154631614685	0.6885864734649658	0.4963824450969696	0.522516131401062	0.39648839831352234	0.4979862868785858	0.1375938355922699	1.1171892881393433	0.7598989009857178	0.5960686802864075	0.5889148712158203	1.078505516052246	0.4956268072128296	0.38490748405456543	0.47984111309051514	0.8985356688499451	0.9532132744789124	0.25083908438682556	0.19387349486351013	0.3969159424304962	0.5669333338737488	0.4887201189994812	0.6153961420059204	0.2518337070941925	0.7266401052474976	0.4074239134788513	0.2818589210510254	0.39739975333213806	0.18621227145195007	0.7855557799339294	0.6460058689117432	0.5904430150985718	1.230271339416504	0.7266974449157715	0.21865740418434143	0.3887697756290436	0.5564713478088379	0.25820496678352356	0.2525928020477295	0.7344088554382324	0.21591725945472717	0.348489910364151	0.7476993799209595	0.591667115688324	0.8692602515220642	0.30452606081962585	0.4153774380683899	0.6174620389938354	0.4796096980571747	0.32304179668426514	0.43175363540649414	0.4538837969303131	0.16682325303554535	0.2614051401615143	0.3835880756378174	0.6950406432151794	0.8486839532852173	0.12627781927585602	0.1664295196533203	0.7336031794548035	0.4760897159576416	0.4645754098892212	0.34107667207717896	0.3400854766368866	0.8506179451942444	0.12642884254455566	0.31812238693237305	0.5004351735115051	0.3636529743671417	0.4718063175678253	0.8710987567901611	0.6136323809623718	0.8529141545295715	0.4330425262451172	0.37301263213157654	0.4646773934364319	0.4888904094696045	0.40467554330825806	0.19905613362789154	0.9447756409645081	0.6971985101699829	0.3756589889526367	0.5487192869186401	0.8003013730049133	0.3229506313800812	0.6067942976951599	0.7160001993179321	0.6152231693267822	0.4229612648487091	0.4933749735355377	0.5291211605072021	0.7633315324783325	0.8449032306671143	0.5068482160568237	0.5313558578491211	0.3261893391609192	0.48921874165534973	0.05209024250507355	0.547754168510437	0.3188149034976959	0.5557456016540527	0.3112194240093231	0.6196818351745605	0.5757818818092346	0.6862126588821411	0.6143537759780884	0.9401552081108093	0.27508866786956787	0.39462804794311523	0.3818378150463104	0.9397076964378357	0.36651456356048584	0.4472903311252594	0.8312200903892517	0.4199749827384949	0.20987564325332642	0.2677246034145355	0.6568443179130554	0.3969346880912781	0.27028757333755493	1.0876264572143555	1.2527010440826416	0.6796550154685974	0.28961119055747986	0.820671796798706	0.25273317098617554	0.310585081577301	0.42891472578048706	0.5768437385559082	1.423804521560669	0.4357944130897522	0.35881417989730835	0.568100094795227	0.2559759020805359	0.7227566242218018	0.21298393607139587	0.5318737626075745	1.4298126697540283	1.721776008605957	1.1468956470489502	0.19041284918785095	0.5319604277610779	0.7070176601409912	1.3764876127243042	0.688299298286438	0.9128941297531128	0.3472343683242798	0.7740395665168762	1.1151703596115112	0.4239625036716461	0.7271515727043152	0.8408476710319519	0.2815956473350525	0.5936883687973022	0.33516883850097656	0.35106343030929565	0.49230360984802246	0.6910092234611511	0.8915634155273438	0.6442906260490417	0.49963176250457764	0.6023540496826172	0.2015541046857834	0.3033469617366791	0.8150513172149658	0.3263300657272339	0.40085190534591675	0.34763991832733154	1.3661713600158691	0.41425055265426636	0.35202541947364807	0.7671363353729248	1.0383354425430298	0.3598240613937378	0.35677191615104675	0.43350285291671753	0.4294273853302002	0.28016039729118347	0.6168437600135803	0.4527011513710022	0.13290011882781982	0.48123323917388916	0.5316881537437439	1.1514304876327515	0.42815661430358887	0.27937638759613037	0.2755255699157715	0.3147469758987427	0.48642027378082275	1.2169620990753174	0.43461164832115173	0.9034699201583862	0.2715943455696106	0.31832370162010193	0.6796419024467468	0.6633154153823853	1.2027777433395386	0.1644783616065979	0.29158028960227966	0.5635166764259338	0.37290000915527344	0.2654959261417389	0.7047051191329956	0.16411378979682922	0.4414944052696228	0.5156707167625427	0.4201754927635193	0.3434372544288635	0.40962982177734375	0.6129001379013062	0.6416817307472229	0.6272352337837219	0.2477874606847763	0.5843995213508606	0.7080549001693726	0.2547738254070282	0.5652115345001221	1.5387470722198486	0.3403526544570923	0.18049536645412445	0.5389249324798584	1.0149825811386108	0.35061973333358765	0.8465085625648499	0.6774866580963135	0.6563146710395813	0.659442663192749	0.08221539855003357	0.3095943033695221	0.1818198263645172	0.38901570439338684	0.14882402122020721	0.5313894748687744	0.7586061954498291	0.3761628270149231	0.9419482946395874	0.33192726969718933	0.5616390705108643	0.7440448999404907	0.3000102937221527	0.5704715251922607	0.6148360967636108	0.3660637438297272	0.4256247878074646	0.5488974452018738	0.30773016810417175	0.9487565755844116	0.41018328070640564	1.0779253244400024	0.34617674350738525	0.21280720829963684	0.6592422127723694	0.5205180048942566	0.46452128887176514	0.7801816463470459	0.4711155295372009	0.3571329414844513	0.4936694800853729	0.6394645571708679	0.3993476629257202	0.7782048583030701	0.321279913187027	0.6261610388755798	0.6206846833229065	0.4891292154788971	0.4646199941635132	0.5641425848007202	0.293652206659317	0.3630107045173645	0.6488351821899414	0.4984826147556305	0.4152333438396454	0.2804829478263855	0.7395652532577515	0.44567689299583435	0.5523771643638611	0.2064356803894043	0.5094879865646362	0.5549507737159729	0.5703970193862915	0.6056848168373108	0.6852549314498901	0.8897758722305298	0.5004516839981079	0.41146034002304077	1.4046002626419067	0.8775058388710022	0.32744401693344116	0.5038653016090393	0.4598334729671478	0.1491491049528122	0.24637433886528015	0.5220385789871216	0.39325857162475586	0.3843158185482025	0.25128281116485596	0.37987542152404785	0.600206732749939	0.3239392042160034	1.122356653213501	0.3863350749015808	0.47301337122917175	1.0428022146224976	0.5440739989280701	0.7894790172576904	0.6671203970909119	0.9104853868484497	0.1780993640422821	0.3297245502471924	0.9265519976615906	0.8170514106750488	0.5302396416664124	0.5238451957702637	0.9048506021499634	1.1036840677261353	0.38809913396835327	0.4377500116825104	0.2572751045227051	0.5740911960601807	0.5424617528915405	0.37340664863586426	0.3521370589733124	0.26526397466659546	0.6203697323799133	0.6271088719367981	0.5064319968223572	0.30360040068626404	1.1494566202163696	0.9420556426048279	1.569089651107788	0.7805930376052856	0.2790219485759735	0.7420356869697571	1.1068264245986938	0.5649182796478271	0.7504237294197083	0.6925332546234131	0.3441396951675415	0.4734707474708557	0.20401284098625183	0.5063125491142273	0.4507606327533722	0.3393996059894562	0.2971417307853699	0.5360449552536011	0.5415412783622742	0.3431829512119293	0.9362472295761108	0.42386168241500854	0.3066503405570984	0.23829039931297302	0.2081124186515808	0.26652243733406067	0.7053869366645813	0.4952210783958435	0.36377277970314026	0.890328049659729	0.7234849333763123	0.5226660966873169	0.4909226596355438	0.3572602868080139	0.43587982654571533	0.26933717727661133	1.4779438972473145	0.7399124503135681	0.4578271210193634	0.5359327793121338	0.3882938623428345	0.32873445749282837	0.8869748115539551	0.5280848741531372	0.6833327412605286	0.858634352684021	0.27447107434272766	1.0443594455718994	0.460940957069397	0.49165719747543335	0.2787417769432068	0.21659615635871887	1.0612545013427734	0.8427503108978271	0.3988998830318451	0.42260369658470154	0.4201744794845581	0.47168630361557007	0.24530503153800964	0.7326222062110901	0.3514823317527771	0.31263214349746704	0.3491309881210327	0.32570889592170715	0.46766531467437744	0.32306692004203796	0.08883001655340195	0.15703445672988892	0.5979673266410828	0.3182194232940674	0.44881847500801086	0.7277015447616577	0.15916118025779724	0.6403836607933044	0.3202875554561615	0.4622635245323181	0.642613410949707	0.324418306350708	0.8771318793296814	0.6698475480079651	0.5349076390266418	0.6397541761398315	0.85367351770401	0.7105246186256409	0.40978118777275085	0.40577182173728943	1.2705599069595337	0.46516963839530945	0.03308697044849396	0.8555828928947449	0.5859825015068054	0.4091990888118744	0.9318010807037354	1.0549272298812866	0.8721712827682495	0.35958537459373474	0.3908909559249878	0.2230720818042755	0.5622748136520386	0.43904438614845276	0.6506897211074829	0.775121808052063	0.527073323726654	0.8092216849327087	0.3819805085659027	0.45751702785491943	0.6899965405464172	0.14214108884334564	0.778775155544281	0.0	0.5501205921173096	0.6503284573554993	0.5213059782981873	0.3026195466518402	0.2366955727338791	0.5025721788406372	0.7073724865913391	0.9328888058662415	0.5644341707229614	0.46716398000717163	0.4238857924938202	0.6062332987785339	0.2676076292991638	0.23638780415058136	1.1845238208770752	0.2570377588272095	0.612351655960083	0.17166768014431	0.35045212507247925	0.6048344373703003	0.35880744457244873	0.4790968894958496	0.36554765701293945	0.1721833199262619	0.7607876062393188	0.37275418639183044	0.1954999417066574	0.42580288648605347	0.2891599237918854	0.32315129041671753	0.7121506929397583	0.5663042664527893	0.7096036076545715	0.5588175654411316	0.42479830980300903	0.49454134702682495	0.3715670704841614	0.6158705949783325	0.4034618139266968	0.5941490530967712	0.7339244484901428	0.9245195984840393	0.42513686418533325	0.5859265327453613	0.3180812895298004	0.10591621696949005	0.3488926291465759	0.8420402407646179	0.6034319996833801	0.44004982709884644	0.48009324073791504	0.6944240927696228	0.4398270547389984	0.23136399686336517	0.5898615121841431	0.6658398509025574	0.4091021716594696	0.4597403407096863	0.5094321370124817	0.15865658223628998	0.16538932919502258	0.719387948513031	0.4185163676738739	0.4183522164821625	0.16884304583072662	0.18893063068389893	0.25822898745536804	0.6325557231903076	0.37067699432373047	0.5255311727523804	0.3866676092147827	0.565396785736084	1.1337133646011353	0.9119155406951904	0.689363420009613	0.28184473514556885	0.34880340099334717	1.255672574043274	0.4282429814338684	0.4311409890651703	0.40071552991867065	0.13779744505882263	0.07060282677412033	0.6542110443115234	0.6362183094024658	0.12237389385700226	0.4828962981700897	0.2968873679637909	0.2624754011631012	0.6556936502456665	0.24850912392139435	0.3906438648700714	0.36494237184524536	0.6324158310890198	0.926006555557251	0.7001414895057678	0.3711404502391815	0.6120204329490662	0.21944135427474976	0.9294360280036926	0.9080833196640015	0.043057531118392944	0.22977229952812195	0.7217565178871155	0.486478328704834	0.3378114700317383	0.4663151502609253	0.7634772658348083	0.6505788564682007	0.3389889895915985	0.5956065058708191	0.39212146401405334	0.3458678126335144	0.39665883779525757	0.8985660672187805	0.6734383702278137	0.31038784980773926	0.5960164666175842	0.6589003205299377	0.6691535711288452	0.47973689436912537	0.39327406883239746	0.36051157116889954	0.3362828493118286	0.25526413321495056	0.5783489942550659	1.166666030883789	0.6709410548210144	1.097756028175354	0.15545052289962769	0.36775198578834534	0.19573399424552917	0.5589309930801392	0.7719992399215698	0.824611246585846	0.5786352753639221	0.597333550453186	0.2424626648426056	0.23324427008628845	0.5163788795471191	0.9352536797523499	0.5202677249908447	0.275264710187912	0.3217414319515228	0.276410311460495	0.12374062091112137	0.6936861276626587	0.3505793511867523	0.322542667388916	0.7784273624420166	0.636216938495636	1.0568633079528809	0.14183101058006287	0.26871997117996216	0.6037882566452026	0.26775163412094116	0.7799990773200989	0.6743935346603394	0.44368842244148254	0.9719831943511963	0.7779949903488159	0.2683051824569702	1.0148825645446777	0.7366343140602112	0.4048135280609131	0.2818436324596405	0.7731614708900452	0.7773072719573975	0.7936078310012817	0.6244412064552307	1.1124311685562134	0.690840482711792	0.7450062036514282	0.7494567036628723	0.604361891746521	0.46965572237968445	0.13156890869140625	0.6907367706298828	0.8753126859664917	0.5728816390037537	0.29097896814346313	0.1801856905221939	0.2754753828048706	0.6745425462722778	0.12253430485725403	0.519771933555603	0.5470684766769409	0.7016165256500244	0.6493441462516785	0.16649161279201508	0.3515132665634155	0.7309166789054871	0.5078823566436768	0.6122695207595825	0.46334654092788696	0.29206517338752747	0.4391058087348938	0.5157741904258728	0.4502790868282318	0.7142755389213562	0.5208500623703003	0.48036202788352966	0.4437029957771301	0.11210629343986511	0.17135480046272278	0.2852869927883148	1.056171178817749	0.2816927433013916	0.7198596596717834	1.365992546081543	1.1664842367172241	0.572163462638855	0.2334737330675125	0.5044771432876587	0.2298281341791153	0.17468653619289398	0.46679142117500305	0.20558075606822968	0.501481294631958	0.5136942863464355	0.11735589802265167	0.6301020979881287	0.7552827000617981	0.3768389821052551	0.44341543316841125	0.5532704591751099	0.6104495525360107	0.1100708469748497	0.2223079353570938	0.48641377687454224	0.6362460255622864	1.1548304557800293	0.5487165451049805	0.33862465620040894	0.49296680092811584	0.3768155574798584	0.23412123322486877	0.4239691495895386	0.7145398259162903	0.5058078765869141	0.9811993837356567	0.40198028087615967	0.6112877130508423	0.602012574672699	0.5035930275917053	0.22035431861877441	1.1773033142089844	0.70541912317276	0.24498865008354187	0.457951158285141	0.49097341299057007	0.8002657890319824	1.015652060508728	0.8680477142333984	0.34027305245399475	0.9737647771835327	0.5467166304588318	0.5435240864753723	0.8180288076400757	0.21553780138492584	0.5936628580093384	0.19678518176078796	0.2764824330806732	0.7202003598213196	0.11089374870061874	0.48136448860168457	0.6591325998306274	0.8664307594299316	0.3140004873275757	0.2282511442899704	0.512320876121521	0.578933596611023	0.5686560869216919	0.6567667126655579	0.9277999401092529	1.2771706581115723	0.6918473243713379	0.27961811423301697	0.4793829023838043	0.14050453901290894	0.3680979609489441	0.9190111756324768	0.31098809838294983	1.0955232381820679	0.6171146035194397	0.4330711364746094	0.6505532264709473	0.6449235081672668	0.6192548274993896	0.23886720836162567	0.5671965479850769	0.4357999265193939	0.4895501732826233	0.677516758441925	0.26584017276763916	0.43725037574768066	0.3228856921195984	0.6941441893577576	0.5653444528579712	0.4137849807739258	0.23682698607444763	0.4283122718334198	0.3835851848125458	0.42203521728515625	1.1028270721435547	0.5435384511947632	0.4611375033855438	0.6272114515304565	0.21023157238960266	0.21892786026000977	0.5040393471717834	0.27596965432167053	0.2156599462032318	0.3540635108947754	0.33333566784858704	0.4264475703239441	0.1320461928844452	0.34576642513275146	0.8130233883857727	0.5526533126831055	0.44396448135375977	0.5991976857185364	0.34332436323165894	0.5067615509033203	0.5554295778274536	0.4130033254623413	0.5355406999588013	0.39720219373703003	0.5811927318572998	0.34248781204223633	1.2036746740341187	1.0627435445785522	0.6617419719696045	0.7179938554763794	0.22754041850566864	0.4282088279724121	0.8804692029953003	0.3345460891723633	0.7590348124504089	0.16283047199249268	0.3628849387168884	0.43095457553863525	0.38515371084213257	0.3457322120666504	0.6141682863235474	0.6219398975372314	0.2389790117740631	1.2153733968734741	0.46471071243286133	0.2550983428955078	0.2369256317615509	0.28303056955337524	1.0806926488876343	0.42000284790992737	0.23524914681911469	0.6779604554176331	0.5700377821922302	0.2830418348312378	0.479408860206604	0.4786721467971802	0.229393869638443	0.3733978569507599	0.47364717721939087	0.4576665163040161	0.8268701434135437	0.4371793270111084	0.3029741048812866	0.08315214514732361	0.2560890316963196	0.3055106997489929	0.9319196939468384	0.48975348472595215	0.3791412115097046	0.6699773073196411	0.31263214349746704	0.49496784806251526	0.2412865161895752	0.5271992683410645	0.34597739577293396	0.26390594244003296	0.5885525345802307	1.052262544631958	0.5752524137496948	1.0791881084442139	0.4134679436683655	0.5722484588623047	0.32673928141593933	0.6340982913970947	0.29681065678596497	0.2961065173149109	0.28825318813323975	0.16419662535190582	0.4033068120479584	0.29031965136528015	0.3728190064430237	0.5551547408103943	0.3642108738422394	0.6991798281669617	0.6369794607162476	0.556597113609314	0.43376457691192627	0.8568305969238281	0.25855809450149536	0.4825632572174072	0.39495739340782166	0.571723461151123	0.8850017189979553	0.4312931001186371	0.5477944612503052	0.3997361660003662	0.28177541494369507	0.44859278202056885	0.5542104840278625	0.6088343262672424	0.27311769127845764	0.6583136320114136	0.6887618899345398	0.3124520480632782	1.2904201745986938	0.4954467713832855	0.3336954414844513	0.4437834620475769	0.5427232980728149	0.26171714067459106	1.0590890645980835	0.5420596599578857	0.5124202370643616	1.3607760667800903	1.194117784500122	0.35508447885513306	1.452125906944275	0.7739014029502869	0.43389633297920227	0.29082047939300537	0.410666286945343	0.3332047462463379	0.2963811755180359	0.13756340742111206	0.9223744869232178	0.6029248237609863	0.27628204226493835	0.6129268407821655	0.4355465769767761	0.3432452380657196	1.1634907722473145	0.16461530327796936	0.6240888833999634	0.23926834762096405	0.5620918869972229	0.37488147616386414	0.24486544728279114	0.3016626238822937	0.5330730676651001	0.7118784189224243	0.4098418354988098	0.33854836225509644	0.6627475619316101	0.3852074146270752	1.1084132194519043	0.47646182775497437	1.0201207399368286	0.3412303924560547	0.4341992139816284	0.4702860116958618	0.7160153388977051	1.0256391763687134	0.24769628047943115	0.7593902349472046	0.6207035779953003	0.48172426223754883	0.4260573983192444	0.6969936490058899	0.224873349070549	0.2544994652271271	0.4736795127391815	0.13339833915233612	0.38473206758499146	0.394665002822876	0.6426475644111633	0.8165106177330017	0.6859331130981445	0.837177574634552	0.8635217547416687	0.2772965431213379	0.9738436937332153	0.44253629446029663	0.26789623498916626	0.8136530518531799	0.37756016850471497	0.18916305899620056	0.4638865292072296	0.287691205739975	0.3706154525279999	0.5473052263259888	0.3302408456802368	0.25381940603256226	0.17208291590213776	0.18281903862953186	0.1951216161251068	0.9752439260482788	0.24147829413414001	0.3953265845775604	0.45396605134010315	0.364836186170578	0.4148867130279541	0.69073885679245	0.7416148781776428	0.7731671333312988	0.8088411092758179	0.18578208982944489	0.36938777565956116	0.36820369958877563	0.6278641223907471	0.22239463031291962	0.651253342628479	0.8265030384063721	0.20755308866500854	0.36115482449531555	0.18729019165039062	1.0516204833984375	0.04740508273243904	0.19087646901607513	0.9397611618041992	0.2502458989620209	0.2582399547100067	0.1718650609254837	0.5703367590904236	0.5519368648529053	0.5131750106811523	0.5127201080322266	0.2385229766368866	0.36803609132766724	0.4700363874435425	0.5833879113197327	0.33100634813308716	0.45951274037361145	0.4212537407875061	0.9092543125152588	0.4500027894973755	0.7299855947494507	0.6606781482696533	0.6229535341262817	0.08187207579612732	0.5694834589958191	0.2654683291912079	0.3561014235019684	0.16960828006267548	0.4367058575153351	0.2560083270072937	0.5701797604560852	0.5892567038536072	0.8188135027885437	0.9171246290206909	0.7961488962173462	0.7528872489929199	0.9213940501213074	0.3715345561504364	0.454376757144928	0.7156206369400024	0.6647201180458069	0.5667070150375366	0.8149726986885071	0.39275923371315	1.1335135698318481	0.45839694142341614	0.40090256929397583	0.47033852338790894	0.6577420234680176	1.1936092376708984	1.0587013959884644	0.4027186632156372	0.5592612028121948	0.8335252404212952	0.3651966154575348	0.3622618615627289	0.3740747272968292	0.27136772871017456	0.18139028549194336	0.472260981798172	0.15923328697681427	0.2683708369731903	0.801127016544342	0.5920585989952087	0.5831815004348755	0.5687567591667175	0.5403888821601868	0.2988796532154083	0.33666837215423584	0.29176169633865356	0.9586862325668335	0.2955716550350189	0.49198269844055176	0.2355012595653534	0.3776611089706421	0.5015084147453308	0.23938268423080444	0.1691959947347641	0.6223284602165222	0.38680073618888855	1.0537132024765015	0.19097933173179626	0.2828209698200226	0.737724244594574	0.5700968503952026	0.5741124749183655	0.7011204957962036	0.5749077796936035	0.968405544757843	0.0833948403596878	0.4808504581451416	0.8850254416465759	0.6775163412094116	0.43066930770874023	0.27650126814842224	0.48525214195251465	0.12217409163713455	0.336300790309906	0.7207813858985901	0.4864829480648041	0.5805836319923401	0.7537050247192383	0.7002811431884766	0.4695814251899719	0.3134957551956177	0.5654502511024475	0.16483677923679352	0.18747465312480927	0.1821802258491516	0.8159191608428955	1.0898596048355103	1.1862632036209106	0.7131134271621704	0.2208450734615326	0.5016348361968994	0.352553129196167	0.32132965326309204	0.6377391219139099	0.5837017297744751	0.36677464842796326	1.0034582614898682	0.6388409733772278	0.5909584760665894	0.854812502861023	0.39339151978492737	0.38263940811157227	0.16376522183418274	0.4471001625061035	0.43042969703674316	0.7533248066902161	0.3980623483657837	0.7639028429985046	0.4731854796409607	0.34936416149139404	0.7234436869621277	0.5162723064422607	0.5081267356872559	0.5893845558166504	0.8070282936096191	0.6839860677719116	0.49675658345222473	0.4718111455440521	0.08045625686645508	0.260156512260437	1.2127056121826172	0.8447074890136719	1.2312809228897095	0.3483388125896454	0.23615886270999908	0.502892792224884	0.5311571359634399	0.4668850302696228	0.37503206729888916	0.3855518698692322	0.59135901927948	0.6156559586524963	0.5748111605644226	0.5474169254302979	0.8121933341026306	0.7961488962173462	0.5301049947738647	0.22096002101898193	0.12448632717132568	0.3423374891281128	0.5970893502235413	0.704269289970398	0.928627610206604	0.24104079604148865	0.8876501321792603	0.6376397013664246	0.8303382992744446	0.6160933971405029	0.5817963480949402	0.30493050813674927	0.5602673292160034	0.798769474029541	0.5661558508872986	0.7521160840988159	0.37739691138267517	0.8270677924156189	0.3057168126106262	0.5090574026107788	1.1280004978179932	0.3694359064102173	0.221625417470932	0.6782070398330688	0.2941325604915619	0.20043271780014038	0.5609142184257507	0.41505223512649536	0.24194376170635223	0.36117708683013916	0.38689786195755005	0.22291533648967743	0.2535448670387268	0.472409725189209	0.11820807307958603	0.2276236116886139	0.9002434015274048	0.32946696877479553	0.8621896505355835	0.8247178196907043	0.8263407349586487	0.39948469400405884	0.8694866895675659	0.38673633337020874	0.849091112613678	0.37524324655532837	0.949227511882782	0.5675520300865173	0.6166711449623108	0.6819323301315308	0.3193276822566986	0.9040582180023193	0.4073462188243866	0.42436039447784424	0.8498467803001404	0.6700339317321777	0.762477457523346	0.7249088883399963	0.8328640460968018	0.8069518208503723	0.4005112946033478	0.6865924000740051	0.4401622712612152	0.11182848364114761	0.6404818892478943	0.5807259678840637	0.31590551137924194	0.30605772137641907	0.5935518741607666	0.2556864619255066	0.26818105578422546	0.7181153893470764	0.4831160604953766	0.6600610017776489	0.588717520236969	0.6743038296699524	0.2728123962879181	0.2366356998682022	0.34965816140174866	0.5629667043685913	0.1748046875	0.4279770851135254	0.2344655990600586	0.8392081260681152	0.11567990481853485	0.2663075029850006	0.6183246374130249	0.42154020071029663	0.5316755771636963	0.5439977049827576	0.7464061379432678	0.3005325198173523	0.7676703333854675	0.6796371936798096	0.4148186445236206	0.6194142699241638	0.3560154438018799	0.2736682891845703	0.8965349197387695	0.21020177006721497	0.5070359110832214	0.17785826325416565	0.6194154024124146	0.41382449865341187	0.2302474081516266	0.27352771162986755	0.4518623948097229	0.5034201145172119	0.40690886974334717	0.20893894135951996	0.9787899255752563	1.1534156799316406	0.6152772903442383	0.6672995090484619	0.6575006246566772	0.7677001953125	0.32882750034332275	0.22232726216316223	0.48909223079681396	0.4137389063835144	0.4498189687728882	0.15299199521541595	0.27324816584587097	0.667782723903656	0.5101826786994934	1.0931602716445923	0.9381239414215088	0.8884305357933044	0.324612557888031	0.6364520788192749	0.7639548778533936	0.6996347904205322	0.2178947776556015	0.5346955060958862	0.5920153260231018	0.5976525545120239	0.0354132279753685	0.4874627888202667	0.2425410896539688	0.6008109450340271	0.537337064743042	0.43957656621932983	0.49121376872062683	0.3321329951286316	0.42446157336235046	0.3050130009651184	0.7292918562889099	0.9281868934631348	1.0954030752182007	0.14976626634597778	1.4780433177947998	0.5727826356887817	0.2871280312538147	0.6463427543640137	0.2295951098203659	0.5102041959762573	0.3054948151111603	0.23164677619934082	0.44618383049964905	0.6819486618041992	0.9586578011512756	0.46712085604667664	0.4930769205093384	1.0149235725402832	0.2418270707130432	0.503042459487915	0.48894059658050537	0.4286539554595947	0.39891138672828674	0.29397186636924744	0.4880393445491791	0.22756783664226532	1.3885624408721924	0.34995409846305847	0.4662835896015167	0.9436824321746826	1.3658671379089355	0.3782135248184204	0.6320533156394958	0.508710503578186	0.8068802356719971	0.32246628403663635	0.48639288544654846	0.4526446461677551	0.44033974409103394	0.5626269578933716	0.46075913310050964	0.6243029832839966	1.262559413909912	0.45209217071533203	0.22586679458618164	0.2798219919204712	0.8262441754341125	0.4326152801513672	1.3096914291381836	0.2868613004684448	0.2766759991645813	0.37743327021598816	0.493202805519104	0.4324762523174286	0.3148230314254761	0.7167638540267944	0.5825521945953369	0.39490488171577454	0.5778854489326477	0.3710622489452362	1.0588583946228027	0.33685243129730225	0.3581821322441101	0.6030441522598267	0.6711121201515198	1.3819160461425781	0.2728520631790161	0.3003899157047272	0.22597873210906982	0.4435974657535553	0.42441606521606445	0.040717631578445435	0.7324330806732178	0.5465856790542603	0.45750707387924194	0.6039325594902039	0.7015714645385742	0.6554930210113525	0.020482290536165237	0.5991211533546448	0.49910369515419006	0.48175472021102905	0.5478833913803101	0.8963691592216492	0.3831500709056854	0.07685448229312897	0.26860469579696655	0.40623748302459717	0.7458645701408386	0.5117905139923096	0.44117480516433716	0.273832768201828	1.129402995109558	0.65251225233078	0.21320241689682007	0.55511075258255	0.41648343205451965	0.4060734212398529	0.6200937628746033	0.3464699387550354	0.36320099234580994	0.3378560245037079	0.19562794268131256	0.6139920353889465	0.2153453826904297	0.5289011597633362	1.3794549703598022	0.6511862277984619	0.3898742198944092	0.45338600873947144	0.9000879526138306	0.490997850894928	0.8354580402374268	1.1844823360443115	0.13445734977722168	0.49649229645729065	0.2678569555282593	0.818044900894165	0.38923949003219604	0.4145508408546448	0.7370923161506653	0.5763780474662781	0.5913792252540588	0.7394391894340515	0.30666565895080566	0.5934369564056396	0.24761401116847992	0.13650599122047424	0.571277379989624	0.17168378829956055	0.4419398307800293	0.7028882503509521	0.4379812180995941	0.20120221376419067	0.7398406863212585	0.12564004957675934	0.5316230654716492	0.6389822959899902	0.6880754232406616	0.35387447476387024	0.3908219337463379	0.40119603276252747	0.4596993327140808	0.4618350863456726	0.5362393260002136	0.4653424620628357	0.32554879784584045	0.31688985228538513	0.3574199378490448	0.2533247768878937	0.769067645072937	0.6486086845397949	0.474855899810791	0.8564212322235107	0.3314146399497986	0.5032152533531189	0.19707857072353363	0.25723060965538025	0.6074832081794739	0.3287768065929413	0.35072165727615356	0.6448526382446289	0.33543843030929565	0.38543543219566345	0.3262234330177307	0.6061160564422607	0.6235854029655457	0.7012417316436768	1.189121961593628	0.49960771203041077	1.0983937978744507	0.45624247193336487	0.30050623416900635	0.7998727560043335	0.32284271717071533	0.4323233366012573	0.6119409799575806	0.7071696519851685	0.9843530654907227	0.5344273447990417	0.6851755380630493	0.7805803418159485	0.14103448390960693	0.35558784008026123	0.7327723503112793	0.37644022703170776	0.9131289720535278	0.3592042028903961	0.3045254945755005	1.114230751991272	0.21015217900276184	0.37505853176116943	0.5647968649864197	0.5134100914001465	0.9053964018821716	0.3847377598285675	0.7385161519050598	0.3085978627204895	0.30609044432640076	0.718155026435852	0.7955482006072998	0.2977091670036316	0.24596664309501648	0.3765697181224823	0.12681607902050018	0.2559788227081299	0.30129486322402954	0.32835423946380615	0.5113813877105713	0.5360840559005737	0.3867263197898865	0.7087636590003967	0.1629703789949417	0.5316765904426575	0.7469013929367065	0.5288581252098083	0.7371137142181396	0.47134119272232056	0.5214980244636536	0.25529709458351135	0.8711621761322021	0.4551410973072052	0.5437409281730652	1.0260201692581177	0.4947637915611267	0.3375784754753113	0.4617885649204254	0.22268009185791016	0.2836957573890686	0.38234418630599976	0.28374722599983215	0.6231551766395569	0.45206308364868164	0.8616862297058105	0.4491744637489319	0.7027174234390259	0.5130532383918762	0.7362608909606934	0.7459057569503784	0.5882413387298584	0.45684149861335754	0.7416756749153137	0.2801709473133087	0.4644184410572052	0.512619137763977	0.5638669729232788	0.4985325038433075	0.7903598546981812	0.5165130496025085	0.2714398205280304	0.2896864116191864	0.33314305543899536	0.2693362832069397	0.1770196110010147	0.07738681137561798	0.90403813123703	0.6065620183944702	0.7968131303787231	0.28293076157569885	0.42918479442596436	0.5230215787887573	0.8014162182807922	0.4562179148197174	0.46460142731666565	0.22258475422859192	0.2705492675304413	0.35900381207466125	0.18723629415035248	0.7194393277168274	0.031024666503071785	0.29821670055389404	0.9347383379936218	0.19482092559337616	0.7305701375007629	0.21355369687080383	0.388359010219574	0.7741199731826782	0.20571130514144897	0.33704647421836853	0.7227992415428162	0.23822517693042755	1.3113259077072144	0.25863954424858093	0.7188072800636292	0.6832886338233948	0.1802358627319336	0.5620297789573669	0.7631322145462036	0.8480230569839478	1.235023021697998	0.25482749938964844	0.3428105115890503	0.4016212821006775	0.557243287563324	0.2587085962295532	0.7569217085838318	0.6250457167625427	0.41159510612487793	0.4412888288497925	0.8227100968360901	0.3380253314971924	0.4683252274990082	0.34295016527175903	1.4963568449020386	0.4712204039096832	0.2699437141418457	0.35011523962020874	0.6733022332191467	0.4608149230480194	0.11931254714727402	0.5212734341621399	0.7590243816375732	0.6342787146568298	0.8684918880462646	0.26439258456230164	0.7615426778793335	0.3788835108280182	0.6855511665344238	0.2593996226787567	0.5774519443511963	0.455595463514328	0.49648183584213257	0.43817052245140076	0.4695758521556854	0.17564955353736877	0.556054413318634	0.047397181391716	0.4305254817008972	0.4923807382583618	0.6851153373718262	0.5031229257583618	0.18643254041671753	0.4056146442890167	0.5941548347473145	0.22056227922439575	0.37326231598854065	0.2207551896572113	0.4115247428417206	0.10397708415985107	0.27740082144737244	0.7505139708518982	0.9771220684051514	0.3927921950817108	0.8800286054611206	0.421261727809906	0.2406311333179474	0.9963879585266113	0.25654172897338867	0.3938536047935486	0.4074835777282715	0.13842988014221191	0.7341335415840149	0.4068800210952759	0.646736741065979	0.890802264213562	0.4482911229133606	0.44509220123291016	0.27027761936187744	0.5355005860328674	0.4945632815361023	0.31561365723609924	0.20413479208946228	0.23281486332416534	0.4698888659477234	0.048553239554166794	0.4901241660118103	0.0838233232498169	0.5328125953674316	0.24019572138786316	0.12273409962654114	1.1826516389846802	0.5899601578712463	0.811950147151947	0.15209928154945374	0.6859973669052124	0.5286956429481506	0.5374288558959961	1.101840853691101	0.556972324848175	0.5396864414215088	0.10375779867172241	0.45808038115501404	0.2702491581439972	0.7505289316177368	0.9513705372810364	0.5252973437309265	0.5656400322914124	0.5621888041496277	0.6162287592887878	0.9924845695495605	0.33042025566101074	0.4947115182876587	0.5094497799873352	0.4084441661834717	0.28751683235168457	0.30855366587638855	0.650559663772583	0.8065674304962158	0.4754209816455841	0.4335997998714447	0.3947109580039978	0.1114526242017746	0.1653202921152115	0.5146023631095886	0.7958709001541138	0.46029314398765564	0.631122887134552	0.37528762221336365	0.37918880581855774	0.6819868683815002	0.42561227083206177	0.2491796612739563	0.3879287540912628	0.5689173936843872	0.515192449092865	0.4815686047077179	0.9251936078071594	0.2537672221660614	0.5087981224060059	0.7385425567626953	0.48519909381866455	0.21976736187934875	1.3304297924041748	0.49187129735946655	0.38113027811050415	0.2603287994861603	0.8160451650619507	0.6718764305114746	0.281749963760376	0.6190981268882751	0.5845261812210083	0.7441586256027222	0.2730550467967987	0.12574049830436707	0.6974586248397827	0.9680988788604736	0.9863904714584351	0.5452657341957092	0.17083407938480377	0.4409877061843872	0.3977956771850586	0.8278152942657471	0.16384881734848022	0.5061477422714233	0.6056264638900757	0.8210271596908569	0.5075920820236206	0.34101682901382446	0.37401098012924194	0.5766869187355042	0.6261752843856812	0.3042148947715759	0.42863529920578003	1.0789563655853271	0.9556840658187866	0.5099246501922607	0.06071653217077255	0.9959441423416138	0.6277961730957031	0.3371635973453522	0.3703387677669525	0.7015612125396729	0.5203557014465332	0.017073852941393852	0.44943249225616455	0.19631284475326538	0.6710096001625061	0.5296499133110046	0.19882327318191528	0.36587032675743103	0.542695164680481	0.2824269235134125	0.6522892117500305	0.5304707884788513	0.16519203782081604	0.6343667507171631	0.39247971773147583	0.7867498397827148	1.0595605373382568	0.12491720914840698	1.2133781909942627	0.7312809228897095	0.7739376425743103	0.3905363082885742	0.43095457553863525	0.5545563101768494	0.34209200739860535	0.4776259958744049	0.31709039211273193	0.7863694429397583	0.31622791290283203	0.14922714233398438	0.4817982316017151	0.1672770082950592	0.3746715188026428	0.38974565267562866	0.39655303955078125	0.8656701445579529	0.15806281566619873	0.35479849576950073	0.49878835678100586	0.3577898144721985	0.4291803240776062	0.4946226179599762	0.39124321937561035	0.5120095014572144	0.436143159866333	0.2767603397369385	0.1385246068239212	0.2975376844406128	0.2723270654678345	0.571042001247406	0.4054911732673645	0.4500371813774109	0.4032813310623169	0.8615110516548157	0.14979679882526398	0.6106746792793274	0.49717050790786743	0.2314823567867279	0.39452141523361206	0.7781938314437866	1.1204798221588135	0.4711853861808777	0.5240645408630371	0.5818374156951904	0.4510444402694702	0.39016300439834595	0.620220422744751	0.5404662489891052	0.5453810691833496	0.37467941641807556	0.39165449142456055	0.6726599335670471	0.7462952136993408	0.38310036063194275	0.042392149567604065	0.49327901005744934	0.24586038291454315	1.3359344005584717	0.7571778297424316	0.5379663109779358	0.17896734178066254	0.7112454175949097	0.5732544660568237	0.3898465037345886	0.7481673955917358	0.7018735408782959	0.4053068161010742	0.345094233751297	0.2563020884990692	0.6174784302711487	0.501977264881134	0.5695947408676147	0.2572695016860962	0.40822315216064453	0.28648558259010315	0.4746188819408417	0.4557177424430847	0.6851109266281128	0.40320563316345215	0.3233180046081543	0.4588649570941925	0.5630443692207336	0.3290136158466339	0.3081745505332947	0.7927283048629761	0.31623589992523193	0.6999855041503906	0.33437472581863403	0.18209025263786316	0.52442467212677	0.4897257685661316	0.4403080344200134	0.42665189504623413	0.28216496109962463	0.36090463399887085	0.5484045147895813	0.5913122892379761	0.28471794724464417	0.7384724020957947	0.6198092103004456	1.2152206897735596	0.22206825017929077	0.5573822855949402	0.4767281413078308	0.14737260341644287	0.321126788854599	0.4993076026439667	0.3277176022529602	0.15090766549110413	0.43546053767204285	0.4243926405906677	0.32578402757644653	0.8547310829162598	0.36891019344329834	1.4896198511123657	0.5761037468910217	0.16707326471805573	0.15372295677661896	0.21286800503730774	0.4273679852485657	0.749983549118042	0.5367406606674194	0.6855656504631042	0.4174557328224182	0.19929830729961395	1.4171016216278076	0.4084188938140869	0.4648119807243347	0.44129669666290283	0.28209686279296875	0.20834064483642578	0.6403215527534485	0.20850804448127747	0.9177284240722656	0.3533640503883362	0.569371223449707	0.3894754946231842	0.6922740936279297	0.9683837890625	0.34209367632865906	0.41588565707206726	0.2988452613353729	0.1423759162425995	0.30570080876350403	0.4817523658275604	0.38068509101867676	0.37400203943252563	0.7218113541603088	0.24882520735263824	0.6281736493110657	0.5083993673324585	0.8228700757026672	0.33176112174987793	0.4160681962966919	0.2774497866630554	0.5853487849235535	0.34822532534599304	0.5192516446113586	0.7192003130912781	0.50369793176651	0.5866619348526001	0.3473583459854126	0.09045927226543427	0.805963397026062	0.18512049317359924	1.0098607540130615	0.17776718735694885	0.3227194547653198	0.9388077855110168	0.4047706723213196	0.6817782521247864	0.4184228777885437	0.8798398971557617	0.15306918323040009	0.4817780554294586	0.5560102462768555	0.8512189388275146	0.8270988464355469	0.6134220957756042	0.37884312868118286	0.7480981349945068	1.100722074508667	0.6832706332206726	0.41861584782600403	0.8624933958053589	0.7604285478591919	0.353455126285553	0.3762817084789276	0.38070735335350037
0.5504945516586304	0.25244608521461487	0.4408160448074341	1.3872888088226318	0.06845823675394058	0.17863307893276215	0.082082100212574	0.383347749710083	1.0446034669876099	0.34295740723609924	0.485316663980484	0.781027615070343	0.9385196566581726	0.37070176005363464	0.08833444863557816	0.5104812979698181	0.9484217166900635	0.07867639511823654	0.7501124143600464	0.45781683921813965	0.5379512906074524	0.369203120470047	0.1592944860458374	0.07035277783870697	0.3128041923046112	0.26516473293304443	0.3222027122974396	1.0076360702514648	0.48474636673927307	0.5912832021713257	1.0763301849365234	0.5208360552787781	0.16627174615859985	0.6112382411956787	0.4249705374240875	0.2946670949459076	0.22627457976341248	0.2867554724216461	0.3722052276134491	0.09233121573925018	0.5448575615882874	0.08061470091342926	0.44195473194122314	0.5514895915985107	0.22625136375427246	1.0505638122558594	0.36175718903541565	0.7927670478820801	0.8916324377059937	1.3366034030914307	0.25411728024482727	0.528456449508667	0.09727483987808228	0.7516177892684937	0.5246819853782654	0.24961374700069427	0.8753088712692261	1.0258007049560547	0.6495732069015503	0.47203966975212097	0.26008617877960205	1.2763047218322754	0.9392111301422119	0.4261155128479004	0.3857800364494324	0.37362682819366455	0.8828211426734924	0.5708507895469666	0.1428106129169464	1.214964747428894	0.27683380246162415	0.26876819133758545	1.1902416944503784	1.7296611070632935	0.30478227138519287	0.4109860360622406	0.975584864616394	0.5289553999900818	1.0247597694396973	1.3349623680114746	0.8939677476882935	0.31084010004997253	0.36397233605384827	0.274556040763855	0.7465977072715759	0.6038345098495483	0.4685822129249573	0.9307432770729065	0.4507709741592407	0.3245445191860199	0.14978793263435364	0.635837197303772	0.2974936068058014	0.8336041569709778	0.2784265875816345	0.9864485859870911	0.4098035395145416	0.4002203345298767	0.5612119436264038	0.5947831273078918	1.0600230693817139	1.2436448335647583	0.5138434171676636	0.7266207337379456	0.7856996059417725	0.6668307781219482	0.3117988407611847	1.082223892211914	0.2929878830909729	0.5306968688964844	0.4738602638244629	1.3049219846725464	1.309417963027954	0.5909251570701599	0.7762233018875122	0.6374554634094238	0.2694048583507538	0.2569403648376465	1.4623091220855713	0.14093619585037231	0.9053730964660645	0.5054049491882324	1.0162928104400635	1.1416188478469849	1.1145333051681519	0.32837578654289246	0.1934642791748047	0.5123311281204224	0.907416045665741	0.486904114484787	0.3648896813392639	1.0704950094223022	0.33651071786880493	0.5412784218788147	0.5081372857093811	0.45257386565208435	0.33810555934906006	0.7381561994552612	0.5455321669578552	0.5352696180343628	0.4111105799674988	0.4246606230735779	0.0	0.4020955562591553	0.8569208979606628	0.14174127578735352	0.7205450534820557	0.061178967356681824	0.05809875577688217	0.6359173059463501	0.5570908188819885	0.3358444571495056	0.8530623912811279	0.459769606590271	0.36063721776008606	0.5452501177787781	0.23901143670082092	0.0467229001224041	0.23966646194458008	0.25023671984672546	0.6826640367507935	0.6116107702255249	0.7060491442680359	0.37593674659729004	0.1630571484565735	1.1872261762619019	0.9453573822975159	0.3909904360771179	0.19931071996688843	0.09828989207744598	0.4023609161376953	0.18858152627944946	0.4664779007434845	0.256656289100647	0.3367826044559479	0.22970515489578247	0.3558712899684906	1.1783798933029175	0.853967547416687	0.3358995318412781	0.41628289222717285	0.21375936269760132	0.6081765294075012	0.9095762968063354	0.6802101731300354	0.07364887744188309	0.34775039553642273	0.09371986985206604	0.9127601385116577	0.2896357476711273	0.42036664485931396	0.36048397421836853	0.6880984902381897	0.20763513445854187	0.30635857582092285	1.3937597274780273	0.03631214797496796	0.3380261957645416	0.06193456053733826	0.41515350341796875	0.4512832462787628	0.13009783625602722	0.17428487539291382	0.6324803829193115	1.4577481746673584	0.7144426703453064	0.30903345346450806	0.6281253695487976	0.023726701736450195	0.4460281431674957	0.0740279108285904	0.413659930229187	0.39340850710868835	0.9202796220779419	0.24474458396434784	0.36098772287368774	0.7565538287162781	0.6891413927078247	0.517634928226471	0.1925479918718338	0.3686748743057251	0.26666197180747986	0.5606434345245361	0.04443170875310898	0.1798272430896759	0.3754183351993561	0.3530811667442322	0.4043702781200409	0.3952872157096863	0.9589659571647644	0.28570297360420227	0.8428786396980286	0.19298899173736572	0.19195276498794556	0.8852370977401733	0.8445409536361694	0.12332161515951157	0.12553468346595764	0.021107442677021027	0.29300251603126526	0.5416187644004822	0.6293113827705383	0.09084248542785645	0.4316680133342743	0.5326319932937622	1.0251100063323975	0.7816146016120911	1.1507066488265991	0.2296178787946701	0.6293160915374756	0.5450750589370728	0.20592638850212097	1.1133567094802856	0.07347097247838974	0.3363965153694153	1.0267151594161987	1.422255277633667	1.257120132446289	0.002932964824140072	0.5009030103683472	1.1982002258300781	0.7265148758888245	0.4564227759838104	0.44182565808296204	0.007553079165518284	0.3681161403656006	0.8805838823318481	0.4334414601325989	0.45035073161125183	0.01990482583642006	0.9977222084999084	0.5243554711341858	0.0023760274052619934	0.5765347480773926	1.0097498893737793	0.24381010234355927	0.6377619504928589	1.2242404222488403	0.612675666809082	0.17138871550559998	0.46413302421569824	0.8065179586410522	0.7235714793205261	0.09431368857622147	0.7231042385101318	1.5578420162200928	0.18567709624767303	0.2972782254219055	1.2273826599121094	0.9530159831047058	0.6103963851928711	0.6028328537940979	0.25987911224365234	0.5485831499099731	0.2751801908016205	0.05278608202934265	1.2053790092468262	0.47528764605522156	0.6866013407707214	0.24355854094028473	0.015569860115647316	0.1712760478258133	0.41338711977005005	0.9059289693832397	0.9873102307319641	0.20421090722084045	1.151356816291809	0.28430160880088806	0.4376955032348633	0.49876487255096436	0.13316795229911804	0.30819058418273926	0.8268904685974121	1.1514921188354492	0.8151810169219971	0.21143899857997894	0.20959024131298065	0.02396092750132084	0.4515473246574402	0.23719176650047302	0.34803685545921326	0.4257291555404663	0.43720322847366333	0.5529588460922241	0.6132526397705078	0.5626353621482849	0.5622632503509521	0.9585702419281006	0.807502031326294	0.33081957697868347	1.1200907230377197	0.4400612413883209	0.21228060126304626	0.3700964152812958	0.4952690005302429	0.6675641536712646	0.5827699303627014	0.019578486680984497	0.8606461882591248	0.0779884085059166	0.1718587428331375	0.5710656046867371	0.4421829581260681	0.6793323159217834	0.4320599436759949	0.2514098584651947	0.8813448548316956	0.3142351508140564	0.24876366555690765	0.37696561217308044	0.7284836769104004	0.7525965571403503	0.5243818759918213	0.4561203420162201	0.9463748931884766	0.3673725128173828	0.30988219380378723	0.3319602608680725	0.22805127501487732	0.7065919637680054	0.14974135160446167	1.0161327123641968	0.24210941791534424	0.5461899042129517	0.4925338625907898	0.23698773980140686	0.9010304808616638	1.1811171770095825	0.5181799530982971	0.16673901677131653	0.46775731444358826	0.3727480471134186	0.7355335354804993	0.7537729740142822	0.47658729553222656	0.49401673674583435	0.16401368379592896	0.23989896476268768	0.1888120025396347	0.6461116075515747	0.22121287882328033	0.7276512384414673	0.7635803818702698	0.21062639355659485	0.48104220628738403	0.47673746943473816	0.6459357738494873	0.35225188732147217	0.010434754192829132	0.24196046590805054	0.43773865699768066	0.6334076523780823	0.20094990730285645	0.042958326637744904	0.940593957901001	0.5218771696090698	0.43688905239105225	0.37941181659698486	0.7057814002037048	0.7438220381736755	0.6326903700828552	0.6445245742797852	0.15467602014541626	0.6424307823181152	0.21904639899730682	0.5174822807312012	0.9104215502738953	0.12273077666759491	0.370247483253479	0.33857595920562744	0.2872941493988037	0.018335219472646713	0.933380663394928	0.07614375650882721	0.5814306735992432	0.4805305600166321	0.40405797958374023	1.195902943611145	0.8378342390060425	0.15095724165439606	0.6425861120223999	0.987692654132843	0.6351271271705627	0.45600706338882446	0.5948015451431274	0.21363985538482666	0.7084553837776184	1.1310266256332397	0.2919941842556	0.7787098288536072	0.8999156951904297	0.9356176853179932	0.5022521615028381	0.4272705316543579	0.16719260811805725	0.5151371359825134	0.6068927645683289	0.30624544620513916	0.5435481071472168	0.5393965244293213	0.736548125743866	1.5511418581008911	1.3666799068450928	0.696915328502655	0.31454524397850037	0.3481364846229553	0.18614791333675385	0.5490283370018005	0.36850717663764954	0.4382731318473816	0.4050283432006836	0.38464027643203735	0.04216465353965759	0.9126596450805664	0.09729702770709991	0.42180556058883667	0.16374878585338593	0.43834125995635986	0.019078152254223824	0.8921242952346802	0.48975270986557007	0.43811431527137756	0.4682549834251404	0.7046250104904175	1.0117316246032715	0.32026273012161255	0.7580333948135376	0.5623653531074524	0.04611395299434662	0.33263099193573	0.8897751569747925	0.7183811068534851	0.4581858515739441	0.6400423049926758	0.14233213663101196	0.1981811821460724	0.8453532457351685	1.3459864854812622	0.4021448493003845	0.41730132699012756	0.5629193186759949	0.22151240706443787	1.0516234636306763	1.1001042127609253	0.011881783604621887	1.1575149297714233	0.6056118607521057	1.453844666481018	0.4723994731903076	0.5018697381019592	0.3530140519142151	0.38981130719184875	1.2474216222763062	0.8434647917747498	0.7451095581054688	0.5251553058624268	0.43721234798431396	0.6004725694656372	0.2038203775882721	0.6392187476158142	0.0786561667919159	0.6476888656616211	0.04112818464636803	0.5104085206985474	0.46835246682167053	0.4003148078918457	0.7555198073387146	0.16688887774944305	0.3600177466869354	0.30856090784072876	0.2215631753206253	0.3718603253364563	0.14070644974708557	0.45338380336761475	0.3612114489078522	0.2784510850906372	0.30374273657798767	0.7113229632377625	0.42170387506484985	0.7518020272254944	0.5187518000602722	1.442394733428955	0.3891269862651825	0.31803327798843384	0.35116344690322876	0.3213537931442261	0.11748145520687103	1.2610353231430054	0.2723119854927063	0.19788086414337158	0.6428326368331909	0.22079017758369446	0.7570229172706604	0.5788418054580688	0.39847463369369507	0.19364389777183533	0.5196051001548767	0.7109674215316772	0.5148966312408447	0.3030363619327545	0.25986525416374207	1.0259246826171875	0.9247469902038574	0.1119249165058136	0.39743730425834656	0.8849273920059204	0.8419024348258972	0.33696237206459045	0.12594014406204224	0.05655470862984657	0.6019061803817749	0.9047268629074097	0.29677677154541016	0.1329922378063202	0.5932120084762573	0.3195740878582001	0.578874945640564	1.1578025817871094	0.5699275135993958	0.39592239260673523	0.5072836875915527	0.48860859870910645	0.47629237174987793	0.11791481822729111	0.9926258325576782	0.15369363129138947	0.4447190463542938	0.2505573630332947	0.35651683807373047	0.32213088870048523	0.0	1.2842215299606323	0.6086345314979553	0.5495482683181763	0.6901890635490417	0.33608391880989075	0.11583543568849564	0.2755560576915741	0.16488316655158997	0.40622419118881226	0.9530000686645508	0.7121567726135254	0.596835732460022	0.8404461741447449	0.5920495390892029	0.4536339342594147	0.37234628200531006	0.6411756873130798	0.207438662648201	0.26828035712242126	0.5279606580734253	0.672877848148346	0.7625359892845154	0.2735670804977417	0.7978689074516296	0.1123504564166069	0.5995520353317261	0.8168930411338806	0.37315866351127625	0.475035160779953	0.11594924330711365	1.721710205078125	0.2896031439304352	0.6771026849746704	1.0118494033813477	1.0228416919708252	0.21507224440574646	0.555280864238739	1.1310174465179443	0.4919719696044922	0.2693367600440979	0.5584726333618164	0.7524575591087341	0.1358080357313156	0.5942344665527344	0.4231276512145996	0.13968545198440552	0.29160892963409424	0.5984910130500793	0.29457297921180725	0.40772828459739685	0.42724645137786865	0.5814103484153748	0.6247279047966003	0.29239675402641296	0.3133549690246582	0.9762047529220581	0.7214788794517517	0.1479141116142273	0.627246081829071	0.28242170810699463	0.11981052160263062	0.17462795972824097	1.0127661228179932	0.155748650431633	0.3980952501296997	1.185584545135498	0.6964895129203796	0.17166222631931305	0.40189576148986816	0.6468958854675293	0.5220634341239929	0.4856221079826355	0.38898807764053345	0.5636751651763916	0.29926759004592896	0.3964630365371704	0.6484233140945435	0.7648144960403442	1.4666345119476318	0.8693729639053345	0.46862730383872986	0.20317988097667694	0.2088315337896347	0.37034839391708374	0.33212393522262573	0.16710598766803741	0.2533426582813263	0.47802579402923584	0.5193437933921814	0.45736509561538696	0.7236377000808716	0.6065337061882019	0.7429624795913696	0.47772255539894104	0.7962177991867065	0.6023496985435486	0.92144775390625	0.10461369156837463	0.6212579607963562	0.552421510219574	0.3534158766269684	0.2138841152191162	0.9234122037887573	0.377072274684906	0.008283319883048534	1.4568686485290527	0.21786820888519287	0.9098407030105591	0.1886797994375229	0.6155062913894653	0.7519623041152954	0.9267492890357971	0.3063235282897949	0.20033854246139526	0.5131286382675171	0.8687607049942017	0.8935219645500183	1.0885283946990967	0.5199398994445801	0.25997477769851685	0.5070706605911255	1.1154040098190308	0.5935279726982117	0.17376132309436798	0.317792683839798	0.19233183562755585	0.4579765498638153	0.5001605153083801	0.8432325720787048	0.625495195388794	0.4298834502696991	0.8126382827758789	0.4341314435005188	0.4195680022239685	0.24272678792476654	0.053751930594444275	0.8655635118484497	0.3230851888656616	0.8942050933837891	0.04962414503097534	0.9610576629638672	0.5902473330497742	0.7857511043548584	0.11951093375682831	0.7002772688865662	1.1695420742034912	0.9997283816337585	0.4283413589000702	0.7066783905029297	0.5192545652389526	0.9546495676040649	1.028485655784607	0.37586402893066406	0.5617097020149231	0.23607760667800903	0.5741790533065796	1.4163484573364258	1.0742082595825195	0.4243384003639221	0.24220490455627441	0.09395241737365723	0.5265184640884399	0.9087623357772827	0.8126709461212158	0.17082978785037994	0.22761332988739014	0.0	0.25633981823921204	0.28045785427093506	0.5650840997695923	0.9858908653259277	0.1309168040752411	0.2532345652580261	0.12288842350244522	0.6482194066047668	0.460203617811203	0.598956286907196	0.6196647882461548	0.9610679149627686	0.8095012903213501	0.13730458915233612	0.38496071100234985	0.15944388508796692	0.26417458057403564	0.2999041676521301	0.4840649664402008	0.5103143453598022	0.2621352970600128	0.7823172211647034	0.4918465316295624	0.237403005361557	0.08033271133899689	0.5803181529045105	0.2660957872867584	0.31336289644241333	0.6627144813537598	0.5093188881874084	0.5016777515411377	0.34623008966445923	0.25975462794303894	0.05664161965250969	1.0923384428024292	0.24470558762550354	0.6800398230552673	1.525398850440979	1.279468059539795	0.27360835671424866	0.17272843420505524	0.4258729815483093	0.9215196371078491	0.6517519950866699	0.429730623960495	0.4566653370857239	0.7430069446563721	0.7039492130279541	0.36697372794151306	0.19143447279930115	0.4682231843471527	0.46712854504585266	0.23755796253681183	0.5083609223365784	0.5073778629302979	0.522689163684845	0.4783540666103363	0.45234614610671997	1.4249444007873535	0.7907628417015076	0.1698632389307022	0.17652985453605652	0.4986407458782196	0.5891825556755066	0.28196004033088684	1.3709479570388794	0.6214574575424194	1.0618318319320679	0.8797316551208496	0.08967270702123642	0.04874369874596596	0.2725389003753662	0.7442294359207153	0.4678296446800232	0.41831666231155396	0.2508121132850647	0.22145497798919678	0.43014803528785706	0.8041715025901794	0.18541187047958374	0.04139953479170799	0.2882426977157593	0.50517338514328	0.3849440813064575	0.36154666543006897	1.0234363079071045	0.6560717225074768	0.807784378528595	0.536430835723877	0.4192032217979431	0.12429536134004593	0.2658206820487976	0.6734999418258667	0.419956773519516	1.1112878322601318	0.5409493446350098	0.4535767734050751	0.1874871551990509	0.9517501592636108	0.5023459792137146	0.5913825631141663	0.5859694480895996	0.2832983434200287	0.27437296509742737	0.06948898732662201	0.36987361311912537	0.03177754208445549	0.5817460417747498	0.3760923445224762	0.29343754053115845	1.0748467445373535	0.9489599466323853	0.5807669162750244	0.3005552887916565	0.8180392980575562	0.29650887846946716	0.9377208948135376	0.35900020599365234	0.2897576093673706	0.8732126355171204	0.7386935353279114	0.1888374537229538	0.1465126872062683	0.2769165635108948	0.23903663456439972	1.1134703159332275	0.5064691305160522	0.6078253984451294	0.48687297105789185	0.4384497404098511	0.4488201141357422	0.2938823103904724	0.33469513058662415	0.7960101366043091	0.4887734055519104	0.950934648513794	0.8365272283554077	0.38433781266212463	0.5988139510154724	0.3996985852718353	0.2394724041223526	0.6416168212890625	0.40334391593933105	0.4290305972099304	0.2574376165866852	0.9377535581588745	0.52419513463974	0.9877904057502747	0.8903212547302246	0.3510304391384125	0.7071123719215393	0.32766246795654297	0.7163646221160889	0.4500123858451843	0.1909206062555313	0.36311307549476624	0.25260141491889954	0.9146554470062256	0.29801425337791443	0.4619484543800354	0.2694441080093384	0.7232206463813782	1.2162511348724365	0.452713280916214	1.6341683864593506	0.9244484901428223	0.6604431867599487	0.09762497991323471	0.3787505626678467	0.734432578086853	0.5982973575592041	0.6747184991836548	0.018457449972629547	0.29796332120895386	0.3610549569129944	0.5809406638145447	1.0132650136947632	0.6333475112915039	0.6147410273551941	0.07849317789077759	0.5159541964530945	0.7835938334465027	0.3554954528808594	0.07224990427494049	0.018707770854234695	0.07963350415229797	0.471364825963974	0.4519014358520508	0.33034247159957886	0.8437851667404175	0.29683640599250793	0.7059179544448853	0.7314449548721313	0.07975079119205475	0.7548127174377441	0.5054122805595398	0.4150259494781494	0.49436286091804504	0.2995157539844513	0.39416587352752686	0.5394132137298584	0.3527824878692627	0.3494758903980255	0.5793337821960449	0.5238908529281616	0.31566882133483887	0.09940087050199509	0.6052946448326111	0.34750980138778687	0.5086601376533508	0.4704087972640991	0.5774428844451904	1.0697256326675415	1.2672605514526367	0.09001168608665466	0.386234849691391	0.30247756838798523	0.6105814576148987	0.40590932965278625	0.25692155957221985	0.22410888969898224	0.17747002840042114	0.41391080617904663	0.6636325716972351	0.8740454912185669	0.755774199962616	0.22706155478954315	0.9282016158103943	1.0058659315109253	0.4398093521595001	0.21713072061538696	0.8029537200927734	0.15395402908325195	0.6130881309509277	0.37576308846473694	0.4655434191226959	1.2357616424560547	1.1507534980773926	0.9998777508735657	0.10067912936210632	0.8851388692855835	0.3664185702800751	0.2512170374393463	1.429323434829712	0.16930431127548218	0.4742271602153778	0.17070075869560242	0.5167465806007385	0.5758691430091858	1.0633808374404907	0.5869445204734802	0.1660761535167694	0.44651687145233154	0.7822174429893494	1.0356533527374268	0.744847297668457	0.5447709560394287	0.621033251285553	0.7408337593078613	0.21582825481891632	0.32422491908073425	0.6077449917793274	0.31222423911094666	0.37020236253738403	0.7440303564071655	0.36558401584625244	0.623413622379303	0.156208336353302	0.9828596711158752	0.33826327323913574	1.0669792890548706	0.49171432852745056	0.06219260394573212	0.2830548882484436	0.10348851978778839	0.22464808821678162	0.4868728518486023	0.1377914845943451	0.34814518690109253	0.13826805353164673	0.47884103655815125	0.804785966873169	0.43512552976608276	0.8747652769088745	0.4586164951324463	0.37459346652030945	0.7796070575714111	0.6130695343017578	0.36521148681640625	0.7142566442489624	0.48341861367225647	0.5933454632759094	0.23938621580600739	0.564507782459259	0.7116976976394653	0.9853452444076538	0.7755692005157471	1.0519909858703613	0.3716638386249542	0.19363310933113098	0.7218202948570251	0.3019929826259613	0.4741932153701782	0.39357680082321167	0.8499050140380859	0.9474677443504333	0.20570343732833862	1.2338225841522217	0.6646656394004822	0.41071146726608276	0.21553035080432892	0.5784791111946106	0.11137957870960236	0.03701164573431015	0.7375888824462891	0.33670955896377563	0.425402969121933	0.7366704940795898	0.3109588325023651	0.800430178642273	0.09169124811887741	0.40855270624160767	0.34076493978500366	0.5285047292709351	0.7305805683135986	0.3320910632610321	0.5610923171043396	0.37570932507514954	0.0447409525513649	0.7668588161468506	0.1453816443681717	0.8966655135154724	0.048722926527261734	0.09716743975877762	0.6877980828285217	0.40448492765426636	0.5803011059761047	0.034536492079496384	0.4366565942764282	0.3532421588897705	0.8149831295013428	0.33339935541152954	0.24200034141540527	1.1427887678146362	0.261025071144104	0.37037762999534607	0.05205401033163071	0.4552673101425171	0.184376522898674	1.3375723361968994	0.004175451118499041	0.8012309074401855	0.8744543790817261	1.0317302942276	0.2861817479133606	0.6091243028640747	0.20190255343914032	0.17619913816452026	0.24528641998767853	1.3341429233551025	0.47190696001052856	0.7346616387367249	1.039753794670105	0.44179651141166687	0.45105019211769104	1.5478003025054932	1.1404669284820557	0.651354193687439	0.7311679720878601	0.7324532866477966	1.330365538597107	0.10355167835950851	0.8848974704742432	0.40592747926712036	0.22198909521102905	0.920397162437439	0.3824648857116699	0.9407802820205688	0.2263590693473816	0.7192102074623108	1.4634267091751099	0.7177832722663879	1.158442735671997	0.7997739315032959	0.5755754113197327	0.5247583389282227	0.7423186898231506	0.33196720480918884	0.6462140679359436	0.11781477928161621	0.7396754622459412	0.08221084624528885	0.3672921359539032	0.7221533060073853	0.014315685257315636	0.3319254219532013	0.26922330260276794	0.32234546542167664	0.06413641571998596	0.14950311183929443	0.1787702739238739	0.669829785823822	0.3029337227344513	0.414122074842453	0.23877939581871033	0.2725546360015869	0.4411070644855499	0.14580310881137848	0.49179646372795105	0.8512800931930542	0.2657047510147095	0.7746997475624084	0.5899314284324646	0.587731122970581	0.3751004636287689	0.5186137557029724	0.4703156650066376	0.3170279264450073	0.6997169852256775	0.24832838773727417	1.1749744415283203	0.6583267450332642	0.4347163438796997	0.8538645505905151	0.14632061123847961	0.3840000629425049	0.04998686909675598	1.167274832725525	0.9210622310638428	0.6170876622200012	1.2021678686141968	0.0	0.3658844828605652	0.9667609333992004	0.25651389360427856	0.4703478217124939	0.8057085275650024	0.8892123699188232	0.2188909649848938	0.2952505648136139	1.130372405052185	1.039640188217163	1.0201866626739502	0.5604483485221863	0.3260653018951416	0.14990544319152832	0.4437325596809387	0.6451101899147034	0.8722624778747559	1.008693814277649	0.2689809203147888	0.7602472901344299	1.2003480195999146	0.19368648529052734	0.7185066938400269	0.2451155036687851	0.2523868680000305	0.23016655445098877	0.23545682430267334	0.33118340373039246	0.9926937818527222	0.49633675813674927	0.37489014863967896	0.40863749384880066	0.43583816289901733	0.3947174847126007	0.17511069774627686	0.1662726253271103	0.5818577408790588	0.7824205756187439	0.4042622447013855	0.6383510231971741	0.1341330111026764	0.735353946685791	0.35814595222473145	0.5170141458511353	1.0869593620300293	0.3531031012535095	0.5271154642105103	0.6671671271324158	0.17679359018802643	0.5254157185554504	0.607769250869751	0.5985326170921326	0.3194342851638794	0.6666973829269409	1.016568660736084	0.40072277188301086	0.33849117159843445	0.8619587421417236	0.8179022669792175	0.9854841232299805	0.43315431475639343	0.007411026395857334	0.5787956118583679	0.18935267627239227	1.0601277351379395	0.1972089409828186	0.4467615783214569	0.9575390815734863	0.9627468585968018	1.009574294090271	0.7972511053085327	0.21947753429412842	0.1308167576789856	0.2994675636291504	0.11965671181678772	0.7193849682807922	0.315975546836853	0.10896617919206619	0.8338497877120972	0.7238350510597229	0.8159247040748596	0.2657807767391205	0.23623745143413544	0.21974822878837585	1.0066440105438232	0.3471733629703522	0.5148120522499084	0.7739133834838867	0.5778241157531738	0.3345907926559448	0.5677028298377991	0.981358528137207	0.7868686318397522	0.2343520224094391	0.37021803855895996	0.4052669107913971	0.06088000163435936	0.07251006364822388	0.28313520550727844	0.7576344609260559	0.2814350128173828	0.6028319597244263	0.34217655658721924	0.36278149485588074	0.10863344371318817	1.0366929769515991	0.40980061888694763	0.350978285074234	0.5481621026992798	0.3553498685359955	0.6087037324905396	0.5200755596160889	0.9594811201095581	0.4805101156234741	0.36825549602508545	0.2174716293811798	0.07818722724914551	0.07822047919034958	0.7727934122085571	0.6981613039970398	0.3215448260307312	0.5316862463951111	0.49440622329711914	0.3722159266471863	0.7095881700515747	0.5361128449440002	0.3012412190437317	0.3530353903770447	0.6227259635925293	0.526100754737854	0.1451796293258667	0.14555801451206207	0.4306665360927582	0.6014689207077026	0.2924325168132782	0.6524093151092529	0.3253193795681	0.2863413989543915	0.24164706468582153	0.03449099138379097	1.3134958744049072	0.7188051342964172	0.42955395579338074	1.0792081356048584	0.7688899636268616	0.3736889064311981	0.20040415227413177	0.16711048781871796	0.454069048166275	0.03487627953290939	0.3766568601131439	0.38410064578056335	0.887998104095459	0.4179985523223877	0.5622576475143433	0.6893845796585083	0.5360243916511536	0.07902246713638306	0.3782497048377991	0.8074344992637634	0.06882821023464203	0.540846049785614	0.0	0.45276814699172974	0.058662235736846924	0.1420654058456421	0.5209237933158875	0.5754043459892273	0.013554856181144714	0.42207375168800354	0.23467156291007996	0.682849645614624	0.030881553888320923	0.23055018484592438	0.23497635126113892	0.9192880392074585	0.7359030246734619	0.047043778002262115	0.007292056456208229	0.3201518952846527	0.41623592376708984	0.5588639378547668	0.4269949793815613	0.40922605991363525	0.6551349759101868	0.353559285402298	0.6824657917022705	0.31231990456581116	0.9307610392570496	0.5186004638671875	0.2979896664619446	0.055708084255456924	0.8483739495277405	0.7853536605834961	0.14361439645290375	0.5077125430107117	0.7163991928100586	0.10061176121234894	0.44373711943626404	0.4613873362541199	0.5508649349212646	0.6506344079971313	0.39575785398483276	1.0869091749191284	0.7263378500938416	0.47747114300727844	0.29491567611694336	1.027572751045227	1.0342085361480713	0.8657611608505249	0.3142634630203247	0.6211758255958557	0.17837774753570557	7.922202348709106e-05	0.4375406801700592	0.3357028365135193	0.625013530254364	0.9779426455497742	0.4370482563972473	0.19040332734584808	0.6392937302589417	0.866575300693512	0.3127707540988922	0.5559236407279968	1.1909812688827515	0.19053620100021362	0.5213326811790466	0.4578355550765991	0.4497273564338684	0.7042165994644165	1.2491008043289185	0.3339862525463104	0.28778812289237976	0.6696993112564087	0.25443676114082336	0.42641955614089966	0.8036486506462097	1.3705893754959106	0.40669113397598267	0.7170219421386719	0.11788105219602585	0.6476235389709473	0.21810340881347656	1.1994221210479736	0.838179349899292	0.8186177015304565	0.3047564625740051	0.23558774590492249	0.8356214165687561	1.3644496202468872	0.21085809171199799	0.510631263256073	0.5783178806304932	0.2794400155544281	0.9092006683349609	0.8934676051139832	0.21921014785766602	0.8635191917419434	0.4892192780971527	0.4974001944065094	1.0665702819824219	0.23957224190235138	0.4865477979183197	0.5220127105712891	0.7104744911193848	0.5236689448356628	0.0334819033741951	0.062317319214344025	0.7917062640190125	0.1979295015335083	0.9899784326553345	0.26981237530708313	1.2730401754379272	0.3029346466064453	1.2490994930267334	0.36214810609817505	0.5141696929931641	0.40106725692749023	0.6158905625343323	1.0860964059829712	0.2791287302970886	0.861365556716919	0.735669732093811	0.2672976851463318	0.4743477702140808	0.016168855130672455	0.125071182847023	0.16466116905212402	1.2618874311447144	0.6902502179145813	0.15370362997055054	0.4387260675430298	0.026171183213591576	0.3167315721511841	0.08602894842624664	0.44662660360336304	0.45609068870544434	0.23500047624111176	0.14508885145187378	0.22071266174316406	0.7366119027137756	0.5897408127784729	0.4220500588417053	0.3279952108860016	0.3305230736732483	0.8327193260192871	0.7459530830383301	0.8082323670387268	0.8394281268119812	0.597375214099884	0.4823872447013855	0.3332001566886902	1.325378656387329	1.0715305805206299	0.5240746140480042	0.29212719202041626	0.36919674277305603	1.4808844327926636	0.007108274847269058	0.6476142406463623	0.5073891878128052	0.042373087257146835	0.3697422444820404	0.5697654485702515	0.3908596336841583	0.589095950126648	0.6228851079940796	0.9082112312316895	0.36242246627807617	0.23772670328617096	0.5880889296531677	0.8705117702484131	1.0310096740722656	0.5781404972076416	0.2428176999092102	1.3424314260482788	0.4279443323612213	0.5247499942779541	1.2142634391784668	1.1173959970474243	0.17373555898666382	0.30008020997047424	0.7930105924606323	0.2611258924007416	0.5770338773727417	0.6788684129714966	0.9127331376075745	0.43179312348365784	0.5424301624298096	0.28518080711364746	0.17219561338424683	0.08676774054765701	0.928650438785553	0.43455028533935547	0.5438665747642517	0.4490814805030823	0.3874072730541229	0.5606750249862671	0.45145782828330994	0.0	0.4026518762111664	1.0111980438232422	0.30858680605888367	0.8161635994911194	0.19802017509937286	0.6577876806259155	0.03178483620285988	0.1156228631734848	0.11408129334449768	0.3634500801563263	0.0	1.0502028465270996	0.0	0.9229639768600464	0.8446250557899475	0.45924869179725647	0.4964457154273987	0.016568368300795555	0.24364100396633148	0.31819403171539307	0.6686326265335083	0.45948725938796997	0.5496299266815186	0.7209362387657166	0.3006003499031067	0.38378652930259705	0.21025416254997253	0.38649022579193115	0.6312463879585266	0.8513447046279907	1.1471421718597412	0.790989875793457	0.4192993640899658	1.0756109952926636	0.23105674982070923	0.28853079676628113	0.2610124349594116	0.3233321011066437	0.702507734298706	0.29992422461509705	0.41001665592193604	1.348337173461914	0.11230815201997757	0.26714053750038147	0.38180580735206604	0.48018789291381836	1.229051947593689	0.9469195008277893	0.22002269327640533	0.437595397233963	0.14391380548477173	0.6197400689125061	0.393391877412796	0.9409005045890808	0.6313171982765198	0.06674365699291229	0.8368531465530396	0.7454522848129272	0.5781470537185669	0.11974793672561646	0.30926403403282166	0.7681111097335815	0.6644562482833862	1.2609609365463257	0.5761321783065796	0.45712459087371826	0.16321691870689392	0.36945876479148865	0.6666884422302246	0.28061771392822266	1.1911731958389282	0.3307742178440094	0.03108447790145874	0.3167705237865448	0.3759905695915222	0.7235646843910217	0.055526360869407654	0.23829717934131622	0.6852414011955261	1.0466047525405884	0.7522891759872437	1.1288228034973145	0.49718767404556274	0.603122353553772	0.3296935558319092	1.0380662679672241	0.9376996755599976	1.3057411909103394	0.0488847978413105	0.14817765355110168	0.11048638075590134	0.21245890855789185	0.6741398572921753	0.9996322989463806	0.46529069542884827	0.19598238170146942	0.4599546790122986	0.6018843054771423	1.2096824645996094	0.20942407846450806	0.48962223529815674	0.3425457775592804	0.14041723310947418	0.37390998005867004	0.39677873253822327	0.49194735288619995	1.08805251121521	0.49241429567337036	0.7288176417350769	0.6647805571556091	0.228782519698143	0.12470913678407669	0.2700786888599396	0.6614169478416443	0.15466639399528503	0.5478021502494812	0.2524232864379883	0.5971908569335938	0.9192898869514465	0.1331140697002411	0.9562770128250122	0.8256953954696655	0.19835084676742554	0.7653472423553467	0.11626341938972473	0.6545509696006775	0.2186802327632904	0.1931140124797821	1.7627629041671753	0.4050726294517517	0.6996298432350159	0.7677908539772034	1.3341747522354126	0.32532086968421936	0.4397277235984802	0.6093424558639526	1.3003435134887695	0.14173270761966705	0.3340989351272583	0.4283822178840637	0.17676079273223877	0.36483028531074524	0.49053820967674255	0.42524221539497375	0.6751591563224792	0.4351772367954254	0.21857130527496338	0.30940017104148865	0.3045675754547119	0.8134046792984009	0.9745116233825684	0.9601778388023376	0.24810892343521118	0.40046581625938416	0.5838850140571594	0.345335990190506	0.1543562114238739	0.38734200596809387	1.4233651161193848	0.6107795238494873	0.07109856605529785	0.6142798662185669	1.0471181869506836	0.34746885299682617	1.2772029638290405	0.11231810599565506	0.0	1.1805322170257568	0.0414624959230423	1.0454106330871582	0.65224689245224	0.3116171061992645	0.8667309880256653	0.5397557020187378	0.3122537136077881	0.8298749923706055	0.36454230546951294	0.4857937693595886	0.9785934090614319	0.3364986479282379	0.3208771347999573	0.40074485540390015	0.6079328060150146	0.7383861541748047	0.06086581200361252	0.989739179611206	0.32057079672813416	0.741360604763031	0.8357909917831421	0.5486520528793335	0.4619167745113373	0.680781900882721	0.06636469811201096	0.3295712471008301	0.10500465333461761	0.2484455108642578	0.911719799041748	0.2748480439186096	0.47284573316574097	0.5856799483299255	0.24465253949165344	1.0438605546951294	0.37303248047828674	0.12078114598989487	0.655646026134491	0.422912061214447	0.2418711930513382	0.8160667419433594	0.18787427246570587	0.20387539267539978	1.1029876470565796	0.4601730406284332	0.30267268419265747	0.14826025068759918	0.6228498816490173	0.05868295580148697	0.15754368901252747	0.12895432114601135	0.7127199172973633	1.3011460304260254	0.05790109559893608	1.2575751543045044	0.8433341979980469	0.7756044864654541	0.46853700280189514	0.4969360828399658	0.627179741859436	0.02396732196211815	0.20010271668434143	0.2716147005558014	0.19662387669086456	0.8393025994300842	0.4021773934364319	0.9001392722129822	0.5106204748153687	0.32157102227211	0.3152392506599426	0.6633367538452148	0.5935685038566589	0.8534448146820068	0.4887929856777191	0.3282864987850189	0.6828375458717346	0.9176080226898193	0.7349117994308472	1.0617351531982422	0.29621583223342896	0.03996257111430168	0.2885097563266754	0.3575136065483093	0.7553175091743469	0.40095722675323486	0.5369856357574463	0.5155929923057556	0.34320348501205444	0.1398497223854065	0.9111303091049194	0.5357174873352051	0.2820122241973877	0.732500433921814	0.02262970805168152	0.8644115924835205	0.5002038478851318	0.8625001311302185	0.20720389485359192	0.375267893075943	0.7453500628471375	1.0411628484725952	0.16296127438545227	0.8722001314163208	0.29442429542541504	0.763022243976593	1.068856954574585	0.13147442042827606	1.0431897640228271	0.6576353311538696	1.0680292844772339	0.36308231949806213	0.5314914584159851	0.3954465985298157	0.7003841400146484	0.4380127191543579	0.631109356880188	0.7532989978790283	0.08652898669242859	0.032306231558322906	0.30559152364730835	0.2646074891090393	1.0760561227798462	1.0716972351074219	0.6977962255477905	0.7445031404495239	0.7423906922340393	0.4045924246311188	0.3045887351036072	0.2004900425672531	0.3616592586040497	0.5030306577682495	0.6037313342094421	1.434535264968872	2.287337064743042	0.08439880609512329	0.2914649248123169	0.07226599752902985	1.347190022468567	0.864857017993927	0.6090010404586792	0.2034994214773178	0.7749263048171997	0.5255626440048218	1.3912544250488281	0.12342053651809692	0.0	0.9728797078132629	0.5445362329483032	0.8916596174240112	0.23324745893478394	0.377651572227478	0.8275308012962341	0.6369420886039734	0.39904433488845825	0.9572769403457642	0.9266746640205383	0.6734471321105957	0.6570330858230591	0.6865321397781372	0.3997913599014282	1.1432548761367798	0.9698859453201294	1.4116041660308838	0.34807705879211426	0.43893057107925415	0.6782304048538208	1.6419163942337036	0.716844916343689	1.1217622756958008	0.36933058500289917	0.3564853072166443	0.09048643708229065	0.8758382797241211	0.23551514744758606	0.5785948634147644	0.9027646780014038	0.09622028470039368	0.5515313148498535	0.3539268374443054	0.4195075035095215	0.2723788321018219	0.3661392033100128	0.9896577000617981	0.9333513975143433	0.2671814262866974	0.38597655296325684	0.4613291025161743	0.501427412033081	0.7117454409599304	0.3080871105194092	0.6237170100212097	0.14058798551559448	0.22700722515583038	0.3614327907562256	0.445544958114624	0.18034029006958008	0.44653207063674927	0.6439480781555176	0.7499327063560486	0.7362746000289917	0.42076846957206726	0.29345056414604187	0.6117264628410339	0.5802990198135376	0.4503055512905121	0.6517719626426697	0.6075265407562256	0.6715312004089355	0.6246776580810547	0.7283008098602295	0.7110894322395325	0.23066791892051697	0.6980241537094116	0.03644942864775658	0.06720800697803497	0.2714432179927826	0.8782652616500854	0.4115840792655945	0.5014360547065735	1.0894546508789062	0.5522912740707397	0.5377365350723267	0.4667406380176544	0.6385927796363831	0.6882541179656982	0.28377416729927063	1.184103012084961	1.0759944915771484	0.7213903665542603	0.536933422088623	0.5337998867034912	0.8260418176651001	0.5230190753936768	0.7138113975524902	1.6139923334121704	0.7546030879020691	0.19686800241470337	0.211295485496521	0.298641175031662	0.45061513781547546	0.4109535813331604	0.3624964952468872	0.851418137550354	0.37807291746139526	0.5903969407081604	0.6495032906532288	0.8569930791854858	0.38290590047836304	1.1697273254394531	0.7127025723457336	0.3260800838470459	0.005589103326201439	0.3071375787258148	0.34184855222702026	0.5389729738235474	0.0724002942442894	0.6513940095901489	0.49233418703079224	0.8367316126823425	0.4579817056655884	0.031053714454174042	0.9487396478652954	0.059349849820137024	0.6675137281417847	0.11328800022602081	0.5577532052993774	0.12767855823040009	1.0478146076202393	0.6737461686134338	0.30543553829193115	0.15124739706516266	0.44624772667884827	0.47586825489997864	0.35849612951278687	0.3894776999950409	0.09841348975896835	0.5477486848831177	1.2648403644561768	0.1226375475525856	0.8146716356277466	0.19624090194702148	0.3019784688949585	0.9577046632766724	0.09693519026041031	0.7359771132469177	0.35366490483283997	0.41960763931274414	0.03012409247457981	0.33027756214141846	0.9131433963775635	0.8063755035400391	0.8101348876953125	0.07007274776697159	0.34645354747772217	0.3690083622932434	1.1998531818389893	0.8049505949020386	0.6211024522781372	0.6187524795532227	0.4541871249675751	0.8728703260421753	0.3343072831630707	0.5668837428092957	0.36717915534973145	1.0682880878448486	0.09962651133537292	0.3277527093887329	0.4667584300041199	0.17532609403133392	0.5597725510597229	0.27141323685646057	0.9243339896202087	0.8023552298545837	0.17707930505275726	0.10480651259422302	0.22267599403858185	0.2783716917037964	0.8625050187110901	0.46188434958457947	0.9799827337265015	1.4027334451675415	0.46378836035728455	0.2916037142276764	0.1607825756072998	0.02655624970793724	0.5402650237083435	0.21110309660434723	0.7265008091926575	0.36373865604400635	0.23417803645133972	0.5224258303642273	0.7716484665870667	0.8264960646629333	0.4909655451774597	0.764663577079773	0.04013272002339363	0.41180580854415894	0.3120957911014557	0.7409892082214355	0.31243181228637695	0.5432999134063721	0.12148424983024597	0.36197492480278015	1.0004210472106934	0.9020669460296631	0.6788750290870667	1.008496642112732	0.7410382032394409	0.28664782643318176	0.37178850173950195	0.08198681473731995
0.9410383701324463	0.6503587961196899	0.8120785355567932	0.027088994160294533	0.10669468343257904	0.8180736899375916	0.12297338247299194	0.06655265390872955	0.5218501091003418	0.11003009229898453	0.12331084907054901	0.4827611744403839	0.6449389457702637	0.8230164051055908	0.34846654534339905	0.00793490745127201	0.3784217834472656	0.2955778241157532	1.0234925746917725	0.3147814869880676	0.5147391557693481	0.36662569642066956	0.05971073731780052	0.07471147924661636	0.6798244118690491	0.43745413422584534	0.015181039460003376	0.5377244353294373	0.5178037881851196	0.5263845920562744	0.45372316241264343	0.8120567798614502	0.03454611077904701	0.2830886244773865	0.23473678529262543	0.5641024112701416	0.13855502009391785	0.7166725993156433	0.21262268722057343	0.7306753993034363	0.17629474401474	1.0050292015075684	0.46900200843811035	0.35871100425720215	0.18796353042125702	0.7403969168663025	0.2909072935581207	0.5136638283729553	0.4794501066207886	0.2039535939693451	1.2872945070266724	0.7163515686988831	0.5467538833618164	0.4290328919887543	0.36242881417274475	0.10847821831703186	0.012058306485414505	0.03291965276002884	0.68109130859375	0.8141035437583923	0.23660169541835785	0.07451079785823822	0.4496992826461792	0.7769203782081604	0.4392767548561096	0.6284512281417847	0.7647708058357239	0.06075860559940338	0.7139480710029602	0.7069767117500305	0.2592414617538452	0.2754890024662018	0.6324120163917542	0.2502475380897522	0.6133323311805725	0.2846895456314087	0.5813444256782532	0.5732064247131348	1.861021876335144	0.5921054482460022	0.6052654981613159	0.5860133171081543	0.5760093927383423	0.5835046768188477	0.002158736577257514	0.47088348865509033	0.6213892102241516	0.3932763636112213	0.9559400081634521	0.38920533657073975	0.10162805020809174	0.8128816485404968	0.171636164188385	1.2116327285766602	0.14257049560546875	0.2220342755317688	0.9293524622917175	0.4154663383960724	0.6634328961372375	0.02735820598900318	0.4955940544605255	1.4050405025482178	0.12851448357105255	0.1801740676164627	1.465625286102295	0.5110705494880676	0.4876372218132019	1.0973786115646362	0.25338438153266907	0.8464847803115845	0.6933486461639404	0.3194715082645416	1.1655669212341309	0.13761311769485474	0.6317278146743774	0.23017863929271698	0.4511004388332367	0.8847400546073914	1.1569552421569824	0.7950382828712463	0.0	0.21364626288414001	0.2939305603504181	0.037911850959062576	1.594126582145691	0.5128282904624939	0.16836421191692352	0.7194548845291138	0.3766097128391266	1.4543439149856567	0.6893287897109985	1.4320818185806274	0.3718382716178894	0.44820350408554077	0.26846542954444885	0.375253826379776	0.6309962272644043	0.10318340361118317	0.2717421352863312	0.5559460520744324	0.13878421485424042	0.1590551733970642	0.30780771374702454	0.2951725125312805	0.9462491869926453	0.6257562041282654	0.5088536739349365	0.6294242143630981	1.2013307809829712	0.16200019419193268	0.29493358731269836	0.4261476397514343	0.6760527491569519	0.9967572689056396	0.21271616220474243	0.3925108313560486	0.5070197582244873	0.10639876127243042	0.22784413397312164	0.5462738871574402	0.12315191328525543	0.7425915002822876	0.31574684381484985	0.18798772990703583	0.3693978190422058	0.4889942705631256	0.6830650568008423	0.3922150433063507	1.1321394443511963	0.004916827194392681	1.0870697498321533	0.32122278213500977	0.3267870247364044	0.4169992208480835	0.3119980990886688	0.1686778962612152	0.31875526905059814	0.26572489738464355	0.7364826798439026	0.12970797717571259	0.1667403131723404	0.2717059254646301	0.19056858122348785	0.42228513956069946	0.37111586332321167	0.7441269159317017	0.48677030205726624	0.2891232371330261	0.20056134462356567	0.8774735331535339	0.6360697746276855	0.44171950221061707	0.08138377964496613	0.7629066705703735	0.4002009630203247	0.005455430597066879	0.48747822642326355	0.3999796509742737	0.2998351752758026	0.022778328508138657	0.6489461064338684	0.7139690518379211	0.588493824005127	0.4256487786769867	1.633961796760559	1.2983978986740112	0.7261412143707275	0.2600623369216919	0.638235330581665	0.7259128093719482	0.7524193525314331	0.28003719449043274	0.2253812551498413	0.398466557264328	0.21460042893886566	0.47636735439300537	0.4060225784778595	1.0633138418197632	0.5985714197158813	0.23824769258499146	0.6638569831848145	0.1997256875038147	0.3478577136993408	0.6595488786697388	0.5019166469573975	0.6516533493995667	1.0513347387313843	0.5539141893386841	0.6035177111625671	1.1522870063781738	0.32091379165649414	0.6231457591056824	0.5683583617210388	1.1755330562591553	0.6162379384040833	0.036256350576877594	0.28231337666511536	0.19399212300777435	0.6527233719825745	0.19452598690986633	0.305447518825531	0.490888774394989	0.07659545540809631	0.386239230632782	1.255138635635376	0.22299818694591522	1.2852228879928589	0.3945578932762146	0.1849433034658432	0.9979613423347473	0.5148859024047852	0.06291349977254868	0.6244863271713257	0.7152571082115173	0.42193931341171265	0.42049509286880493	0.8778172731399536	0.015438348986208439	1.2194957733154297	0.5766404867172241	0.1393090784549713	0.8777248859405518	0.3820989429950714	0.253850519657135	0.030669420957565308	0.2503361701965332	0.3723151385784149	0.2755267322063446	0.22252719104290009	0.6673195958137512	0.5140359401702881	0.6420930624008179	1.0027847290039062	0.5721895694732666	0.9201501607894897	0.22328950464725494	0.6365412473678589	0.8329960107803345	0.6314003467559814	0.4441135823726654	0.781704843044281	0.09199251234531403	0.17210689187049866	0.40832316875457764	0.48761117458343506	0.7666927576065063	0.2352421134710312	0.33703315258026123	0.9139977097511292	0.6920278072357178	0.3225245475769043	0.5084689855575562	0.4969737231731415	0.19574835896492004	0.21958720684051514	0.8199648261070251	0.4648643434047699	0.9356594681739807	0.3498198390007019	0.027795210480690002	0.40431439876556396	0.07425938546657562	1.0205342769622803	0.8596782088279724	0.3536136746406555	0.3665941655635834	0.5203474760055542	0.17425614595413208	0.5506436824798584	0.025706076994538307	1.2432805299758911	0.2160504162311554	0.7553557753562927	0.8626264929771423	0.2283141016960144	0.7740309238433838	0.2821248769760132	0.7083147764205933	0.11497621238231659	0.03428730368614197	0.2962172031402588	0.029308220371603966	0.7293360233306885	0.0830163061618805	1.3765913248062134	0.3489832580089569	0.12949210405349731	0.5457656979560852	1.0245805978775024	0.5807102918624878	0.339472234249115	0.5177695751190186	0.21195892989635468	0.45059317350387573	0.07710923254489899	0.7083738446235657	0.7772231698036194	0.024457473307847977	0.27599966526031494	0.8545960187911987	0.37999483942985535	0.24161535501480103	0.4711493253707886	0.6287011504173279	0.570844292640686	0.3565855920314789	0.3127908706665039	0.1553322970867157	0.426331490278244	0.4223282039165497	0.6633695363998413	0.49029943346977234	0.21731097996234894	2.125108242034912	0.5519149899482727	0.17289330065250397	0.6050207018852234	0.2898104190826416	0.20040388405323029	0.49110305309295654	0.9504285454750061	0.002539556473493576	0.45746567845344543	0.4522019624710083	0.6757002472877502	0.6949405074119568	0.8183164000511169	0.7025653123855591	0.7915549874305725	0.2869822084903717	0.757953405380249	0.2468157261610031	0.28597182035446167	0.5724765658378601	0.5715609788894653	0.5733391046524048	0.10181866586208344	0.4757517874240875	0.8261812925338745	0.6517064571380615	0.8440247178077698	0.9392329454421997	0.1541738063097	0.6120885610580444	0.35833823680877686	0.26797494292259216	0.6830524802207947	0.10333075374364853	0.1846407949924469	0.30703747272491455	0.4328390061855316	0.04652194678783417	0.5555606484413147	0.023396318778395653	0.44572821259498596	0.019566252827644348	0.30185243487358093	0.3966361880302429	0.2412477433681488	0.3374704122543335	0.846406877040863	0.43887194991111755	0.25726011395454407	1.5238802433013916	0.4313708543777466	0.3510671555995941	0.1329980045557022	0.6423019170761108	1.0742292404174805	0.3236885368824005	0.6821962594985962	0.48485487699508667	0.6957532167434692	0.4479927718639374	1.3201254606246948	0.10336432605981827	0.398370623588562	1.3236522674560547	0.6861552596092224	0.43051019310951233	0.7071247696876526	0.46445807814598083	0.6919558048248291	0.6271737813949585	0.5524372458457947	0.296673059463501	0.21619468927383423	0.7705563902854919	0.3322039544582367	0.92557293176651	0.26035887002944946	0.0	0.3153250217437744	0.5779767036437988	0.4329710900783539	0.5818272233009338	0.3932311236858368	0.43146970868110657	0.21809732913970947	0.15137499570846558	0.08430223166942596	1.30730402469635	0.8191660046577454	0.28760474920272827	0.3409232497215271	0.3060230314731598	0.5233201384544373	0.6538264751434326	0.654242217540741	0.5703922510147095	0.14607563614845276	0.32515132427215576	1.5525906085968018	0.27133503556251526	0.3410874009132385	0.37101006507873535	0.8360977172851562	0.24730543792247772	0.716658353805542	0.36019617319107056	0.3457668423652649	0.4038374423980713	0.055481113493442535	1.4416449069976807	0.603576123714447	0.8895581960678101	0.06681102514266968	0.848979115486145	0.18422117829322815	0.019620761275291443	0.17624220252037048	0.2940714657306671	0.2470056265592575	0.41366124153137207	0.6614205241203308	0.060262538492679596	0.07577317953109741	0.2918137311935425	0.6106218099594116	1.0302414894104004	1.1006128787994385	0.074306920170784	0.4426744282245636	0.40880775451660156	1.1919611692428589	0.6150813102722168	0.8464483618736267	0.6408261060714722	0.5160536170005798	0.23541949689388275	0.44872450828552246	0.7538691163063049	0.5773487091064453	0.29104065895080566	0.20136235654354095	0.9664769172668457	0.31753048300743103	0.4602740705013275	0.07508262991905212	0.46519097685813904	0.7342545986175537	0.8878055214881897	0.5590421557426453	0.399834007024765	0.46650299429893494	1.3835444450378418	1.3568849563598633	1.0908334255218506	0.5851097702980042	0.08629072457551956	0.40239304304122925	0.2991480231285095	0.5813108086585999	0.3690330684185028	0.30850908160209656	0.6335370540618896	0.6653438210487366	0.3757099509239197	0.5383713245391846	0.31644511222839355	0.10628432780504227	1.3958872556686401	0.08255236595869064	0.7085978388786316	0.3011288046836853	0.37374114990234375	0.1998012214899063	0.6365655660629272	0.8603243827819824	0.3065660893917084	0.5211421251296997	0.29720693826675415	0.4545896053314209	0.7729735970497131	0.21260711550712585	0.43344131112098694	0.10050232708454132	0.855072557926178	0.35601550340652466	0.5473045110702515	1.2787585258483887	0.41555798053741455	0.4010436236858368	0.5296239256858826	0.251073956489563	0.7638188004493713	0.2831687927246094	0.43750864267349243	0.26706433296203613	0.7610515356063843	0.39400017261505127	0.6195432543754578	0.3208397924900055	0.5669584274291992	0.35354214906692505	0.6772347688674927	0.781338095664978	0.7773502469062805	0.3396637439727783	0.9049543738365173	0.7981960773468018	0.5246854424476624	0.3565037250518799	0.2875415086746216	0.023935940116643906	0.4553751051425934	0.02546091191470623	0.1679379642009735	0.7261592149734497	0.12859466671943665	1.1281657218933105	0.6137768626213074	0.7254418134689331	0.714898943901062	0.2402036339044571	0.4977268576622009	0.3468562066555023	0.26798924803733826	0.8212743401527405	0.4273335337638855	0.007965721189975739	0.34856629371643066	0.38443028926849365	0.32320520281791687	0.2187284380197525	0.46797066926956177	0.26987403631210327	0.13727043569087982	0.1984405517578125	0.33949387073516846	0.6925513744354248	0.7165225744247437	0.5613129138946533	0.07017858326435089	0.56425541639328	0.8029652833938599	1.249863624572754	0.10232178121805191	0.609829306602478	0.5885250568389893	0.11162213236093521	0.6177749633789062	0.09422899782657623	0.5416011214256287	0.7817011475563049	0.6772699356079102	0.4443736672401428	0.3552921712398529	0.5610522031784058	0.01172860711812973	0.1369554102420807	0.36086776852607727	0.45520251989364624	0.034915897995233536	0.8497868776321411	1.272974967956543	0.11236953735351562	0.5256881713867188	0.07042498886585236	0.18119913339614868	0.27312999963760376	0.4150823950767517	0.11808865517377853	0.3343273103237152	0.30247431993484497	0.3983456492424011	0.12031549960374832	0.0	0.19490975141525269	0.8901339173316956	0.43209195137023926	0.5974606871604919	0.47209009528160095	0.9096259474754333	0.2492162138223648	0.03826180100440979	0.1024082601070404	0.006975196301937103	0.27416035532951355	0.4411356449127197	0.6583408713340759	1.0958715677261353	0.43408817052841187	0.07555165886878967	0.11488007754087448	0.3568630516529083	0.38488540053367615	0.5885690450668335	0.06033077463507652	0.5519875288009644	0.32121315598487854	0.7852122783660889	0.10585501790046692	0.35471388697624207	0.47370240092277527	0.46899282932281494	0.26178354024887085	0.2299845814704895	0.8466722369194031	0.2727208137512207	0.6423291563987732	0.37030282616615295	0.1920604109764099	0.5870458483695984	0.3090299069881439	0.5674307942390442	0.9882301092147827	0.5231392979621887	0.9900320768356323	0.5068670511245728	0.4016362428665161	0.41031381487846375	0.6942521333694458	0.9266786575317383	0.7462992668151855	1.2907720804214478	0.01326935738325119	0.652911901473999	1.3766686916351318	0.4086504876613617	0.24895302951335907	0.48211801052093506	0.7987757325172424	0.39563465118408203	0.7786107063293457	0.7303260564804077	0.7526237368583679	0.5363930463790894	0.2558450698852539	0.23696166276931763	0.32835763692855835	0.6688518524169922	0.762464165687561	0.26203179359436035	0.1288471817970276	0.47182416915893555	1.018912434577942	0.4256937801837921	0.5699223279953003	0.6673693656921387	0.8286237120628357	0.16726446151733398	0.4871046543121338	0.3583155572414398	0.2171299010515213	0.21246127784252167	0.26990199089050293	0.22166933119297028	0.5512368083000183	0.013579875230789185	0.39775246381759644	1.0507192611694336	0.4642951488494873	0.3059961199760437	0.3215576708316803	0.8700165748596191	0.0005421082023531199	0.43495216965675354	0.05666029825806618	0.47705933451652527	0.7306504249572754	0.19199919700622559	0.48536062240600586	0.6923046112060547	0.6112061142921448	0.1814698725938797	0.4736359119415283	0.3527938723564148	0.20189368724822998	0.7191067934036255	0.16563548147678375	0.7200336456298828	0.3988761603832245	0.2831636667251587	0.6727869510650635	0.27686211466789246	0.5278066992759705	0.38956332206726074	0.06013352423906326	0.20681504905223846	0.749894380569458	0.7308461666107178	1.2117148637771606	0.3242291510105133	0.6333053708076477	0.8367893099784851	0.535642147064209	0.5680891871452332	0.5112519264221191	0.5194538831710815	0.42686712741851807	0.2877441942691803	0.314713716506958	0.1762038618326187	0.48700037598609924	0.8233556151390076	0.21941964328289032	0.3633723855018616	0.7498334646224976	0.26208755373954773	0.3084203600883484	0.49907681345939636	0.1619383543729782	0.5431469082832336	0.25416508316993713	0.3531527817249298	0.35028940439224243	0.4322457015514374	0.4366523325443268	0.08700775355100632	0.23061400651931763	0.24422180652618408	0.3630635142326355	0.25099173188209534	0.5603591799736023	0.8778579831123352	0.7398208975791931	0.4696975350379944	0.08466946333646774	0.32922109961509705	0.3304099440574646	0.9417522549629211	0.838018536567688	0.390932559967041	0.1106230840086937	0.6008814573287964	0.2892916202545166	0.47205376625061035	0.2970958352088928	0.2354295551776886	0.5529590249061584	0.657072901725769	0.08064740896224976	0.3481394052505493	0.31151482462882996	0.2661638855934143	0.6900886297225952	0.07144736498594284	0.5372837781906128	1.323915719985962	0.8913508653640747	0.42960330843925476	1.34490966796875	0.4384537935256958	0.3673085868358612	0.5421527028083801	1.1615504026412964	0.593730628490448	0.8889486193656921	0.47981247305870056	0.6396186947822571	0.7398975491523743	0.9373687505722046	0.17341043055057526	0.9914517402648926	0.5673210024833679	1.0010746717453003	0.4006459712982178	0.0	0.3882714509963989	0.6523528695106506	0.8126637935638428	0.24025341868400574	0.7281250953674316	0.39104601740837097	0.403396338224411	0.7655980587005615	0.3306844234466553	0.5339294075965881	0.4526592493057251	0.5012823343276978	0.27089715003967285	0.5341604948043823	0.5415273308753967	0.46129539608955383	0.4979669451713562	0.5771180391311646	0.3140103220939636	0.26886704564094543	0.8929811716079712	0.040459927171468735	0.2883972227573395	0.3903771638870239	0.4008283019065857	0.7535639405250549	0.6515350341796875	0.3492332100868225	0.44538986682891846	0.7744741439819336	0.5104349851608276	0.10568702220916748	0.48737233877182007	0.936593770980835	0.5880705714225769	0.04204029217362404	0.2829112708568573	0.10653048753738403	0.003888804232701659	0.6997723579406738	0.09216353297233582	0.6776373386383057	0.22380366921424866	0.19669175148010254	0.729829728603363	0.4849699139595032	0.34232768416404724	0.3387932777404785	0.21806302666664124	0.15358524024486542	0.5916733741760254	0.3154948353767395	0.45222505927085876	0.49946311116218567	0.23372235894203186	0.5577418208122253	0.41775837540626526	0.2331380397081375	0.8458418250083923	1.1450316905975342	0.3370971083641052	0.04162712022662163	0.08273995667695999	0.024535490199923515	0.2619388997554779	0.5776926875114441	0.5030651092529297	0.41747796535491943	0.6912094354629517	1.1299132108688354	0.8369334936141968	1.0001366138458252	0.822046160697937	0.23706139624118805	0.2942155599594116	0.6967116594314575	0.3612167239189148	0.18897946178913116	0.3430080711841583	1.0763435363769531	0.7591614127159119	1.2332167625427246	0.30627337098121643	0.25962451100349426	0.3459935486316681	0.44755205512046814	1.2348774671554565	0.45200666785240173	0.7228829264640808	0.9202961325645447	0.21715134382247925	0.2954976558685303	0.9561498165130615	0.7970847487449646	0.5191938877105713	0.2713075280189514	1.2934958934783936	0.9700065851211548	0.09177552163600922	0.19556231796741486	0.6230171322822571	0.17205089330673218	0.48589518666267395	0.582258939743042	0.41013243794441223	0.6936353445053101	0.4946324825286865	0.5627066493034363	0.5565943121910095	0.45433276891708374	0.5052344799041748	0.6312435269355774	0.17622770369052887	0.5854026675224304	0.3519575595855713	0.1253492683172226	0.2949628233909607	0.7105768918991089	0.19525592029094696	0.09655419737100601	0.48233556747436523	0.2520940601825714	0.7724034190177917	0.2083040177822113	0.18731969594955444	0.7254502773284912	0.11953724175691605	0.7677634358406067	0.27307823300361633	0.9522668719291687	0.2603941559791565	0.8231634497642517	0.4044185280799866	1.375910997390747	0.7216917276382446	0.18588590621948242	0.2970006763935089	0.0919400006532669	0.24186107516288757	0.28778761625289917	1.1177964210510254	0.3140578269958496	0.40302860736846924	0.6004684567451477	0.5403141975402832	0.7954599261283875	0.3149063289165497	0.05808078497648239	0.5523333549499512	0.012250559404492378	0.4522417187690735	0.6845430731773376	0.27646052837371826	0.4457458555698395	0.31720876693725586	0.22905269265174866	0.43313294649124146	0.6094202995300293	0.11971143633127213	0.16245634853839874	0.23102392256259918	1.2224668264389038	0.5636016726493835	0.619060754776001	0.24331998825073242	0.36378028988838196	0.3690008819103241	0.06373054534196854	0.7715211510658264	0.6578749418258667	0.9473456144332886	0.4954116940498352	0.6785362958908081	0.3224771320819855	0.6098171472549438	0.9130710363388062	1.2100434303283691	1.0452661514282227	0.9070299863815308	0.47347939014434814	0.40255194902420044	0.26096561551094055	0.7441246509552002	0.783153772354126	0.2024937868118286	0.7104046940803528	0.3320807218551636	0.8086360096931458	0.339538037776947	0.7290663123130798	0.18933270871639252	0.6265294551849365	0.18553252518177032	0.0718182623386383	0.5314651131629944	0.2826898992061615	0.4886695146560669	0.4385787844657898	0.13294357061386108	0.49815618991851807	1.3088140487670898	0.5984569787979126	0.7686500549316406	1.5473569631576538	0.4643266499042511	0.5886974930763245	0.01514960452914238	0.2813165783882141	0.25610387325286865	0.9186043739318848	0.2589147984981537	0.3724575340747833	1.252559781074524	0.8596140146255493	0.21643249690532684	0.04068422317504883	0.27355849742889404	0.6503589749336243	0.6272726655006409	1.0842394828796387	0.47642502188682556	0.9154468774795532	0.5655952095985413	0.16870428621768951	0.7217106223106384	0.9318897724151611	0.13089591264724731	0.4023396670818329	0.7689682841300964	0.33486407995224	0.2207198292016983	0.5596112608909607	0.008823113515973091	1.2480409145355225	0.37300994992256165	0.47436994314193726	0.4288506507873535	0.3812185525894165	0.4469654858112335	0.15128111839294434	0.3760640621185303	0.7374866604804993	0.8049376010894775	0.8217465877532959	0.4946459233760834	0.7203525304794312	0.28771674633026123	0.2132934331893921	0.6451898217201233	0.40345239639282227	0.26304003596305847	0.14109325408935547	0.6474264860153198	0.33050835132598877	0.4732721447944641	0.44461503624916077	0.1879967898130417	0.6718913912773132	0.4373653531074524	0.5563617944717407	1.0740501880645752	0.14075586199760437	0.8446990251541138	1.815635085105896	0.1513650268316269	1.298527717590332	0.7617372870445251	1.5085772275924683	0.06158551946282387	0.9983646869659424	0.3306933343410492	0.7490565776824951	0.9521242380142212	1.1927556991577148	0.8609631657600403	1.0121668577194214	0.48736104369163513	0.7930274605751038	0.9822984337806702	0.05514706298708916	0.5624346733093262	0.4238121807575226	0.7183350324630737	0.8775194883346558	0.6624773144721985	0.06169644370675087	0.1065918430685997	0.3855091333389282	0.09243820607662201	0.9520099759101868	0.002438392024487257	0.5612102746963501	0.600574254989624	0.23660366237163544	0.11032816767692566	0.7704944610595703	0.5946423411369324	0.16348834335803986	0.733512818813324	0.6431509852409363	0.30127209424972534	1.5664830207824707	0.7383444905281067	0.3143240809440613	0.5960446000099182	0.7302782535552979	0.7225035429000854	0.6235939264297485	1.5806339979171753	0.42987295985221863	0.1280115842819214	0.34791645407676697	0.8462804555892944	0.5718116760253906	0.26338034868240356	0.12925028800964355	0.33347591757774353	0.8651923537254333	0.1655566692352295	0.15905164182186127	0.5826893448829651	0.1543596237897873	0.20923832058906555	0.2735302150249481	0.9911584854125977	0.3278352916240692	0.3369094133377075	0.7783531546592712	0.2867678999900818	0.3552810847759247	0.6070674657821655	0.8825128078460693	0.3035675287246704	0.5560185313224792	0.4274972975254059	0.38196444511413574	0.5266326665878296	0.3222326636314392	0.7194373607635498	1.1311918497085571	0.7820767164230347	0.07225821167230606	0.6404895782470703	0.17722634971141815	0.6143001317977905	0.5061846971511841	1.0732929706573486	0.5690698027610779	0.4589809775352478	1.1256685256958008	0.17500677704811096	0.4186515510082245	0.13234373927116394	1.1333051919937134	0.2570219337940216	0.7624874114990234	0.586730420589447	0.4352474510669708	0.780180811882019	0.2621210813522339	0.8291969895362854	0.09080306440591812	0.7096030712127686	0.571882426738739	0.6466823816299438	0.3983803987503052	0.05177055299282074	0.17219357192516327	1.0526646375656128	0.3682516813278198	0.17563354969024658	0.6965488195419312	0.48188215494155884	0.1997462660074234	0.7856043577194214	0.6949151158332825	0.22777384519577026	0.11330872774124146	0.09802526980638504	0.9222460985183716	0.5379074811935425	0.5529811382293701	0.5203394889831543	0.146287739276886	0.46917039155960083	0.22784709930419922	0.9677621126174927	0.08770517259836197	0.6428977847099304	0.7870362401008606	0.27810201048851013	0.24589864909648895	0.9224478006362915	0.38525158166885376	0.0361592136323452	0.6875103712081909	0.8039419054985046	0.6590858697891235	1.0463377237319946	0.6357897520065308	0.6848336458206177	0.553496778011322	0.6076541543006897	0.22362244129180908	1.0079838037490845	1.0179988145828247	0.6908389925956726	0.3503812551498413	0.17880567908287048	0.9875801801681519	0.5561344623565674	0.35408923029899597	0.08720435947179794	0.6258586049079895	0.790482223033905	0.5214358568191528	0.4786585569381714	0.4462829828262329	0.09238000214099884	1.3085181713104248	0.0610867403447628	0.8884261250495911	0.4314969778060913	0.09490838646888733	0.4627856910228729	0.15779215097427368	0.4992969036102295	0.19378913938999176	0.24197275936603546	0.2430221289396286	1.455007553100586	0.6987993717193604	0.37021172046661377	0.07637939602136612	0.434576153755188	0.73112553358078	0.22564536333084106	1.228358507156372	0.6754220128059387	0.4841441512107849	0.8412052392959595	0.38670289516448975	0.34356555342674255	1.0906341075897217	0.34700852632522583	0.30941271781921387	0.3435386121273041	0.340088427066803	0.20546387135982513	0.0935516208410263	0.6352024674415588	0.5184058547019958	0.18540328741073608	0.746846616268158	0.839214563369751	0.9126439094543457	0.21014843881130219	0.49173617362976074	0.4881514608860016	0.42025434970855713	0.4865092635154724	0.15326932072639465	0.16654054820537567	0.9034244418144226	0.4876728057861328	0.07849358022212982	0.15357103943824768	0.039389122277498245	1.1703718900680542	0.45365962386131287	0.3643719553947449	0.3395862281322479	0.5929827094078064	0.4483351409435272	0.5977498888969421	0.982832670211792	0.331385999917984	0.6298516988754272	0.2673041522502899	0.33483704924583435	1.139570951461792	0.409199982881546	0.05103817582130432	0.5203930139541626	0.8202313780784607	0.1747414916753769	1.1336108446121216	0.374358594417572	0.30533143877983093	0.30251431465148926	0.2049681544303894	0.30637216567993164	0.19362372159957886	0.7294235825538635	1.2535614967346191	0.7786233425140381	0.4017941355705261	0.4914209842681885	0.6354368329048157	0.3858298361301422	0.11841155588626862	0.1359233260154724	0.15916849672794342	0.6695045828819275	0.28643491864204407	0.5356492400169373	0.9801979064941406	0.2041240781545639	0.3031042218208313	0.5856884121894836	0.3275250196456909	0.09047693759202957	0.36656418442726135	0.878931999206543	0.4579330086708069	0.9279929399490356	0.4611665904521942	0.2081538438796997	0.5388728380203247	0.37699782848358154	0.6617318987846375	0.3729649484157562	1.0418659448623657	0.40512749552726746	0.49407675862312317	0.7703354358673096	0.5187379121780396	0.8674840927124023	0.7812501192092896	0.8114551901817322	0.5184096693992615	0.4665940999984741	0.4235013425350189	0.3973558843135834	0.32328349351882935	0.5356756448745728	0.5058265328407288	1.2138986587524414	0.23533523082733154	0.02532123401761055	0.4627135694026947	0.246792271733284	0.7606751322746277	0.8864147663116455	0.1714693158864975	0.2574736475944519	0.9012513756752014	0.4398370385169983	0.4657032787799835	0.8934826254844666	1.0386269092559814	0.5078685283660889	0.2606036961078644	1.5128076076507568	0.5715872645378113	1.0365468263626099	0.6968734264373779	0.019247153773903847	0.4259282946586609	1.085278034210205	0.08946365118026733	0.3799144923686981	0.09948530048131943	1.0686160326004028	0.5668261647224426	0.3967967629432678	0.3228272497653961	0.6472589373588562	0.47303909063339233	0.5456253886222839	0.3963184356689453	0.6311642527580261	0.7878355979919434	0.3730832040309906	0.1880539208650589	0.08359629660844803	0.7507261037826538	0.18116985261440277	0.28925982117652893	1.0116214752197266	0.8856610655784607	1.1323927640914917	0.41201552748680115	0.2868213355541229	0.6092667579650879	0.6343773603439331	0.17564037442207336	0.8332247734069824	0.03510003164410591	0.32203131914138794	1.0296266078948975	0.8932392001152039	0.3386508524417877	0.3006160259246826	0.0180281400680542	0.23010173439979553	0.7022828459739685	0.37590688467025757	0.5304145812988281	0.7621567845344543	0.22000183165073395	0.5151158571243286	0.4813942611217499	0.6805890202522278	0.5465739965438843	0.4182239770889282	0.13670691847801208	0.3506820797920227	0.679008424282074	0.567412793636322	0.5673624277114868	1.026620626449585	0.3408718407154083	0.4014395773410797	0.8826290369033813	0.8176295757293701	0.6515687108039856	0.5431060791015625	0.06487659364938736	0.0	0.5150166153907776	0.9081773161888123	0.1832060068845749	0.13591408729553223	0.42254048585891724	1.9020698070526123	0.026721317321062088	0.5256457328796387	0.5486270189285278	0.7563529014587402	0.2190016806125641	0.6804887652397156	0.18879884481430054	0.4915892481803894	0.2530926764011383	0.6793163418769836	0.8929579257965088	0.29577362537384033	0.6585898995399475	0.7622670531272888	0.6439496874809265	0.5178453326225281	0.4103319048881531	1.4569352865219116	0.6637223362922668	0.7941130995750427	0.15167281031608582	0.6453701257705688	0.3589321970939636	0.1439661681652069	0.1170182153582573	0.4230305850505829	0.9005317091941833	0.5300822257995605	0.1751069724559784	0.4368080198764801	0.20444247126579285	0.7825213670730591	0.2870538532733917	0.5097018480300903	0.9664283990859985	1.0447332859039307	0.26175656914711	0.06842666119337082	0.5018810033798218	0.6389903426170349	0.34183600544929504	0.0	0.9410390853881836	0.36358028650283813	0.7851444482803345	0.048935819417238235	1.212640404701233	0.37010908126831055	0.45900335907936096	0.14132238924503326	0.872646152973175	0.7312544584274292	1.0246169567108154	1.0649694204330444	0.8542561531066895	0.6442441344261169	1.108979344367981	0.40842485427856445	0.17883318662643433	0.32941049337387085	0.3679649233818054	0.8495810031890869	0.8466465473175049	0.28943267464637756	0.8671233654022217	0.672124981880188	0.2057303637266159	0.6724616289138794	0.9962401390075684	0.7839519381523132	0.018962400034070015	0.49377894401550293	0.8831347227096558	0.1932440549135208	0.7300719618797302	0.44357067346572876	0.5898955464363098	0.0	0.4211508631706238	0.9290266036987305	0.8644801378250122	0.4588319957256317	0.42573803663253784	0.7058718800544739	0.25933751463890076	0.042222753167152405	0.5824905037879944	0.504242479801178	0.8084877729415894	0.41072988510131836	0.36880701780319214	0.016513807699084282	0.5791172981262207	0.6855738162994385	0.3762962222099304	0.5182775855064392	0.2769121825695038	0.4027182459831238	0.4132950007915497	1.152037262916565	0.5013836026191711	0.8794407844543457	0.07594947516918182	0.5869349837303162	0.4775479733943939	0.26886436343193054	0.5074876546859741	0.41584062576293945	0.27001938223838806	0.29687628149986267	0.038584016263484955	0.601161539554596	0.2609397768974304	0.4399462938308716	0.44670969247817993	0.1329336166381836	0.2965243458747864	0.736737847328186	0.8837894797325134	0.10403783619403839	0.3404669463634491	0.02063620649278164	0.6943396925926208	0.19250580668449402	0.265144020318985	0.35350754857063293	0.9315892457962036	0.08571949601173401	0.7021977305412292	0.4771519899368286	0.24842266738414764	0.1284603476524353	0.07506388425827026	0.45832306146621704	0.372448593378067	0.2102333903312683	0.3525735139846802	0.70667564868927	0.7086699604988098	0.21666835248470306	0.04879019409418106	0.475454717874527	0.6028220653533936	0.1239381730556488	1.3765592575073242	0.28705087304115295	0.4483693540096283	0.30903464555740356	0.31165817379951477	0.45007985830307007	0.5191429853439331	0.2545194625854492	0.5293434858322144	0.7624374032020569	0.6927964091300964	0.4239981770515442	0.23989495635032654	0.0919252336025238	0.20224495232105255	1.1958006620407104	0.5678812265396118	1.1733547449111938	0.32463860511779785	0.7132489681243896	0.7490674257278442	0.21576634049415588	1.2769064903259277	0.39685383439064026	0.18669065833091736	0.543703556060791	1.2413266897201538	0.7165002822875977	0.0	0.006747221574187279	0.2848668694496155	1.286679983139038	0.1326790452003479	1.069878339767456	0.7678571343421936	0.45737722516059875	0.8804771900177002	0.20188680291175842	0.5930443406105042	0.4515668749809265	0.7155486345291138	0.35220059752464294	1.2046945095062256	0.3819529116153717	0.4195265769958496	1.31980299949646	0.663246214389801	1.0875746011734009	0.35846656560897827	0.3165457248687744	0.2801380455493927	0.21647456288337708	0.10269308090209961	0.43039780855178833	0.5560570359230042	0.2696550488471985	0.8370511531829834	0.334608793258667	0.22764742374420166	0.1689058542251587	0.6819199919700623	1.045506238937378	0.02293095737695694	0.252285897731781	0.6606236100196838	0.15834428369998932	0.48655062913894653	0.4397330582141876	0.8250654935836792	0.3967111110687256	0.32995402812957764	0.6229718327522278	0.5271600484848022	0.8384287357330322	0.2823525667190552	0.5137648582458496	0.6524032354354858	0.0862402468919754	1.0795270204544067	0.37243810296058655	0.2894328534603119	0.7274049520492554	0.2471860945224762	0.45487284660339355	0.5440763235092163	0.41816937923431396	1.031158208847046	0.034216560423374176	0.4341239631175995	0.29706767201423645	1.3988491296768188	0.11591991782188416	1.054917573928833	0.29768553376197815	0.5315108299255371	0.6281083822250366	0.524388313293457	0.11927857995033264	0.2001090943813324	0.7738505601882935	0.5824698209762573	0.07831141352653503	0.8244009613990784	0.06481066346168518	0.33666718006134033	0.896331787109375	1.780876874923706	0.05978292599320412	0.17188729345798492	1.0678516626358032	0.7111517190933228	0.7386310696601868	0.5719157457351685	0.3304329216480255	0.6625420451164246	0.2351900339126587	0.3935476541519165	0.8328282237052917	0.5382489562034607	0.5391945838928223	0.7157019376754761	1.2443264722824097	0.23317815363407135	0.6217537522315979	0.8385321497917175	0.6407297849655151	0.6831628084182739	0.2723914086818695	0.32388725876808167	0.8556920289993286	0.5853441953659058	0.7660145163536072	0.4153396189212799	0.6907426714897156	0.5248520970344543	0.21802186965942383	0.8423853516578674	0.6719523668289185	0.41531407833099365	0.2501463294029236	0.44860658049583435	1.5348073244094849	0.513965368270874	0.1861017942428589	0.609626293182373	0.7048765420913696	0.17361995577812195	0.3143731951713562	0.3653504252433777	0.21212489902973175	0.14501774311065674	0.5141130089759827	0.4270116984844208	0.8905770778656006	0.14474600553512573	1.1328675746917725	0.3140171766281128	0.16232289373874664	0.1699484884738922	1.41013765335083	0.5336755514144897	1.4159973859786987	0.9359900951385498	0.7907393574714661	0.37032604217529297	0.11913162469863892	0.38303297758102417	0.09325870126485825	0.3508295714855194	0.6324540972709656	0.42929404973983765	0.40079495310783386	0.6089361906051636	0.5683773756027222	0.7033370733261108	0.2101850062608719	0.8267983198165894	0.08773103356361389	0.5077606439590454	0.5060864090919495	0.8526586294174194	0.5620239973068237	0.2802816927433014	0.584639847278595	0.5097448825836182	0.8749703764915466	0.9799989461898804	0.20010699331760406	0.03285316750407219	0.717353343963623	0.6023773550987244	0.7432743906974792	0.479758620262146	0.8492060899734497	0.3790785074234009	0.5454585552215576	0.6095665097236633	0.9469953775405884	0.3421304225921631	0.6951576471328735	0.7071722149848938	0.1294017732143402	0.8631324768066406	1.096142292022705	0.5535611510276794	0.10107947885990143	0.3078163266181946	1.059796929359436	1.522646427154541	0.5481879115104675	0.3644753694534302	0.4497537314891815	0.6639249324798584	1.6435623168945312	0.003239935263991356	1.2137856483459473	0.9482430219650269	0.45424410700798035	0.673510730266571	0.2427869290113449	0.3109520673751831	0.658367395401001	0.29569295048713684	0.2533758580684662	0.0009498540312051773	0.33087119460105896	0.3040279150009155	0.34227970242500305	0.17393389344215393	0.06056313216686249	0.4143766164779663	0.5400545001029968	0.5022473931312561	0.7612357139587402	0.48581066727638245	0.3194292485713959	0.711467444896698	0.14793913066387177	0.8840786218643188	0.2955906093120575	0.9090138673782349	0.2450944483280182	0.702987015247345	0.35308757424354553	0.8203018307685852	0.28999561071395874	1.4229450225830078	0.6978775262832642	0.4592441916465759	0.19345799088478088	0.09173493087291718	1.4280296564102173	0.21232467889785767	0.3836314082145691	0.3695219159126282	1.4257736206054688	1.1574220657348633	0.21894602477550507	0.09414227306842804	0.1947230100631714	0.3671534061431885	0.34642264246940613	0.7581679821014404	0.013189546763896942	0.40756621956825256	0.24952822923660278	0.07139446586370468	0.556312084197998	0.11520317941904068	0.18411503732204437	0.03270093724131584	0.5643324851989746	1.1206010580062866	0.28732559084892273	1.2548868656158447	0.8743667006492615	1.2195895910263062	0.8653568625450134	0.5588858127593994	0.9486440420150757	0.6084493398666382	0.5502316951751709	0.5838904976844788	0.6268998384475708	0.34901171922683716	0.49296876788139343	0.3403482139110565	0.17463737726211548	0.16992245614528656	0.1995161473751068	0.583376407623291	1.2476136684417725	0.6553845405578613	0.2991958260536194	0.3780158460140228	0.13236671686172485	0.19344854354858398	0.3569973111152649	0.39778846502304077	0.4169314503669739	0.198574960231781	0.6498270034790039	0.43457698822021484	0.236939936876297	0.5135238766670227	0.5320703983306885	0.9918604493141174	0.38783198595046997	0.32987430691719055	0.331630676984787	0.27487310767173767	0.5988517999649048	0.34951698780059814	0.49108198285102844	0.4102332890033722	0.23313391208648682	0.8566293716430664	0.3022761046886444	0.7204607725143433	0.913849413394928	0.35532304644584656	0.048412639647722244	0.335311621427536	0.5077628493309021	0.70600426197052	0.2868753671646118	0.3337858319282532	0.906923234462738	0.08227699995040894	0.050150252878665924	1.0139247179031372	0.4049423038959503	0.5796682238578796	0.7784100770950317	1.1717636585235596	0.7183748483657837	0.5975781083106995	0.1057729721069336	0.24226386845111847	0.6495983600616455	0.6126440763473511	0.3613379895687103	0.3649844825267792	0.10726538300514221	0.9994821548461914	0.47334352135658264	0.29640254378318787	0.8320537805557251	0.4718654155731201	1.6532593965530396	0.6123912334442139	0.2107272744178772	0.3487393856048584	0.42536401748657227	0.23288625478744507	0.2909739017486572	0.38329842686653137	0.09919779002666473	0.4622979760169983	0.10691940039396286	0.2757851481437683	0.5790449380874634	0.6298316121101379	0.646907389163971	1.03170645236969	0.7180211544036865	0.78000408411026	0.8786582946777344	0.05481433495879173	0.6848655939102173	0.3554518222808838	0.5279167890548706	0.5455176830291748	0.5220578908920288	0.25476476550102234	0.2907506227493286	1.2246195077896118	0.5073019862174988	0.08290641009807587	0.6243206262588501	0.25239068269729614	0.30036619305610657	0.03804771229624748	0.0035290743689984083	0.4530264139175415	0.5498848557472229	0.07300686836242676	0.953288197517395	0.26744985580444336	0.29902154207229614	0.51219242811203	0.19654539227485657	0.1422377973794937	0.6393564939498901	0.1197851151227951	0.050852369517087936	0.3304171562194824	0.45025014877319336	0.8367705345153809	0.5811277031898499	0.08204182982444763	0.45995256304740906	0.2915750741958618	0.5689064264297485	0.5105395317077637	0.6254763603210449	0.44526201486587524	0.24913038313388824	0.337872177362442	0.6702434420585632	1.0937917232513428	0.5916992425918579	0.013171710073947906	0.84604811668396	0.7701812982559204	0.1269025057554245	0.4136785566806793	0.8567333817481995	0.7579693794250488	1.0244442224502563	0.5496634840965271	0.12592220306396484	0.4839840233325958	0.15891429781913757	0.3035643398761749	0.3721473813056946	1.4942400455474854	0.9730342626571655	0.4081863760948181	0.4613078236579895	1.3360666036605835	0.48690786957740784	0.5454939603805542	0.15105333924293518	0.643098771572113	0.5191795825958252	0.31487929821014404	0.7095587849617004	0.585803747177124	0.38256970047950745	0.3976350724697113	0.4017193615436554	0.09255225956439972	0.0472615547478199	0.7002222537994385	0.3853332996368408	0.00688663125038147	0.27040380239486694	0.22070029377937317	0.4656751751899719	0.3417928218841553	0.5238146185874939	0.0731520876288414	0.40141767263412476	1.1661696434020996	0.6123100519180298	0.30011940002441406	0.7073696255683899	0.08030759543180466
0.7666680216789246	0.49119478464126587	0.5991471409797668	0.501947820186615	1.4940900802612305	0.3057326674461365	0.46384453773498535	1.4078106880187988	0.9233447313308716	0.2176089882850647	0.9559172987937927	0.19595253467559814	0.9069026708602905	0.37906524538993835	0.28479883074760437	0.6095772981643677	0.2313014566898346	0.852771520614624	0.25107815861701965	0.5020938515663147	0.932605504989624	0.2588520050048828	0.3849993348121643	0.5530723929405212	0.44338753819465637	0.9899478554725647	0.5433617830276489	0.9669259190559387	0.4639746844768524	0.44069579243659973	0.6639410853385925	0.4573341906070709	0.40760132670402527	0.5145304799079895	0.4544552266597748	0.35066062211990356	0.24003343284130096	0.671074628829956	0.8644995093345642	0.5208338499069214	0.5570626854896545	0.07955938577651978	0.28848299384117126	0.5092545747756958	0.31724679470062256	0.42440882325172424	0.43406686186790466	0.5971881747245789	0.4769344627857208	0.9400404691696167	0.32582682371139526	0.205246239900589	0.2340349555015564	0.27174264192581177	0.8710755705833435	0.08813512325286865	0.08437038958072662	0.9296653866767883	0.23579826951026917	0.46188241243362427	0.1357419192790985	0.7218566536903381	0.422944575548172	0.48135849833488464	0.4911213517189026	0.8179888129234314	0.8994355201721191	0.39521458745002747	0.03824647516012192	0.34687119722366333	0.2723463177680969	0.452664852142334	0.8253005743026733	0.5876831412315369	0.25416505336761475	0.6875403523445129	0.2670811116695404	0.6064263582229614	0.8715422749519348	0.9423497915267944	1.5184746980667114	0.3498026430606842	0.4013213813304901	0.5080952644348145	0.7038637399673462	0.4266163110733032	0.5726537108421326	1.0491212606430054	0.08438587933778763	0.32016488909721375	0.5451652407646179	0.7305054664611816	0.22266785800457	0.9161972999572754	0.3453133702278137	0.1468411684036255	0.5418359041213989	0.31542330980300903	0.49469074606895447	0.9356037378311157	0.4047544300556183	0.2700703740119934	0.2035169154405594	0.8803702592849731	0.2873706817626953	0.27551352977752686	0.31222257018089294	1.1241071224212646	0.4874899983406067	0.676850438117981	0.6213613748550415	0.6240770220756531	0.4163350760936737	0.4308907389640808	0.5802402496337891	0.4573740065097809	0.4159085750579834	0.658554196357727	0.3386250138282776	0.0	0.6115386486053467	0.7746019959449768	0.2840374708175659	0.10209116339683533	0.43618839979171753	0.32549047470092773	0.2831210792064667	0.46265169978141785	0.8533995151519775	0.8948688507080078	0.12809135019779205	0.0466473251581192	0.2540307641029358	0.24349403381347656	0.33701008558273315	0.1242050901055336	0.7507990598678589	0.3579162657260895	0.6329353451728821	0.13597619533538818	0.25485149025917053	0.09728571772575378	1.0330915451049805	0.24362845718860626	0.4525291621685028	0.4569529592990875	0.6080507040023804	0.49448779225349426	1.2176786661148071	0.5545342564582825	0.31488293409347534	0.261737585067749	0.6094101071357727	0.012249566614627838	0.35507267713546753	0.23431265354156494	0.7115820646286011	0.4673752188682556	0.21359644830226898	0.3678831160068512	0.29710766673088074	0.4184914529323578	0.2571526765823364	0.18087314069271088	0.48924729228019714	0.30781087279319763	0.0	0.22606691718101501	0.03258923441171646	0.17369060218334198	0.3422492444515228	0.33314648270606995	0.37161025404930115	0.9133365154266357	0.39484459161758423	0.34006911516189575	0.3998185396194458	0.524181067943573	0.2954803705215454	0.353085994720459	0.21582956612110138	0.6718526482582092	0.5187070965766907	0.7665992379188538	0.8110697269439697	0.6405361890792847	0.44729357957839966	0.297641396522522	1.2403641939163208	0.6041753888130188	0.4138631820678711	0.2897683084011078	0.9076414108276367	0.7804645895957947	0.5017386674880981	0.1775485873222351	0.5415869951248169	0.27770519256591797	0.7494120597839355	0.6426358222961426	0.8728011250495911	0.16496187448501587	0.6114546060562134	0.7012123465538025	0.8007878661155701	0.09619656950235367	0.6940943598747253	0.4007626473903656	0.393983393907547	0.3378734290599823	0.07589047402143478	0.4309498965740204	0.2191413789987564	0.4243169128894806	0.8194718956947327	0.40500879287719727	0.580552875995636	0.37329980731010437	0.48311564326286316	1.2476319074630737	0.17663544416427612	0.45549607276916504	0.561265230178833	1.0476139783859253	0.5056146383285522	0.5492011308670044	0.5540925860404968	0.7621523141860962	0.5328677296638489	0.24085718393325806	0.7109838724136353	0.34646278619766235	0.3699399530887604	1.687274694442749	1.3324223756790161	0.2756299376487732	0.3758822977542877	0.8367692232131958	0.30456021428108215	0.2522617280483246	0.3944690525531769	0.5259300470352173	1.6466517448425293	0.558967113494873	0.2971380949020386	0.3822251260280609	0.7560036778450012	0.7349615097045898	0.2095453292131424	0.5631272792816162	1.4320117235183716	0.5259959697723389	1.1636995077133179	0.48026302456855774	0.579359233379364	0.9560819864273071	1.3749617338180542	0.7473440766334534	1.2670618295669556	0.3717361092567444	0.17426632344722748	0.751829206943512	0.5079489946365356	0.5621345043182373	0.7516623735427856	0.2592254877090454	0.41055628657341003	0.24125982820987701	0.577808141708374	0.6115421056747437	0.3348582684993744	0.47551655769348145	0.9778650403022766	0.19129614531993866	0.2627553641796112	0.30478838086128235	0.309970498085022	0.7169907689094543	0.35811373591423035	0.6036365628242493	0.468097448348999	1.8798532485961914	0.5137342214584351	0.25320982933044434	0.29740631580352783	0.8502383828163147	0.44778433442115784	0.7290917634963989	0.0	0.4870224595069885	0.7929075360298157	0.2360270619392395	0.30518776178359985	0.2341226041316986	0.327436625957489	0.681296169757843	0.5031655430793762	0.41823363304138184	0.3248603940010071	0.4194893538951874	0.16369129717350006	0.023967290297150612	0.24059274792671204	0.36405113339424133	0.6847060918807983	0.2233572006225586	0.4217795133590698	0.816379189491272	0.487862229347229	1.5968116521835327	0.04673611745238304	0.3460351526737213	0.5734913945198059	0.6863008141517639	0.7031949758529663	0.42390838265419006	0.3152393698692322	1.1772935390472412	0.5480832457542419	1.3481183052062988	0.1285485178232193	0.36946550011634827	0.2112404853105545	0.5111967921257019	0.33964529633522034	0.3749579191207886	0.3302628993988037	0.07980865985155106	0.4203764796257019	0.22392205893993378	1.0771907567977905	0.2974543273448944	0.294598251581192	0.4310368001461029	1.2149144411087036	0.24275685846805573	0.46282655000686646	0.6823052763938904	0.9888609647750854	0.901478111743927	0.39054566621780396	0.23390591144561768	0.12852436304092407	0.3716389536857605	0.3643322288990021	0.6323727369308472	0.8822335600852966	0.58193039894104	0.6258899569511414	0.5342184901237488	0.8436453342437744	0.8910591006278992	0.25048303604125977	0.3873136639595032	0.38810089230537415	0.17777110636234283	0.5586977005004883	0.4960538446903229	0.2841308116912842	0.5457715392112732	0.47341299057006836	0.4371577799320221	0.6989328861236572	0.2425975650548935	0.8789677619934082	0.036333031952381134	0.37142041325569153	1.2219586372375488	0.44401854276657104	0.5085439085960388	0.3145386278629303	0.6687062978744507	0.5094223618507385	1.1643397808074951	0.3345009982585907	0.4328601360321045	1.0532541275024414	0.404306560754776	1.014630675315857	1.192240834236145	0.23365066945552826	0.45324164628982544	0.8844041228294373	0.39280614256858826	0.5208154320716858	0.31431782245635986	0.2385307401418686	0.15756070613861084	0.4449155628681183	0.4500699043273926	0.47997236251831055	0.3143796920776367	0.3708558976650238	1.3260562419891357	0.15587423741817474	0.9123748540878296	0.5370502471923828	0.26349061727523804	0.5051501989364624	1.107850193977356	0.38549643754959106	0.36012154817581177	0.1935732513666153	0.47276294231414795	0.972847580909729	0.6506909132003784	0.4699972867965698	0.3628487288951874	0.3208567500114441	0.47651851177215576	0.040598686784505844	0.41340765357017517	0.9758812785148621	0.2699219882488251	0.5609577298164368	0.7077376246452332	0.6092690229415894	0.2631739377975464	0.4986318051815033	0.040361009538173676	0.29926082491874695	0.03524337336421013	0.8029825091362	0.4912620186805725	0.37144890427589417	0.5028260350227356	0.7550339698791504	0.7429099678993225	0.4814857542514801	0.16183625161647797	0.1515372097492218	0.007572895847260952	0.6411315202713013	0.6090997457504272	0.38581058382987976	0.40632885694503784	0.4693397581577301	1.1234136819839478	0.3485242426395416	0.11226175725460052	0.4967380464076996	0.6818227767944336	0.6998125314712524	0.6232844591140747	0.2654466927051544	0.5464184284210205	1.106736183166504	0.39194822311401367	0.7570144534111023	0.5867947936058044	0.5852559804916382	0.5612601637840271	0.20710116624832153	0.6226626038551331	0.45644867420196533	0.36622700095176697	0.4416598081588745	0.4811857342720032	0.5559414625167847	0.24362511932849884	0.9876179695129395	0.6436866521835327	0.1741345226764679	0.5844078660011292	0.14553669095039368	0.11147038638591766	0.5886240005493164	0.3566206395626068	0.42131298780441284	0.3192005157470703	1.010616660118103	0.4618046283721924	0.5948576927185059	0.2864396572113037	0.13891670107841492	0.0907742977142334	1.0543938875198364	1.0017210245132446	0.35556086897850037	0.6421784162521362	0.3594937026500702	0.4301457107067108	0.8586679100990295	0.48876315355300903	1.1708155870437622	0.4499410092830658	0.18308362364768982	0.8055717349052429	0.9499099254608154	0.5331523418426514	0.5330203175544739	0.22858919203281403	0.6854469776153564	0.5185539126396179	0.5376434326171875	0.21946559846401215	0.6058301329612732	0.6805306077003479	0.40238550305366516	0.2652345299720764	0.7647593021392822	0.1689358353614807	0.14149443805217743	0.30698269605636597	0.6939262747764587	0.3437010645866394	0.3223731219768524	0.26511138677597046	0.28340238332748413	0.5772466063499451	0.3003882169723511	0.3675485849380493	0.5420375466346741	0.7523790597915649	0.5044558644294739	0.2868327498435974	0.2776384651660919	0.21292105317115784	0.6907181739807129	0.35876142978668213	0.4948589503765106	1.0627223253250122	0.31494179368019104	1.0285515785217285	0.34896254539489746	0.36565080285072327	0.313169002532959	0.4769745171070099	0.1026230901479721	0.4194262623786926	0.593707799911499	0.23305019736289978	0.3482204079627991	0.874127209186554	0.47666871547698975	0.3391629457473755	0.4482335150241852	0.4904537498950958	0.5786142349243164	0.337325781583786	1.0456464290618896	0.47669726610183716	0.4893583357334137	0.6536169648170471	0.37446677684783936	0.7242519855499268	0.47951918840408325	0.2728556990623474	0.5453792810440063	0.6153844594955444	0.651709794998169	0.7297062277793884	0.5631815791130066	0.5369372367858887	0.4222986698150635	0.18320395052433014	0.6168578863143921	0.7527146339416504	0.44618362188339233	0.3936217427253723	0.3999800980091095	0.4154796302318573	0.37116914987564087	0.03098076954483986	0.7206145524978638	0.33746537566185	0.5945370197296143	0.1323113888502121	0.698509693145752	1.474448800086975	1.1090995073318481	0.01924334466457367	1.384519100189209	0.39261966943740845	0.3104378879070282	0.30402323603630066	0.011246545240283012	0.21608178317546844	0.718261182308197	0.19454412162303925	1.2399439811706543	0.0828821063041687	0.3503955602645874	0.5248838663101196	0.48443400859832764	0.6765404939651489	0.3743016719818115	0.6479751467704773	0.5808125734329224	0.33208438754081726	0.3052144944667816	0.09353755414485931	0.6442793607711792	0.45648491382598877	1.0362550020217896	0.3561645746231079	0.5685628652572632	0.8600199222564697	0.4828694462776184	0.48040521144866943	0.5414431691169739	1.2543971538543701	0.3860008120536804	0.08578798919916153	0.9161467552185059	0.745234489440918	0.502099335193634	0.6635428667068481	0.5583304166793823	1.0944037437438965	0.09758071601390839	0.7564085721969604	0.29195573925971985	0.8970496654510498	0.18220698833465576	1.1354002952575684	0.3305419981479645	0.4359946846961975	0.42436832189559937	0.3136337697505951	0.3356283903121948	0.35166066884994507	0.32133743166923523	0.7986287474632263	0.6087446212768555	0.4143340587615967	0.5185531377792358	1.2793512344360352	0.6990213394165039	0.7512571215629578	0.3652019500732422	0.2216857671737671	0.18437924981117249	1.0384042263031006	0.302276611328125	0.40408074855804443	0.34972459077835083	1.0700230598449707	0.37205272912979126	0.2631245255470276	0.8649809956550598	0.3760940432548523	0.19898003339767456	0.48908731341362	0.8241863250732422	0.2627100348472595	0.43422365188598633	0.4489937424659729	0.11955048143863678	0.18939079344272614	0.39384645223617554	0.33629757165908813	0.32824772596359253	0.6921283602714539	0.6154234409332275	0.4923590123653412	0.5182969570159912	0.8827317357063293	0.3237634599208832	0.5721567273139954	0.2574928402900696	0.5826681852340698	0.15557393431663513	0.31646549701690674	0.5586115121841431	0.9170096516609192	0.6138543486595154	0.3309311270713806	0.3487163484096527	0.46522873640060425	0.415866494178772	0.5135486125946045	0.38207608461380005	0.6036281585693359	0.39499813318252563	0.12771987915039062	0.670586109161377	1.2370619773864746	0.40557339787483215	0.41474947333335876	0.6973549723625183	0.2910505533218384	0.7555010914802551	0.571539580821991	0.2880460023880005	0.493421733379364	0.5294308662414551	0.44249507784843445	0.08035819232463837	0.44141441583633423	0.20672793686389923	0.7521254420280457	0.6822871565818787	0.4235321879386902	0.18175922334194183	0.02925398014485836	0.5844398736953735	0.5453866720199585	0.282252699136734	0.28707003593444824	0.5304955244064331	1.063586711883545	0.44367513060569763	0.16971729695796967	0.41783949732780457	0.1548653542995453	0.8940186500549316	0.9162984490394592	0.5044060349464417	0.20842520892620087	1.1413428783416748	0.15470926463603973	1.1525862216949463	0.9729846715927124	0.3203320801258087	0.5457772612571716	0.8387903571128845	0.6908975839614868	0.7635064125061035	0.23324722051620483	1.1520428657531738	0.710243284702301	0.4175381064414978	0.6383201479911804	0.4465528130531311	0.3822934925556183	0.2828938961029053	0.17734327912330627	1.0149646997451782	0.2748963236808777	0.43477070331573486	0.16969610750675201	0.29552122950553894	1.0335739850997925	0.043731700628995895	0.5296528339385986	0.4381052255630493	0.9461556673049927	0.2517009675502777	0.23811447620391846	0.15635628998279572	1.4422335624694824	0.783854067325592	0.42940598726272583	0.15348923206329346	0.3854210078716278	0.14517506957054138	0.21864815056324005	0.6570134162902832	0.5466713309288025	0.7638968825340271	0.3562919497489929	0.48440805077552795	0.13939540088176727	0.07735826075077057	0.2614002227783203	0.9736555814743042	0.12320777773857117	0.49371761083602905	0.4508410394191742	0.6184245347976685	0.40354910492897034	0.24689432978630066	0.5191178917884827	0.48342952132225037	0.27819520235061646	1.1698651313781738	0.779151976108551	0.3231877088546753	0.3190154433250427	0.4069121181964874	0.7727363109588623	0.5307592749595642	0.37161684036254883	0.7353147268295288	0.4650680720806122	0.38311469554901123	0.22169841825962067	0.1767837554216385	0.2671332061290741	0.19959087669849396	1.1818434000015259	0.45360076427459717	0.413429856300354	1.0166810750961304	0.6846856474876404	0.28589579463005066	0.335366427898407	0.4309426546096802	0.538257896900177	0.4568142294883728	0.2578343451023102	0.10908791422843933	0.7094612717628479	0.5824370980262756	0.405557245016098	0.9427581429481506	0.31413349509239197	0.11026778817176819	0.4702053368091583	0.3036074638366699	0.48696836829185486	0.17687147855758667	0.6120561957359314	0.5827733278274536	0.4077753722667694	0.6759144067764282	0.18878287076950073	0.28311118483543396	0.2566491365432739	0.17691080272197723	0.6274585723876953	0.36492663621902466	0.7532791495323181	0.4445994198322296	0.5509060025215149	0.3517264723777771	1.1270555257797241	0.4815289080142975	0.5542213916778564	0.4898284077644348	0.4248933792114258	0.43586960434913635	0.3002205193042755	0.5094785690307617	1.3515639305114746	0.8027541041374207	0.2838973104953766	0.9924796223640442	0.08736785501241684	0.47842535376548767	0.701178789138794	0.37157386541366577	1.1153554916381836	0.3456471860408783	0.7814175486564636	0.7416967153549194	0.3998569846153259	0.43418434262275696	1.4332447052001953	0.6005538105964661	0.19518092274665833	0.35330381989479065	0.4058922231197357	0.4201907813549042	0.3037879467010498	0.4847022593021393	1.3514279127120972	0.42963269352912903	0.0017737047746777534	0.4788322448730469	0.32685187458992004	0.5986227989196777	0.46329325437545776	0.9833962917327881	0.33572113513946533	0.546500027179718	0.05307665467262268	0.40579769015312195	0.45267021656036377	0.2727349102497101	0.12644822895526886	0.3278958201408386	0.8877330422401428	0.21292808651924133	0.21810543537139893	0.12020403146743774	0.226609006524086	0.6804901361465454	0.4353466331958771	0.4607257843017578	0.1367131918668747	0.21953044831752777	0.33552199602127075	0.5315804481506348	0.7203383445739746	0.4633532464504242	0.4456861913204193	0.7700194120407104	0.4433830678462982	0.3047770857810974	0.9629039168357849	0.9061309695243835	1.05657160282135	0.3741573691368103	0.7665719389915466	0.21473351120948792	0.4110186696052551	0.6864749193191528	0.20594772696495056	0.3126697242259979	0.8970125317573547	0.34078410267829895	0.24981918931007385	0.26452481746673584	0.44391754269599915	0.13358499109745026	0.6094182729721069	0.5351231694221497	0.3058755099773407	0.7703341245651245	0.29739904403686523	0.2850534915924072	0.3330986499786377	0.17758731544017792	0.6272274255752563	0.3388783037662506	0.2975965142250061	0.3442915081977844	0.25055477023124695	0.1210842877626419	0.5763747692108154	0.36460232734680176	0.6000839471817017	0.8964189887046814	0.24904480576515198	0.22145256400108337	0.0913611575961113	0.181300550699234	0.35010531544685364	0.5007824301719666	0.48258471488952637	0.5312540531158447	1.1983000040054321	0.6963895559310913	0.38392579555511475	0.19789397716522217	0.10911371558904648	0.38569632172584534	0.7062384486198425	0.9102948307991028	1.2394973039627075	0.6255349516868591	0.8116934299468994	0.33694395422935486	0.39745238423347473	0.3973374664783478	0.5479164123535156	0.3230969309806824	0.1534060686826706	0.5848655700683594	0.24393820762634277	0.49599123001098633	0.15109623968601227	0.9150356650352478	0.12855517864227295	0.5864982604980469	0.5928026437759399	0.862687349319458	0.288682222366333	0.22768062353134155	0.8707517981529236	1.1341593265533447	0.6389849781990051	0.3899438679218292	0.442950576543808	0.636260986328125	0.18678104877471924	0.3362874388694763	0.5996546149253845	0.19384007155895233	0.44391289353370667	0.6736403703689575	0.5891543626785278	0.35941392183303833	1.0217864513397217	0.8816990256309509	0.39447110891342163	0.4816470742225647	0.3815764784812927	0.4387679994106293	0.3830663561820984	0.5678090453147888	0.4585442841053009	0.31819990277290344	0.34086528420448303	0.35670164227485657	1.40769362449646	0.12778010964393616	0.2294461727142334	0.8485295176506042	0.612924337387085	0.4634082317352295	0.3608696758747101	0.8179981112480164	0.25684505701065063	0.30891644954681396	0.6300026774406433	0.6714992523193359	0.6447514891624451	0.3885132968425751	0.0861721932888031	0.3764089345932007	0.285007119178772	1.301853895187378	0.22844555974006653	0.626935601234436	0.4979706406593323	0.22825957834720612	0.303062379360199	0.2988252639770508	0.5397019982337952	0.3795725405216217	0.32433319091796875	0.3292904496192932	0.33884990215301514	0.48183783888816833	0.45870497822761536	0.7884105443954468	0.5047435164451599	0.16282819211483002	0.39981263875961304	0.24366849660873413	0.5031141042709351	0.7437889575958252	0.36720404028892517	0.4984995126724243	0.15115725994110107	0.40550050139427185	0.4663388431072235	0.5859827399253845	0.9608150720596313	0.3166096806526184	0.14010049402713776	0.38195210695266724	0.7688896059989929	0.7035356760025024	0.7050347924232483	0.8130691051483154	0.7179866433143616	0.5673207640647888	0.5627620816230774	0.8853175640106201	0.711124837398529	1.1268755197525024	0.899268627166748	0.3522680103778839	0.7336350083351135	0.7803477644920349	0.3204547166824341	0.659487247467041	0.5758972764015198	0.3553178310394287	1.0628936290740967	0.33049118518829346	0.4866844415664673	1.1965035200119019	0.44154366850852966	0.19005601108074188	0.8737198114395142	0.49541473388671875	1.0702162981033325	0.8412857055664062	0.3266090750694275	0.2188742458820343	0.4333258867263794	1.1070835590362549	0.36535102128982544	0.6277726292610168	0.418930321931839	0.4889465570449829	0.4709574282169342	0.19802357256412506	0.20647859573364258	0.33896470069885254	0.7606284618377686	0.09778893738985062	0.28542178869247437	0.40140384435653687	0.825424313545227	0.10180056840181351	0.24808922410011292	0.16109159588813782	0.5101506114006042	0.4311053454875946	0.4976685345172882	0.23276978731155396	0.41035982966423035	0.2304842174053192	0.9945440888404846	0.118165984749794	0.36832529306411743	0.5357774496078491	0.5371958017349243	0.8537920117378235	0.994604229927063	0.7325006127357483	0.7674673199653625	0.6842473745346069	0.4301879405975342	0.1718643307685852	0.8591829538345337	0.36868011951446533	0.7554948925971985	0.10487916320562363	0.4805167317390442	0.1064525917172432	0.4055289030075073	0.3479771614074707	0.5450915694236755	0.399522066116333	0.7499287128448486	0.8123506307601929	0.4882543683052063	0.4366280734539032	1.006665587425232	0.1987834870815277	1.074723482131958	0.6900491118431091	0.7622844576835632	0.5823677182197571	0.981638491153717	0.1414341926574707	1.063849925994873	0.35790055990219116	0.5387600064277649	0.4541044235229492	0.3142666518688202	1.3795913457870483	0.4771355092525482	0.4729800522327423	0.586285412311554	0.617830216884613	0.3723544478416443	0.27431246638298035	0.20604534447193146	0.4995700716972351	0.3600955605506897	0.7371283769607544	0.13168582320213318	0.7365863919258118	0.4092673063278198	1.357975959777832	0.28166913986206055	0.37679222226142883	0.29256072640419006	0.46043169498443604	1.0178191661834717	0.28935807943344116	0.7831011414527893	0.28693515062332153	0.4392205476760864	0.31334826350212097	0.6008835434913635	0.3933905363082886	0.2546246647834778	0.04824138060212135	1.177044153213501	0.1918671578168869	0.6476179361343384	0.32484132051467896	0.45128917694091797	0.8312593698501587	0.3639664649963379	1.104438304901123	0.5102502703666687	0.2025594562292099	0.35309410095214844	0.2530972361564636	0.21212436258792877	1.8931190967559814	0.8011742830276489	0.29203933477401733	0.5383759140968323	0.21859605610370636	0.5798963308334351	0.42270681262016296	0.5825715661048889	0.46714383363723755	0.17698192596435547	0.28561320900917053	1.1785399913787842	0.41290047764778137	0.3749582767486572	0.6285713315010071	0.011780987493693829	0.22424259781837463	0.12574298679828644	0.7961851358413696	1.6013188362121582	1.356258749961853	0.7639827132225037	0.14637553691864014	0.36779895424842834	0.38300567865371704	0.20632807910442352	0.5926500558853149	0.201154425740242	0.38884416222572327	0.9272788763046265	0.4738176465034485	0.7099714279174805	0.2638874650001526	0.48018786311149597	0.4326891005039215	0.3304807245731354	0.3985631465911865	0.31060051918029785	0.6790016889572144	0.70972740650177	0.19106505811214447	0.46913912892341614	0.142366424202919	0.7948810458183289	0.48883557319641113	0.5260125994682312	0.37776732444763184	0.48397544026374817	0.5179271697998047	0.6762003898620605	0.3346450626850128	0.7959372997283936	0.23332065343856812	0.009312889538705349	0.6313943266868591	0.6846213936805725	0.4193520247936249	0.2163151055574417	0.46377718448638916	0.640041708946228	0.5155637264251709	0.39158087968826294	0.36552420258522034	1.3203004598617554	0.10139048099517822	0.9831857681274414	0.34232619404792786	0.18598447740077972	0.5661287307739258	0.6039606928825378	0.30598199367523193	0.4219738841056824	0.17701049149036407	0.5301505923271179	0.45651814341545105	1.0085078477859497	0.2704680263996124	0.9351948499679565	0.6796303391456604	1.0478047132492065	0.20909610390663147	0.9457238912582397	0.2934633791446686	0.5267019867897034	0.5125917792320251	0.5342926383018494	0.6757928133010864	0.5847172141075134	0.5693497657775879	0.07286761701107025	0.3077743649482727	0.9196243286132812	0.4458208978176117	0.2865300178527832	1.0543465614318848	0.17947496473789215	0.9071589112281799	0.41932767629623413	0.3271951973438263	0.0	0.37241625785827637	0.8487889766693115	0.3429092764854431	0.2725566029548645	0.3595028519630432	0.08126144111156464	0.4896256923675537	0.7198336720466614	0.16441309452056885	0.2598663568496704	0.7437066435813904	0.44880837202072144	0.6690657734870911	0.8725160956382751	0.6816883683204651	0.9412388205528259	0.5174300670623779	0.3932111859321594	0.2710222601890564	0.5494277477264404	0.5805636644363403	0.21840864419937134	0.44850456714630127	0.3796454071998596	0.5277547836303711	0.6374214887619019	0.5314977765083313	0.3961843252182007	0.49264422059059143	0.6446337103843689	0.4722873568534851	0.3423956632614136	0.3383297920227051	0.3665149509906769	0.3523216247558594	0.529333770275116	0.8104249238967896	0.30901873111724854	0.4630125164985657	0.7535228729248047	0.15012557804584503	0.13224637508392334	1.0086278915405273	0.26352232694625854	0.34740084409713745	0.6791957020759583	0.44408440589904785	0.36639881134033203	0.24867656826972961	0.1956351399421692	0.5325354933738708	0.32911065220832825	0.510104775428772	0.029263244941830635	0.18882039189338684	0.12108717858791351	0.18597182631492615	0.8002899289131165	0.7063251733779907	1.4451613426208496	0.43952515721321106	0.34446707367897034	0.08804413676261902	0.47925400733947754	0.3790733218193054	0.4372907876968384	0.8005911707878113	0.30852627754211426	0.1474524736404419	0.43871891498565674	0.4953835606575012	0.23265092074871063	0.41550150513648987	0.4871763586997986	0.9991857409477234	0.3344759941101074	0.7149325013160706	0.8905131816864014	0.3933705985546112	0.46632102131843567	0.2779284715652466	0.8039681911468506	1.017044186592102	0.7025267481803894	0.29089659452438354	1.0714006423950195	1.0522096157073975	0.32340702414512634	0.0	0.18480753898620605	0.4656813144683838	0.4040193259716034	0.20878255367279053	0.223514124751091	0.5067646503448486	0.5853849649429321	0.6919482350349426	0.646065354347229	0.7054485082626343	0.5572342872619629	0.6166856288909912	0.4772029519081116	1.3177740573883057	0.4862051010131836	0.6218305230140686	0.6150134205818176	0.3695003092288971	0.21423490345478058	0.6448704600334167	0.3109610974788666	0.19132907688617706	0.44975757598876953	0.6637516021728516	0.3797680735588074	0.48480790853500366	0.6133444905281067	0.4396188259124756	0.5306317210197449	0.8198709487915039	0.9327876567840576	0.03401525691151619	0.6250970363616943	0.017299309372901917	0.5818371772766113	0.6599063277244568	0.1445506364107132	0.6215987205505371	0.15692934393882751	0.21693655848503113	0.6111071109771729	0.8231005668640137	0.6875185966491699	0.2992972731590271	1.0274194478988647	0.37921571731567383	0.36467450857162476	0.28495606780052185	0.24179287254810333	0.5881710648536682	1.079262137413025	0.1138928160071373	0.3797283172607422	0.26722294092178345	1.0863689184188843	0.5208091735839844	0.41697192192077637	0.478206604719162	0.48578497767448425	0.40645530819892883	0.5531681776046753	0.42790061235427856	0.49444031715393066	0.47464874386787415	0.1204497367143631	0.5011962652206421	0.572981059551239	0.5674224495887756	0.738324761390686	0.8147806525230408	0.40953460335731506	0.9273322820663452	0.1627417504787445	0.1620674580335617	0.6521927118301392	0.6567894220352173	0.7204674482345581	0.2857820987701416	0.907990574836731	0.9452700614929199	0.5697765946388245	0.16194146871566772	0.456418514251709	0.523820698261261	0.819342851638794	0.3091731667518616	0.7187086939811707	0.23705027997493744	0.6085152626037598	0.7452651262283325	0.22160124778747559	0.44392669200897217	0.7980418801307678	0.648999810218811	0.35392436385154724	0.7006176710128784	1.1049613952636719	0.7189298868179321	0.32340008020401	0.03479360416531563	0.2812807857990265	0.4493682086467743	0.40893304347991943	0.6369192004203796	0.29909995198249817	0.40992164611816406	0.2922419309616089	0.43282413482666016	0.6232619285583496	0.658252477645874	0.8717846870422363	0.04288129508495331	0.479263037443161	0.15806898474693298	0.21939806640148163	0.5495266914367676	0.21293433010578156	0.5200778841972351	0.5909281969070435	0.2629549503326416	0.6530145406723022	0.7578418254852295	0.04577770456671715	0.6288790106773376	0.8579831123352051	0.3870962858200073	0.305418461561203	0.6208292841911316	0.5078312158584595	0.6118776798248291	0.4103887677192688	0.9619969129562378	0.15042296051979065	0.0956837385892868	0.6535630226135254	0.6304047703742981	0.42375826835632324	0.01570601761341095	0.18224215507507324	0.5980837941169739	0.4098057746887207	0.9989268183708191	0.36181843280792236	0.7087158560752869	0.2660767138004303	0.9863629937171936	0.5812596082687378	0.42424434423446655	0.9291713833808899	0.5851972103118896	0.6617777347564697	0.4882022440433502	0.8720361590385437	0.24442484974861145	0.4176942706108093	0.4857690930366516	0.6740879416465759	0.48970258235931396	0.4802182912826538	0.2432306706905365	0.11634663492441177	0.05968407168984413	0.7123472094535828	0.12807351350784302	0.20913910865783691	0.6007543206214905	1.370280385017395	0.900091290473938	0.47515350580215454	0.415130078792572	0.6095870733261108	0.3260735869407654	0.2882179319858551	0.04393666982650757	0.25170469284057617	0.538628339767456	0.5038576126098633	0.5645104646682739	0.8409570455551147	0.6169623136520386	0.6568207144737244	0.19787272810935974	0.6059671640396118	0.6307024359703064	0.8833003044128418	0.4780519902706146	0.30033156275749207	0.48636969923973083	0.3757445812225342	0.8683525323867798	0.46673765778541565	0.43648120760917664	0.7440309524536133	0.24370384216308594	0.3271704912185669	0.530783474445343	0.725092887878418	0.4840298891067505	1.0613094568252563	0.33680421113967896	0.2820340394973755	0.43247780203819275	0.37388455867767334	0.3502882719039917	0.20554980635643005	0.6292558908462524	1.132284164428711	0.23303143680095673	0.24720744788646698	0.46760979294776917	0.936881959438324	0.332548588514328	0.7744265794754028	0.35131150484085083	1.1694234609603882	0.26890164613723755	0.2876254916191101	0.3021262288093567	0.1638060361146927	0.631933331489563	0.7061406970024109	0.7814992070198059	0.8109955191612244	0.4357529878616333	0.6308529376983643	0.2483990490436554	0.3107987642288208	0.9249657392501831	0.6422797441482544	0.7874889969825745	0.40909579396247864	0.36291950941085815	0.3938237726688385	0.4960169494152069	0.3682713210582733	0.1793147474527359	1.4660146236419678	0.4347395896911621	0.7547979354858398	0.38240736722946167	0.4004838466644287	0.33499443531036377	0.4751822054386139	0.622545599937439	1.1653196811676025	0.23857757449150085	0.5415850281715393	0.13787755370140076	0.6348518133163452	0.5022967457771301	0.5998795032501221	0.39617252349853516	0.4784644544124603	1.043117642402649	0.7863394021987915	0.17496709525585175	0.23039744794368744	0.12036488205194473	0.2509803771972656	0.3888617157936096	0.264026015996933	0.5046856999397278	0.6021918058395386	0.6868832111358643	0.3937184512615204	0.5114915370941162	0.8080103397369385	0.22541502118110657	0.3121117949485779	0.13361094892024994	0.19055336713790894	0.14938466250896454	0.9078388214111328	0.696319043636322	0.4771595001220703	0.8051921129226685	0.4950310289859772	0.24219003319740295	0.31187617778778076	0.6628484725952148	0.7258077263832092	0.126651793718338	0.5019857287406921	1.0421292781829834	0.776231586933136	0.6435948610305786	0.21097658574581146	0.1367453634738922	0.3913642168045044	0.5607700347900391	0.5169615745544434	0.47825467586517334	0.20301032066345215	0.6495300531387329	0.18778106570243835	0.2564866840839386	0.9231576919555664	0.14930036664009094	0.18456174433231354	0.9037715196609497	0.25342366099357605	0.14418694376945496	0.5795778036117554	0.42565223574638367	0.793513834476471	0.25245338678359985	0.1947038471698761	0.7520514726638794	0.5467067956924438	0.49233877658843994	0.5615574717521667	0.5843870639801025	0.2757614552974701	0.8096833825111389	0.5310457944869995	0.5651070475578308	1.1646201610565186	0.8146006464958191	0.3017774820327759	0.7119985818862915	0.31156161427497864	0.6388917565345764	0.26393038034439087	0.3460591435432434	0.6332148909568787	0.38441088795661926	0.6972223520278931	0.4342181384563446	0.20733441412448883	0.599077582359314	0.42230841517448425	1.3814001083374023	0.5996572971343994	0.4923918843269348	0.32128387689590454	0.4186219573020935	0.4216945171356201	0.16933640837669373	0.5447703003883362	0.46777939796447754	0.6036345362663269	1.0491204261779785	0.4274788498878479	1.1251293420791626	0.3479725122451782	0.601117730140686	0.7205813527107239	1.209272861480713	0.27864688634872437	0.28402355313301086	0.007589272223412991	0.6872379183769226	0.25955361127853394	0.9617374539375305	0.729392409324646	0.17590397596359253	0.4727398157119751	1.0751540660858154	0.8643771409988403	0.3577869236469269	0.5401676893234253	0.3579302430152893	0.17118953168392181	0.4097316861152649	0.3039420247077942	0.7314535975456238	0.7860763072967529	0.33731383085250854	0.4355270564556122	1.4122885465621948	0.5788174271583557	0.4719834327697754	0.6891599893569946	0.6356958150863647	1.2339239120483398	0.13750840723514557	0.008386649191379547	0.4157741665840149	0.195535346865654	0.28218960762023926	0.4700244069099426	1.1941860914230347	0.6782593131065369	0.38130414485931396	0.46117573976516724	0.3461017906665802	0.17643433809280396	0.627251923084259	0.267461359500885	0.2325463891029358	0.15199987590312958	0.07336752861738205	0.5500974655151367	0.6694100499153137	0.12478114664554596	0.7658423185348511	0.29753124713897705	0.1905263066291809	1.0674395561218262	0.4750650227069855	0.7004712820053101	0.4288143515586853	0.5488425493240356	0.30669718980789185	0.6338295936584473	1.3710020780563354	0.2926470637321472	1.1838723421096802	0.0019020559266209602	0.5654047131538391	0.09592661261558533	0.6424664258956909	0.24777328968048096	0.4086044728755951	0.2836124897003174	0.503364622592926	0.3933332562446594	0.15149962902069092	0.38216468691825867	0.20086844265460968	0.5709108710289001	0.44483932852745056	0.589012622833252	0.5282016396522522	0.719742476940155	0.5431063175201416	0.5090287923812866	0.1691146045923233	0.2772611379623413	0.49834156036376953	0.029368530958890915	0.49365952610969543	0.9842157363891602	0.5873058438301086	0.6257467269897461	0.30736243724823	0.29143792390823364	0.300273060798645	0.5074323415756226	0.27735525369644165	0.26727941632270813	0.664600670337677	0.5126221776008606	0.9058864116668701	0.48607391119003296	0.10942886769771576	0.7237318158149719	0.8516069650650024	0.3386174142360687	0.6766537427902222	0.9861152172088623	0.8447438478469849	0.726337730884552	0.48072952032089233	0.3911603093147278	0.20666785538196564	0.32044893503189087	0.7412838339805603	0.7400995492935181	0.6051399111747742	0.27422842383384705	0.47877177596092224	0.26762422919273376	0.5546194314956665	0.6718858480453491	0.5344310998916626	0.10398130118846893	0.2955711781978607	0.26578664779663086	1.0033389329910278	0.08709725737571716	0.6876015067100525	1.0123623609542847	0.7147910594940186	0.20299915969371796	0.3089609146118164	0.04069224372506142	0.24054989218711853	0.17533357441425323	0.6577123403549194	0.9758819937705994	0.5884938836097717	0.9038277268409729	0.37459099292755127	0.23709116876125336	0.8686186075210571	0.6877892017364502	0.5781266093254089	0.37108534574508667	0.347303181886673	0.45581984519958496	0.1315278559923172	0.46114906668663025	0.777772843837738	0.6787950396537781	0.42492109537124634	0.3310534954071045	0.18991582095623016	0.6899742484092712	0.2947542667388916	0.3436695635318756	0.44845205545425415	0.12842482328414917	0.6160549521446228	0.23846405744552612	0.5180760622024536	0.8073075413703918	0.669824481010437	0.8250621557235718	1.1123887300491333	0.7050604224205017	0.35985931754112244	0.25696080923080444	0.6108047962188721	0.30698633193969727	0.7902008295059204	0.7777405381202698	0.44371122121810913	0.4531891942024231	0.3019198775291443	0.8165576457977295	0.16343405842781067	0.33011382818222046	0.8467400074005127	0.5739606618881226	0.4784364700317383	0.23198820650577545	0.3290383517742157	0.8244829177856445	0.4587981700897217	0.7848713397979736	0.42381662130355835	0.4591372609138489	0.5286641120910645	0.43230488896369934	0.5511804819107056	0.5670030117034912	0.2953481674194336	0.5841336250305176	0.5778845548629761	0.2771584093570709	0.7877111434936523	0.41134798526763916	0.5170667767524719	0.0727081298828125	0.6144848465919495	0.5274607539176941	0.3083118498325348	0.18244586884975433	0.24622982740402222	0.6957859992980957	0.3136686384677887	0.5469942688941956	0.7981299757957458	0.25812670588493347	0.4684825837612152	0.8145580887794495	0.5864623785018921	0.5304708480834961	0.11892732232809067	0.2692773640155792	0.3473523259162903	0.8811213970184326	0.1870366930961609	0.2009957730770111	0.6000333428382874	0.2399873286485672	0.5681942105293274	1.1436713933944702	0.8898232579231262	0.5269742012023926	0.6665800213813782	0.5462582111358643	0.3034215569496155	0.3040076494216919	0.40979453921318054	0.4653443992137909	0.4571458697319031	0.18233370780944824	0.5672827363014221	0.4560081660747528	0.26554232835769653	0.3582713007926941	0.6164875626564026	0.2667613923549652	0.1503996104001999	0.3946366310119629	0.8717644810676575	0.29124897718429565	0.5761791467666626	0.6492361426353455	0.3286466598510742	0.3085600435733795	0.4752395451068878	0.5044257640838623	0.38232916593551636	1.0020973682403564	0.7808405756950378	0.3313421308994293	0.6663216352462769	0.39288124442100525	0.6267926096916199	0.2681137025356293	0.43625956773757935	0.5188536047935486	0.5887386798858643	0.24407517910003662	1.231561303138733	0.2985949218273163	0.710070788860321	0.7886909246444702	0.5854939222335815	0.2835129201412201	0.5789943933486938	0.07654902338981628	0.8703506588935852	0.5617409348487854	0.3072286546230316	0.07859590649604797	0.38685137033462524	0.32034212350845337	0.34846994280815125	0.34522178769111633	0.39185357093811035	1.1111317873001099	0.55069899559021	0.14334508776664734	0.71949702501297	0.2401421219110489	0.19491718709468842	0.31191280484199524	0.5445948243141174	0.64662766456604	0.6837125420570374	0.3343862295150757	0.9225123524665833	0.6006856560707092	0.5158587694168091	0.06496021896600723	0.2852758765220642	0.11888431012630463	0.5153934955596924	0.28889602422714233	0.8516988754272461	0.6014161705970764	0.47600454092025757	0.14275051653385162	0.2996354103088379	0.7618250846862793	0.5802188515663147	0.4994778037071228	0.36506199836730957	0.30920201539993286	0.610956609249115	0.783233642578125	0.27970123291015625	0.5770344138145447	0.2500842213630676	0.7159650325775146	0.37121501564979553	0.53093022108078	0.8596406579017639	0.5341241955757141	0.29343533515930176	0.389935165643692	0.8948854207992554	0.5510455965995789	0.3958413600921631	0.40183478593826294	0.38544976711273193	0.15415416657924652	0.25273776054382324	0.3607688844203949	0.6339748501777649	0.2368403971195221	0.48687610030174255	0.1536714732646942	0.6057019829750061	0.680355429649353	0.3870428502559662	0.7420459985733032	0.19143225252628326	0.7551258206367493	0.3843763768672943	0.4580081105232239	0.22275984287261963	0.28255099058151245	0.4600575864315033	0.4308067262172699	0.3547528088092804	0.6541860103607178	0.7805333733558655	0.4425681531429291	0.3177875876426697	0.26443061232566833	0.6508437991142273	0.13148833811283112	0.32500454783439636	0.29704228043556213
0.4775831699371338	0.17605330049991608	0.3475063741207123	0.0	1.2406457662582397	0.4481019973754883	0.3010867238044739	1.2232911586761475	0.13126935064792633	0.13066163659095764	0.15624213218688965	0.23594696819782257	1.088099718093872	0.4850987195968628	0.2972971796989441	0.86476731300354	0.13947778940200806	0.7570407390594482	0.34598755836486816	0.6267844438552856	0.9515272378921509	0.29978060722351074	0.15048949420452118	0.31130820512771606	0.8278955221176147	0.9412075281143188	0.10674837231636047	0.5368256568908691	0.5782730579376221	0.54833984375	0.7324773073196411	0.7592856884002686	0.3695359528064728	0.39679285883903503	0.436461865901947	0.5129392147064209	0.25821900367736816	0.493510901927948	0.3563365638256073	0.4487471282482147	0.7307153940200806	0.22041192650794983	0.5227347612380981	0.2973957657814026	0.4138050079345703	0.47989267110824585	0.30740460753440857	0.10527675598859787	0.17558301985263824	0.42548078298568726	0.8066255450248718	0.3313368856906891	0.46610328555107117	0.5028136372566223	0.7332406044006348	0.21537858247756958	0.08898302912712097	1.225244164466858	0.2680721879005432	0.16229768097400665	0.13967764377593994	0.7801510095596313	0.11472155153751373	0.5480934977531433	0.4692271053791046	0.546414852142334	0.863027811050415	0.5089621543884277	0.06603879481554031	0.3464528024196625	0.3517930805683136	0.2870911657810211	0.3980427384376526	0.6374762058258057	0.7128183245658875	0.5700727701187134	0.8048877120018005	0.3968755602836609	0.2855718731880188	0.43545687198638916	1.100142002105713	0.4453348219394684	0.2624638080596924	0.4746924638748169	0.3736174702644348	0.3731843829154968	0.5738782286643982	1.1162790060043335	0.6220166683197021	0.3826267123222351	0.6842746734619141	0.49710023403167725	0.48880329728126526	0.763913631439209	0.4905397593975067	0.3896975517272949	0.2794354557991028	0.45383480191230774	0.6995150446891785	0.6393893361091614	0.021414006128907204	0.8019348382949829	0.1127055436372757	0.9439370632171631	0.689632773399353	0.17838026583194733	0.5386024713516235	0.21913518011569977	0.9223381280899048	0.7145607471466064	0.694658637046814	0.15518909692764282	1.263033390045166	0.49641963839530945	0.7198948860168457	0.3629986643791199	0.57374107837677	1.056335210800171	0.030932266265153885	0.11880655586719513	0.9304946660995483	0.6318612098693848	0.4652087688446045	0.2338840514421463	1.0545570850372314	0.4419770836830139	0.4286344051361084	0.7813735008239746	0.6287285089492798	1.3627338409423828	0.17315319180488586	0.17669300734996796	0.5520941615104675	0.5393325090408325	0.36924508213996887	0.2562089264392853	0.899872899055481	0.16856446862220764	0.5050675868988037	0.3418695330619812	0.4272631108760834	0.2381105273962021	0.6702475547790527	0.2072201371192932	0.6591413021087646	1.0403887033462524	0.7842547297477722	0.6715402603149414	1.118015170097351	0.7328188419342041	0.289278507232666	0.2570496201515198	0.9915043115615845	0.28363147377967834	0.5380006432533264	0.3669595718383789	0.4246177077293396	0.7697782516479492	0.13317184150218964	0.23925232887268066	0.35166022181510925	0.8006449341773987	0.208196759223938	0.31583333015441895	0.3328630328178406	0.2923958897590637	0.029333265498280525	0.17649529874324799	0.08820811659097672	0.05425173416733742	0.2910422682762146	0.5881170630455017	0.5290369987487793	0.6302406787872314	0.29941439628601074	0.38484877347946167	0.5834324359893799	0.8353736996650696	0.06972859799861908	0.4397941827774048	0.33022481203079224	0.13560417294502258	0.33572977781295776	0.6464526057243347	0.741119384765625	0.30134087800979614	0.5971078872680664	0.24999134242534637	0.4950219988822937	0.5935124754905701	0.7150083780288696	0.32500335574150085	0.7387759685516357	0.25839582085609436	0.6287511587142944	0.1541602909564972	0.8057960867881775	0.29597562551498413	0.653438925743103	0.6117385625839233	0.4587262272834778	0.18648003041744232	0.6904875636100769	0.735177218914032	0.9481151103973389	0.4466403126716614	0.30343517661094666	0.17648698389530182	0.05424903333187103	0.7753921747207642	0.06948640942573547	0.5803316235542297	0.21659539639949799	0.5700250864028931	0.29555174708366394	0.5458512306213379	0.5169953107833862	0.4146471321582794	0.40639612078666687	0.8129419088363647	0.2725456655025482	0.35343191027641296	0.4285839796066284	0.9781837463378906	0.4346657991409302	0.8527007699012756	1.0441083908081055	0.790015459060669	0.31405094265937805	0.04851946234703064	1.002747893333435	0.2826348841190338	0.3527580201625824	0.7438886165618896	1.2432283163070679	0.43135178089141846	0.2271869033575058	0.9620262384414673	0.3122433125972748	0.1570202112197876	0.46753260493278503	0.636082112789154	1.2794420719146729	0.5646784901618958	0.5483764410018921	0.10600970685482025	0.3688264787197113	0.8156206011772156	0.19490259885787964	1.1253478527069092	1.3352782726287842	1.2151864767074585	0.8046604990959167	0.3484770655632019	0.48672381043434143	0.7754034996032715	0.8912978172302246	0.9247678518295288	1.2921324968338013	0.35484620928764343	0.29647964239120483	0.8312733173370361	0.4713706970214844	0.4575928747653961	0.7297695279121399	0.31496554613113403	0.45665502548217773	0.3424556255340576	0.40545225143432617	0.9692084789276123	0.8291119933128357	0.9445231556892395	0.7418120503425598	0.31974542140960693	0.0900467187166214	0.18387219309806824	0.2735086679458618	0.6649290323257446	0.3072226047515869	0.7316946387290955	0.04360705986618996	0.9160457253456116	0.25182288885116577	0.200637549161911	0.5350217223167419	1.542793869972229	0.4065941572189331	1.0761607885360718	0.05367396026849747	0.4429701566696167	0.6993787884712219	0.3680992126464844	0.42675188183784485	0.17235608398914337	0.3226320445537567	0.5248770713806152	0.7655147314071655	0.4795861840248108	0.23612841963768005	0.49758443236351013	0.23173263669013977	0.12746410071849823	1.078730583190918	0.3864348232746124	0.2699940800666809	0.20140956342220306	0.3257606625556946	0.44919583201408386	0.5094418525695801	1.2649123668670654	0.5452739596366882	0.2208767533302307	0.9484999179840088	0.7705228328704834	0.15118439495563507	0.6713193655014038	0.16197644174098969	0.8391923904418945	0.7370197176933289	1.0614031553268433	0.3851475119590759	0.10189825296401978	0.3918956518173218	0.15119490027427673	0.814564049243927	0.4578610360622406	0.1652548909187317	0.22310870885849	0.3223308026790619	0.462169885635376	1.1035646200180054	0.535042405128479	0.16921308636665344	0.4079776406288147	0.6656127572059631	0.28887465596199036	0.9555467367172241	0.5165303349494934	0.9569247961044312	1.1628822088241577	0.2084789276123047	0.04017297178506851	0.13040348887443542	0.46906787157058716	0.2692315876483917	0.45001107454299927	0.5889967083930969	0.6231207251548767	1.142800211906433	0.2682443857192993	0.995961606502533	0.3876391649246216	0.13712330162525177	1.0895575284957886	0.9395736455917358	0.15597163140773773	0.32716161012649536	0.6554162502288818	0.24303381145000458	0.5426142811775208	0.7040557861328125	0.8369946479797363	0.6474306583404541	0.2742866277694702	0.7519235610961914	0.032126761972904205	0.3210795223712921	1.0395712852478027	0.6310745477676392	0.3268126845359802	0.37485507130622864	0.3159453272819519	0.2697324752807617	0.6363592743873596	0.21081796288490295	0.7088399529457092	1.116474986076355	0.34426143765449524	1.029045581817627	1.0780348777770996	0.39215224981307983	1.0642606019973755	0.3842592239379883	0.5643956065177917	0.46834906935691833	0.38118261098861694	0.4042593836784363	0.11290436238050461	0.48006558418273926	0.24942132830619812	0.40560227632522583	0.7273513078689575	0.14909818768501282	1.0947080850601196	0.46740520000457764	0.6739984750747681	0.6783676147460938	0.29613304138183594	1.1047399044036865	0.9762212038040161	0.6467606425285339	0.8166863918304443	0.3102809190750122	0.7975270748138428	0.5428975820541382	0.4529924690723419	0.351472944021225	0.5530665516853333	0.6861087083816528	0.3597748577594757	0.38594311475753784	0.6725878119468689	1.1885714530944824	0.13391122221946716	0.869103729724884	0.4711018204689026	0.41419631242752075	0.38575267791748047	0.5953716039657593	0.14588573575019836	0.5242195725440979	0.10581308603286743	0.8705887794494629	0.5642266273498535	0.2758216857910156	0.2609696090221405	0.3892844617366791	0.6605334281921387	0.48185229301452637	0.18336176872253418	0.27198609709739685	0.01974571868777275	0.3992580771446228	0.26704174280166626	0.22759942710399628	0.37501874566078186	0.631341278553009	0.8988040685653687	0.3763192296028137	0.0	1.0604829788208008	0.8246756196022034	1.1575658321380615	0.9266558289527893	0.4467988610267639	0.36091890931129456	0.9873253107070923	0.4493343234062195	0.629840612411499	0.8551828861236572	0.1733207255601883	0.357793927192688	0.23258404433727264	0.9586650133132935	0.30021727085113525	0.16169431805610657	1.0721750259399414	0.4099019765853882	0.5296986103057861	0.1306481510400772	0.9619672298431396	0.4731990694999695	0.2713598608970642	0.17989575862884521	0.44553983211517334	0.23780886828899384	0.014369258657097816	0.4137655794620514	0.2081746906042099	0.3665788769721985	0.9729748964309692	0.26360297203063965	0.6717411875724792	0.19489337503910065	0.8596829175949097	0.17265793681144714	0.8871657252311707	1.1063315868377686	0.4387904107570648	1.28192138671875	0.4062015414237976	0.3695049285888672	0.9598889946937561	0.2485615313053131	0.7219459414482117	0.6492111682891846	0.4448069632053375	1.0672528743743896	0.9531607627868652	0.25136181712150574	0.3299441337585449	0.40140658617019653	1.0908902883529663	0.6696388721466064	0.2798207402229309	0.34486421942710876	0.43875184655189514	0.24666225910186768	0.19508038461208344	0.8309483528137207	0.9715936183929443	0.38393816351890564	0.15572912991046906	0.21870507299900055	0.49553346633911133	1.004076600074768	0.16000762581825256	1.0256993770599365	0.08054610341787338	0.19729796051979065	0.2759047746658325	0.34259679913520813	0.7161464095115662	0.31227511167526245	0.46912145614624023	0.4836058020591736	0.3270447552204132	0.10797931998968124	1.0114754438400269	0.8264124989509583	0.21291258931159973	0.9719042778015137	0.7649309635162354	0.8834683895111084	0.4707162082195282	0.4964393675327301	0.8005217909812927	0.3050544857978821	0.006709098815917969	0.805723249912262	0.17495444416999817	0.5440953969955444	0.6665094494819641	0.7244005799293518	0.6925777792930603	0.47987300157546997	0.21582812070846558	0.24882663786411285	0.5360150933265686	0.29936483502388	0.725142240524292	0.6884788870811462	0.3348188102245331	0.8571689128875732	0.19609731435775757	0.22928878664970398	0.6645258665084839	0.041238933801651	0.7430275082588196	0.3491448760032654	0.1572047472000122	0.3784904181957245	0.573884129524231	0.4995895028114319	0.1657029092311859	0.2933497726917267	0.7003724575042725	0.4025658667087555	0.7822346091270447	0.5277144312858582	0.45315781235694885	1.3256474733352661	0.3007242977619171	0.22095537185668945	1.0938942432403564	0.35734447836875916	0.9531931281089783	0.07201458513736725	0.3409486413002014	0.801516056060791	0.8214079141616821	0.4122832417488098	1.3608982563018799	0.15118515491485596	0.1283738911151886	0.5939959287643433	0.13402636349201202	0.3590090274810791	0.3028036057949066	0.27915456891059875	0.5448490381240845	0.42355039715766907	0.5436978340148926	0.5293353796005249	0.4124695360660553	0.6028749346733093	0.39969345927238464	0.11785241961479187	0.6072999835014343	0.36518535017967224	0.8094409704208374	0.5788543224334717	0.6604911684989929	0.5772902369499207	0.5565941333770752	0.18903277814388275	0.23043832182884216	0.4013494551181793	0.6411507725715637	0.44050997495651245	0.3874112665653229	0.6732466816902161	0.38171252608299255	0.343559592962265	0.7149785161018372	0.643695056438446	0.7023314237594604	0.6827638745307922	0.13134612143039703	0.08847583830356598	0.2267361283302307	0.4647211730480194	0.2918645441532135	0.5472603440284729	0.31027916073799133	0.26555681228637695	0.39412954449653625	0.31052133440971375	0.0985364019870758	0.46162548661231995	0.3733728229999542	0.24042117595672607	0.4941979646682739	0.6262606382369995	0.3423011600971222	0.3641330897808075	0.10629895329475403	0.984870195388794	0.46139881014823914	0.8868414759635925	0.4395572245121002	0.44426578283309937	0.25920888781547546	1.0832469463348389	0.25191259384155273	0.1740686297416687	0.14410662651062012	0.12336300313472748	0.3097606599330902	0.3843285143375397	0.25636258721351624	0.3375386595726013	0.330232709646225	0.4593597948551178	0.8784154057502747	0.36167365312576294	0.5433629751205444	0.6563990712165833	0.04585176706314087	0.24153147637844086	0.50834059715271	0.1139209121465683	0.4632940888404846	0.8620508313179016	0.5339672565460205	0.6375563740730286	0.36724698543548584	0.7449663281440735	0.45582184195518494	0.4213625490665436	0.341223806142807	0.3932589888572693	0.22369571030139923	0.242542564868927	0.7374925017356873	0.5313971638679504	0.8428873419761658	0.12239108234643936	1.6153254508972168	0.5823188424110413	0.6022127866744995	0.9111284017562866	0.571494996547699	0.5515059232711792	0.5742954015731812	0.4329482316970825	1.1722166538238525	1.0657035112380981	0.7670350074768066	0.36829257011413574	0.3787795901298523	0.4813622236251831	0.6373452544212341	0.2953140139579773	0.6194159984588623	0.4617018699645996	0.2655203640460968	0.44656193256378174	0.0997353047132492	0.5375171899795532	1.107208013534546	0.7137937545776367	0.059879548847675323	0.2214001566171646	0.27606138586997986	0.034169696271419525	0.6743593811988831	0.7215982675552368	0.6317453384399414	0.6720807552337646	0.4310244619846344	0.5947049856185913	0.12410977482795715	0.16466563940048218	0.37705332040786743	0.3122805058956146	0.7468660473823547	0.304678738117218	0.23210294544696808	0.33375951647758484	1.0294787883758545	0.5866008400917053	0.9194759130477905	0.6912766098976135	0.2558037340641022	0.7491226196289062	0.12605193257331848	0.22211986780166626	0.23719297349452972	0.7281888723373413	0.9765187501907349	0.7626848220825195	0.4632810950279236	0.727078914642334	0.6978886723518372	0.2227020114660263	0.9207426905632019	0.16936400532722473	0.38564884662628174	0.3241540789604187	0.2972458004951477	0.2693760395050049	0.327051043510437	0.7556278705596924	0.32574471831321716	0.8212254643440247	0.4159266948699951	0.7605689764022827	0.23613493144512177	0.19492140412330627	0.3707277178764343	0.9587574005126953	0.643067479133606	0.4783540964126587	0.4525831341743469	0.6458145976066589	0.2499295473098755	0.3695196807384491	0.5350378751754761	0.01609448716044426	0.42929837107658386	0.46854594349861145	0.393341064453125	0.15304754674434662	0.15342235565185547	0.43863052129745483	1.0808417797088623	0.3474994897842407	0.5906739234924316	0.9474415183067322	1.1092573404312134	0.8659215569496155	0.2982272803783417	0.5934364795684814	0.35901230573654175	0.2271205484867096	1.084835171699524	0.46624502539634705	0.36779019236564636	0.5566626787185669	0.627905547618866	1.3739885091781616	0.7809022068977356	0.49100786447525024	0.8967320919036865	0.5958660244941711	0.7484257221221924	0.34077292680740356	0.2784024775028229	0.47424590587615967	0.9972212314605713	1.4707939624786377	0.3587227463722229	0.3219141960144043	0.47483521699905396	0.23281647264957428	0.23807072639465332	0.17377100884914398	0.5619465708732605	0.21440553665161133	1.1779675483703613	0.415317565202713	0.030907034873962402	0.7352046966552734	0.3058846592903137	0.4729626774787903	1.544616937637329	0.23459084331989288	0.22516392171382904	0.075853630900383	0.2703836262226105	0.6755024194717407	0.8331226110458374	0.8289556503295898	0.2757873833179474	0.32359978556632996	1.4103777408599854	0.795701801776886	1.0807794332504272	0.36024436354637146	0.20916643738746643	0.44850021600723267	0.5638443827629089	0.47102925181388855	0.3579009771347046	0.6311116218566895	1.0703794956207275	0.8194462060928345	0.3986043930053711	0.523087739944458	0.44836047291755676	0.36865925788879395	0.29454946517944336	0.09212682396173477	0.4476591944694519	0.751847505569458	0.18420569598674774	0.2593511641025543	0.7545506358146667	0.23720842599868774	0.5024325251579285	0.6940151453018188	0.8045669198036194	0.9174171686172485	0.9213410019874573	0.600450336933136	0.6785097122192383	0.7706559896469116	0.3784395754337311	1.1401121616363525	0.6761427521705627	0.11422634869813919	0.691018283367157	0.40568041801452637	0.2105741947889328	0.5254138112068176	0.4396732449531555	1.2106688022613525	0.870368242263794	0.06723368912935257	0.37906745076179504	0.29191890358924866	0.5558083653450012	0.8402491211891174	0.8603758215904236	0.34417515993118286	0.37328198552131653	0.16140373051166534	0.3486652672290802	0.38001641631126404	0.5189154148101807	0.14801643788814545	0.2777898609638214	1.037807583808899	0.39239466190338135	0.4955258071422577	0.03653045743703842	0.29609236121177673	0.33813029527664185	0.1607304960489273	0.2511378228664398	0.4565287232398987	0.431367427110672	0.10281118750572205	0.4182151257991791	0.4404846429824829	0.3955780267715454	0.5433468222618103	0.9277664422988892	0.2943882346153259	0.9286446571350098	0.697811484336853	0.6111212968826294	0.9994962811470032	0.1876949518918991	0.8088364601135254	0.5226158499717712	0.3331657648086548	0.09644323587417603	0.20491957664489746	0.2261982262134552	1.0004810094833374	0.36381080746650696	0.40466469526290894	0.7282848358154297	0.3321336507797241	0.15940390527248383	1.07598078250885	0.664184033870697	0.12999527156352997	0.2682946026325226	0.3659183084964752	0.7747122049331665	0.33785566687583923	0.23113717138767242	0.7486921548843384	0.6281068325042725	0.3803446292877197	0.43752798438072205	0.34122350811958313	0.10410618036985397	0.31547850370407104	0.37567266821861267	0.40222862362861633	0.5691881775856018	0.6009652018547058	0.34384867548942566	0.11223224550485611	0.2598394751548767	0.3848193883895874	0.8658424615859985	0.21249762177467346	0.4897477924823761	1.0154469013214111	0.6889880299568176	0.5277256965637207	0.40650269389152527	0.21929402649402618	0.36257919669151306	0.42466631531715393	0.7611221671104431	1.0220985412597656	0.3254680335521698	1.0829769372940063	0.5180056691169739	0.42085015773773193	0.4480527341365814	0.18547508120536804	0.050808269530534744	0.45782744884490967	0.37888625264167786	0.23105229437351227	0.36183759570121765	0.3796834349632263	0.8854141235351562	0.1570683866739273	0.643925130367279	0.6023248434066772	1.135911464691162	0.4806106686592102	0.29678869247436523	0.66892009973526	1.3882064819335938	0.41168472170829773	0.5621106028556824	0.7150840759277344	0.9624741077423096	0.35905343294143677	0.6144616603851318	0.5112001895904541	0.2315249741077423	0.31068986654281616	0.3453947901725769	0.39047566056251526	0.5372009873390198	0.5649968385696411	0.5747154355049133	0.23632590472698212	1.592625379562378	0.7078864574432373	0.22083406150341034	0.3104735314846039	0.46029114723205566	0.28287601470947266	0.1566702425479889	0.5633222460746765	0.6269322037696838	1.059875249862671	0.4777037501335144	0.196197509765625	1.0478551387786865	0.6493480801582336	0.5099278092384338	0.6129038333892822	0.6358404755592346	0.10151738673448563	0.34054791927337646	0.3361576795578003	1.0978302955627441	0.9749362468719482	0.33987462520599365	0.5189427733421326	0.1712578982114792	0.318134069442749	1.2833994626998901	0.3981513977050781	0.9222619533538818	0.6898106336593628	0.7039764523506165	0.14559173583984375	0.36148080229759216	0.649831235408783	0.5138152241706848	0.7322795987129211	0.3598523736000061	0.3224911391735077	0.4270734190940857	0.5457700490951538	0.826657235622406	0.39175722002983093	1.0793637037277222	0.4137783944606781	0.2135930359363556	0.43813756108283997	0.7393301129341125	0.8075152635574341	0.5000607967376709	0.48938697576522827	0.686127781867981	0.8237611055374146	0.08807763457298279	0.7075810432434082	0.35803523659706116	0.5939299464225769	0.48726460337638855	0.1976056694984436	0.5169576406478882	0.5708705186843872	0.7370108366012573	0.7407865524291992	0.733412504196167	0.9541487097740173	1.3298804759979248	0.0629633367061615	0.7120535373687744	0.8283022046089172	0.6883772015571594	1.1289435625076294	0.8294896483421326	0.24807998538017273	0.8848512768745422	0.4651247262954712	0.10857312381267548	0.9054747819900513	0.3484448194503784	0.060539573431015015	0.7531527280807495	0.17484888434410095	0.18020765483379364	0.865028440952301	0.7810512185096741	0.835521399974823	0.9716155529022217	0.3667944073677063	0.3714204430580139	0.15482351183891296	0.706928551197052	0.6101577281951904	0.5698730945587158	0.20084315538406372	0.7656737565994263	0.38755324482917786	0.9218666553497314	0.1255488395690918	0.29598692059516907	0.6888913512229919	0.08161192387342453	0.31769242882728577	0.3307924270629883	1.1842108964920044	0.0	0.47675663232803345	0.7609613537788391	0.24566176533699036	0.2863405644893646	0.2478693276643753	1.0964826345443726	0.16681210696697235	0.3702847957611084	0.6462180018424988	0.22996415197849274	0.40003347396850586	0.5028955340385437	0.5642411112785339	1.0312477350234985	0.4810042083263397	0.8841407895088196	0.9308834075927734	0.611693799495697	0.4395627975463867	0.24484649300575256	1.1568574905395508	0.2802998125553131	0.5195942521095276	0.1658819615840912	0.21766556799411774	0.43315866589546204	0.7297900319099426	0.31386858224868774	0.8574891090393066	0.1556784212589264	0.985209047794342	0.8954858779907227	1.006685495376587	0.5109238028526306	0.5867913961410522	0.154672309756279	0.8788528442382812	0.6820082068443298	0.6420232057571411	1.0132404565811157	0.9685478806495667	0.25485166907310486	1.1257954835891724	0.3625124394893646	0.20627480745315552	0.358257532119751	0.3604833483695984	0.780697226524353	0.6162668466567993	0.38694995641708374	0.03127478063106537	0.49085918068885803	0.21779435873031616	0.2281782031059265	0.30236518383026123	0.5242522358894348	0.42453548312187195	0.34293583035469055	0.11106275022029877	0.2308565229177475	0.5601480603218079	1.2186247110366821	0.5178090929985046	0.43395912647247314	0.41913408041000366	0.1961953043937683	0.1569092869758606	0.30697840452194214	0.818376362323761	0.22121113538742065	0.4747423231601715	0.2234516143798828	1.7699717283248901	0.48579126596450806	0.25735580921173096	0.18308886885643005	0.7180020809173584	0.27063292264938354	0.70087069272995	0.2933444082736969	0.24631986021995544	0.5043046474456787	0.21394571661949158	0.9594632983207703	0.45309507846832275	0.14033831655979156	0.9029660820960999	0.24272334575653076	0.3781316578388214	1.3921687602996826	0.6197911500930786	0.4617409110069275	0.13005976378917694	0.9575729966163635	0.6732242107391357	0.6520459651947021	0.2840860188007355	0.973872184753418	0.527245819568634	0.5668809413909912	0.5917218327522278	0.5553621649742126	0.2471776157617569	0.7048960328102112	0.09676665812730789	0.2757919728755951	0.28800925612449646	0.35639694333076477	1.0175002813339233	0.8678585290908813	0.6728399395942688	0.29003605246543884	0.6097344160079956	0.3026864528656006	0.584514856338501	0.6099879741668701	0.41545504331588745	0.4456110894680023	0.6278402209281921	0.7426543235778809	0.9828288555145264	0.4821358323097229	0.5979118943214417	0.4716574251651764	0.19758260250091553	0.28293377161026	0.12577000260353088	0.6455642580986023	0.5535708069801331	0.6694248914718628	0.6525534391403198	0.3954746425151825	0.5868892669677734	0.3367021679878235	0.5245037078857422	0.5559006929397583	0.35668057203292847	0.8964245319366455	0.819250226020813	0.3746013045310974	0.2588707208633423	0.19073663651943207	0.22069701552391052	0.6058279275894165	0.7377350926399231	0.3899605870246887	0.47287240624427795	0.3336595296859741	0.6350159049034119	0.32771065831184387	0.313852995634079	0.380161851644516	1.0403212308883667	0.2716018855571747	0.9325153827667236	0.35528844594955444	1.0937066078186035	0.6327028870582581	0.5057986974716187	0.6373449563980103	0.052063968032598495	0.2282673716545105	0.2628381848335266	0.6778537034988403	1.214651107788086	0.44366079568862915	1.150978922843933	0.5748514533042908	0.33891481161117554	0.8856444954872131	0.6704447269439697	0.7860280275344849	0.4929935336112976	1.0224303007125854	0.4664701223373413	0.6153744459152222	0.33847978711128235	0.6799447536468506	0.5796363353729248	0.2965354323387146	0.6632382869720459	0.33897337317466736	0.27578628063201904	1.1144983768463135	0.2057182788848877	0.4819522500038147	0.5411998629570007	0.5642094612121582	0.029717277735471725	0.517453670501709	0.4302554130554199	0.1301080286502838	0.2129422426223755	0.6343700885772705	0.17487835884094238	0.21171537041664124	0.7188816070556641	0.26225125789642334	0.5172447562217712	0.6447771787643433	0.5934781432151794	0.7620939612388611	0.8213925361633301	0.7857403755187988	0.8473358750343323	0.7199020981788635	0.931135892868042	0.22266075015068054	0.5809503197669983	0.5726714134216309	0.24041567742824554	0.735275387763977	0.43216612935066223	0.7787222862243652	0.390898734331131	0.2712373435497284	1.1547880172729492	0.5391029715538025	1.0669015645980835	0.7725921869277954	0.42118576169013977	0.4989957809448242	0.42908766865730286	0.07870025932788849	0.3217249810695648	0.7789164781570435	0.21549594402313232	0.2994009554386139	0.729892909526825	0.19866934418678284	0.08129456639289856	0.749966561794281	0.6433438062667847	0.123173289000988	0.6970356702804565	0.2172321081161499	0.2914748191833496	0.25947457551956177	0.2291124165058136	0.19632332026958466	0.27289557456970215	0.6136034727096558	0.06686821579933167	0.6590120196342468	0.4193812608718872	0.21126390993595123	0.7296834588050842	0.31266891956329346	0.8961915969848633	0.2026986926794052	0.4651305079460144	0.1659258008003235	0.6053941249847412	0.5034313797950745	0.6187826991081238	0.2557331621646881	0.3453987240791321	0.49243634939193726	0.683968186378479	0.1425865739583969	0.29400667548179626	0.42996734380722046	0.47174081206321716	1.0417922735214233	0.3894638121128082	0.36700505018234253	0.7492610812187195	0.8463292121887207	0.29546505212783813	0.2289166897535324	1.0154118537902832	0.8910597562789917	0.3528039753437042	0.44869136810302734	0.6600504517555237	0.9541117548942566	0.35420897603034973	0.10027524828910828	0.5173889398574829	0.6345001459121704	0.23406514525413513	0.7248103618621826	0.2577919363975525	0.4168272912502289	0.9233173727989197	1.056687593460083	0.7699347138404846	0.8505387902259827	0.4981548488140106	0.3346365988254547	0.8546088933944702	1.3519515991210938	0.25329291820526123	0.4073579013347626	0.6182323098182678	0.437092661857605	0.2607779800891876	0.3618795573711395	0.43246543407440186	0.49139198660850525	0.4085029065608978	0.714583158493042	0.2622557282447815	0.6550742983818054	0.35342296957969666	0.13871780037879944	0.7205273509025574	0.4623687267303467	0.9527318477630615	0.11354930698871613	0.8072019815444946	0.08742380887269974	0.9544258713722229	0.521305501461029	0.21087218821048737	0.38812652230262756	0.21442118287086487	0.30209431052207947	0.7459801435470581	0.8906182050704956	1.4915772676467896	0.31140464544296265	0.9341636896133423	0.6729941368103027	0.39747321605682373	0.34886008501052856	0.2237376570701599	0.7967803478240967	0.8129376769065857	0.31238237023353577	0.25571003556251526	0.2735998034477234	0.6474882960319519	0.35190728306770325	0.11822296679019928	0.8945947289466858	1.1558400392532349	0.22060903906822205	1.1172740459442139	0.940757155418396	0.7257315516471863	0.40214407444000244	0.035323891788721085	0.47739511728286743	0.5344052910804749	0.4900261461734772	0.7418253421783447	1.124049186706543	0.8324941396713257	0.6994028091430664	0.2262769341468811	0.34132030606269836	1.1824206113815308	0.263378381729126	0.7671189904212952	0.22784486413002014	0.6855670213699341	0.8269088268280029	0.36428239941596985	0.41475510597229004	0.5313746333122253	0.7905066609382629	0.8207233548164368	0.16704712808132172	0.8206762671470642	0.5456290245056152	0.9551929235458374	0.1615023910999298	0.3777608573436737	0.439384400844574	0.6223275065422058	1.1017355918884277	0.2287960648536682	0.09093569964170456	0.12574748694896698	0.4021628201007843	0.543422281742096	0.14026659727096558	0.28375551104545593	0.4681077003479004	0.12331270426511765	0.4032859802246094	0.5202632546424866	0.5659180879592896	0.20343071222305298	0.3863769769668579	0.8161512613296509	0.5911546945571899	0.41302019357681274	0.9725267887115479	0.6099115610122681	0.0735393688082695	0.19345945119857788	0.4105917513370514	0.3491739332675934	0.4755837023258209	0.614924967288971	0.26023387908935547	0.7737685441970825	0.786504328250885	0.31893548369407654	0.5836030840873718	0.5299123525619507	0.09463967382907867	0.3519311547279358	0.3864157497882843	0.5012486577033997	0.02372094616293907	0.2447746992111206	0.9393112659454346	0.3731725513935089	0.1667405068874359	1.0836870670318604	0.5988991260528564	0.43500176072120667	0.1482657790184021	0.4627840518951416	0.6626103520393372	0.8629912734031677	0.9355950951576233	0.14955124258995056	0.3191875219345093	0.11478012055158615	0.8158474564552307	0.7479493021965027	0.43960684537887573	0.8642452955245972	0.9096536040306091	0.7160136103630066	0.4040943384170532	0.2003403604030609	0.4180963933467865	0.28156188130378723	0.2672649025917053	0.6924617290496826	0.1414581835269928	0.26526206731796265	0.31662458181381226	0.3308093547821045	0.14884139597415924	0.6945005655288696	0.8151717185974121	0.6843869090080261	0.5304577350616455	0.771664023399353	0.4483588933944702	1.087453007698059	0.261702299118042	0.3447394371032715	0.7844420075416565	0.462789922952652	0.012732945382595062	0.4699863791465759	0.1368839144706726	0.31607744097709656	0.4890494644641876	0.7742814421653748	0.4782101511955261	0.3041526675224304	0.5594624876976013	0.7696289420127869	0.4299357235431671	0.598791778087616	0.27876636385917664	0.5683173537254333	0.3210366368293762	0.5054404735565186	0.5512807965278625	0.2936922013759613	0.31231045722961426	0.11031211912631989	0.26293179392814636	0.3226062059402466	0.7039954662322998	0.4500243067741394	0.6090593338012695	0.8605348467826843	0.5695759057998657	0.3464243412017822	0.4383421242237091	0.14453956484794617	0.3092672824859619	0.21123458445072174	0.8520662784576416	0.8403835892677307	0.36879491806030273	0.456209659576416	0.9124443531036377	0.32418256998062134	0.052341997623443604	0.7170012593269348	0.4505011737346649	0.694800078868866	0.21098576486110687	0.4530251622200012	0.8579975366592407	0.2725314199924469	0.667447566986084	0.6606066823005676	0.6073525547981262	1.0073720216751099	0.32888296246528625	0.6896811723709106	0.12641572952270508	0.20832209289073944	0.20769035816192627	0.7412289381027222	0.5890604853630066	0.21248018741607666	0.3551486134529114	0.4266984462738037	0.5779728889465332	0.7205809354782104	0.21982532739639282	1.4824305772781372	0.527283251285553	0.7097743153572083	1.0770524740219116	0.2807636260986328	0.4367983639240265	0.4478761851787567	0.7007357478141785	0.8461723327636719	0.3984836935997009	0.4027863144874573	0.32151591777801514	0.3545382618904114	0.40223050117492676	0.1705852746963501	1.1419039964675903	0.7003281712532043	0.8238988518714905	0.5866135358810425	0.0454329252243042	0.342716783285141	0.5176605582237244	0.37279096245765686	0.15510067343711853	0.4029236435890198	0.6556623578071594	0.4130558371543884	0.5509649515151978	0.17744550108909607	0.4437364935874939	0.15959875285625458	0.5850330591201782	0.1393749713897705	0.3623495399951935	0.4669110178947449	0.05550142750144005	0.7663894891738892	0.6070159673690796	0.5300421714782715	1.1096107959747314	0.4816167652606964	0.4244295358657837	0.4383449852466583	0.4516807794570923	0.7547495365142822	0.1050068810582161	0.2756035327911377	0.7798804640769958	0.632957398891449	0.6212003231048584	0.38790464401245117	0.425775408744812	0.24006333947181702	0.5089654922485352	0.47240445017814636	0.45788800716400146	0.19042254984378815	0.6824831366539001	0.2901310920715332	0.13245508074760437	1.0230355262756348	0.4161984622478485	0.22997602820396423	0.5983977913856506	0.3601987361907959	0.3041742444038391	0.03178996965289116	0.41387662291526794	0.7058483958244324	0.18402111530303955	0.381085067987442	1.0137557983398438	0.8107128739356995	0.872685968875885	0.5849771499633789	0.5791256427764893	0.36490145325660706	0.23626412451267242	0.6732152104377747	0.8135226368904114	0.5896034240722656	0.9514402151107788	0.05221669375896454	0.17397673428058624	0.3114367127418518	0.5543038845062256	0.10376211255788803	0.38781413435935974	0.7449854612350464	0.3545694649219513	0.4965757429599762	1.0802195072174072	0.30249980092048645	0.6068654656410217	0.5918372869491577	0.2924771010875702	0.4603336453437805	0.5387812852859497	0.1860521137714386	0.298535019159317	0.5516769289970398	0.15827763080596924	0.2359384000301361	0.6686420440673828	0.6898089647293091	0.8776071071624756	0.2999438941478729	0.4787643551826477	0.1732415109872818	0.11813892424106598	0.3302226662635803	0.9645954370498657	0.38283368945121765	1.2958334684371948	0.1258406639099121	0.7539910078048706	0.14463914930820465	0.42611226439476013	0.12272125482559204	0.2157224416732788	0.5361160635948181	1.16034734249115	0.8055894374847412	0.20195052027702332	0.3740626573562622	0.6876717805862427	0.0999179482460022	0.28985685110092163	0.37330710887908936	0.635269045829773	0.3933834135532379	0.7353407740592957	0.3840866982936859	1.138885736465454	0.4341234862804413	0.8107275366783142	0.258633017539978	0.45279431343078613	1.278349757194519	0.178190678358078	0.19341690838336945	0.7158337831497192	0.18832531571388245	0.423964262008667	0.5840763449668884	1.3817439079284668	0.17431463301181793	0.439981609582901	0.3780185282230377	0.35148292779922485	0.2784809172153473	0.39823004603385925	0.04587699845433235	0.18172340095043182	0.1167273074388504	0.17603960633277893	0.028443556278944016	0.6377648711204529	0.14522092044353485	1.0100418329238892	0.23976799845695496	0.13781069219112396	0.894194483757019	0.7195116877555847	0.4069877862930298	0.04665033519268036	1.0189507007598877	0.8659178614616394	0.27123934030532837	0.8160302639007568	0.1707717329263687	0.635915994644165	0.06306923180818558	0.47391408681869507	0.23246267437934875	0.6734138131141663	0.4701370596885681	0.5211915373802185	0.4219103753566742	0.3626551032066345	0.8339619040489197	0.8847209215164185	0.15212976932525635	0.17879778146743774	0.18482714891433716	0.10920316725969315	0.4473714232444763	0.769330620765686	0.4260495901107788	0.11230950057506561	0.4552615284919739	0.14025351405143738	0.19598713517189026	0.342898428440094	0.11178793013095856	0.5668571591377258	0.5904009342193604	0.7329234480857849	0.5818054676055908	0.25016361474990845	0.5237826704978943	0.30823180079460144	0.09349837154150009	0.3811911344528198	0.2184857577085495	0.31851616501808167	0.5173506736755371	0.9360922574996948	0.6883094906806946	0.20676177740097046	0.5013778805732727	0.8468984365463257	0.4663928747177124	0.36660686135292053	0.876419186592102	0.46592533588409424	0.2509552240371704	0.5277562141418457	1.2254303693771362	0.8746410012245178	0.15862703323364258	0.5917454361915588	0.4429488778114319	0.6397987008094788	0.4228702187538147	0.4354396462440491	0.20338845252990723	0.8129469752311707	0.654138445854187	0.44939476251602173	0.4370605945587158	0.16736847162246704	0.3039361536502838	0.5012419819831848	0.027768997475504875	0.5763688087463379	0.5398908853530884	0.9507991075515747	0.33281409740448	0.30701255798339844	0.18942533433437347	0.1501159816980362	0.5202815532684326	0.47565680742263794	1.1158931255340576	0.5177116990089417	0.8136723041534424	0.5270385146141052	0.28982651233673096	0.23624232411384583	0.7795548439025879	0.49665263295173645	0.25464150309562683	0.37676018476486206	0.5292772054672241	0.1517663300037384	0.29205870628356934	0.7294415831565857	0.4577747583389282	0.6299653649330139	0.5074040293693542	0.2710840404033661	0.7015318870544434	0.25991132855415344	0.6112748384475708	0.45964276790618896	0.22405323386192322	0.05557956174015999	0.16826070845127106	0.6749578714370728	0.9352582097053528	0.5370566844940186	0.7143948078155518	1.0861260890960693	0.1385098546743393	0.37868836522102356	0.5699999332427979	0.19871580600738525	0.30762630701065063	0.738808810710907	0.8123687505722046	0.4466989040374756	0.2996370196342468	0.08175145089626312	0.9643535614013672	0.2714039385318756	0.3509252071380615	0.36344173550605774	0.5076866745948792	0.8932301998138428	0.42045000195503235	0.21036162972450256	0.7200359106063843	0.30076590180397034	0.24465446174144745	0.5763494968414307	0.45850440859794617	0.3870234489440918	0.41343727707862854	0.409115195274353	0.5457525849342346	0.3686976134777069	0.5923538208007812	0.602138876914978	0.5092666149139404	0.7020134925842285	0.5060644745826721	0.5916000604629517	0.0859937071800232	0.5873242020606995	0.5469810962677002	0.21054504811763763	0.3827678859233856	0.25984442234039307	1.0309667587280273	0.23797383904457092	0.6255282163619995	0.2700296640396118	0.1506924331188202	0.4688352346420288	0.7443846464157104	0.3300037682056427	0.8134547472000122	0.24191823601722717	0.18008241057395935	0.9943369030952454	0.8718507289886475	0.6561954021453857	0.296706885099411	0.8389847874641418	0.20326358079910278	0.22728882730007172	0.7917071580886841	0.4656466841697693	0.3742366135120392	0.5849120020866394	0.392720103263855	0.32599371671676636	0.13624556362628937	0.5696898698806763	0.2930770218372345	0.7188775539398193	0.20532697439193726	0.5745370984077454	0.3791598975658417	0.21491266787052155	0.15437032282352448	0.6404362320899963	0.6049002408981323	0.1888616979122162	0.3649139702320099	0.5453284382820129	0.2945130169391632	0.9927639365196228	0.6725658774375916	0.49896904826164246	0.1347699761390686	0.18762600421905518	0.4985889196395874	0.305293470621109	0.6017141342163086	1.0729970932006836	0.46903544664382935	0.675079882144928	0.23412834107875824	0.6399177312850952	0.40050816535949707	0.5300913453102112	0.4290042519569397	0.5057599544525146	0.13829277455806732	0.8963252305984497	0.22531604766845703	0.6871423721313477	0.4528188109397888	0.705777108669281	1.6484203338623047	0.46056926250457764	0.07066358625888824	0.6693028211593628	0.8898892998695374	0.21774163842201233	0.2041747272014618	0.42463967204093933	0.26644888520240784	0.4880143702030182	0.7749005556106567	0.3639122545719147	2.1132025718688965	0.24424909055233002	0.22347889840602875	0.11176572740077972	0.2553475499153137	0.3709844648838043	0.41744300723075867	0.7063060998916626	0.42287516593933105	0.46793729066848755	0.20344237983226776	1.0036194324493408	0.5458002686500549	0.5256999731063843	0.1540517956018448	0.32597416639328003	0.1519664227962494	0.659547746181488	0.44919002056121826	0.7397913336753845	0.26621368527412415	0.2908099591732025	0.29391443729400635	0.569503128528595	1.0157631635665894	0.37512314319610596	0.8129934668540955	0.6429250836372375	0.05762927234172821	0.49122345447540283	0.6764079928398132	0.12825138866901398	0.4289851486682892	0.5760742425918579	0.399222731590271	0.34939494729042053	0.24803340435028076	0.7661888599395752	0.35043594241142273	0.7420631051063538	0.36418473720550537	0.2924729883670807	0.21888771653175354	0.503820538520813	1.0487823486328125	0.5640673637390137	0.14743268489837646	0.07530487328767776	0.3875003755092621	0.4099672734737396	0.39078861474990845	0.8374481797218323	0.23455709218978882	0.8093514442443848	0.737615704536438	0.41654840111732483	0.9608351588249207	0.4968188405036926	1.086326003074646	0.13378411531448364	0.5410557389259338	0.442930668592453	0.3530659079551697	0.4827110469341278	0.6517206430435181	0.7315996885299683	0.6796689033508301	0.8072001338005066	0.187870591878891	0.08337138593196869	0.3572928309440613	1.0040273666381836	0.19364142417907715	0.473002552986145	0.38117051124572754
0.03309459984302521	0.3880416750907898	0.3167358934879303	1.2788903713226318	1.4052560329437256	0.12285953760147095	0.501905083656311	0.5191596746444702	1.1301634311676025	0.5340156555175781	0.07267735153436661	0.5745688080787659	1.334561824798584	0.27936744689941406	0.5129016637802124	0.177496999502182	1.0437562465667725	0.3615405559539795	0.7602784633636475	0.30760830640792847	0.6843112111091614	0.24164602160453796	0.5444685816764832	0.2675730884075165	0.3669983744621277	0.4044569134712219	1.1283354759216309	0.9843878149986267	0.41600173711776733	0.45004802942276	0.5533361434936523	0.3981238603591919	0.5744109749794006	0.37053143978118896	0.41696783900260925	0.2411874532699585	0.24162259697914124	0.6714656352996826	0.9616187214851379	0.889036238193512	0.013249360024929047	0.0166853666305542	0.32927823066711426	0.5762988328933716	0.09933091700077057	0.6636845469474792	0.5125507712364197	0.3627247214317322	0.287617564201355	0.32298386096954346	0.7612360715866089	0.5697720646858215	0.9101880192756653	0.4250580370426178	0.2565568685531616	0.24125200510025024	0.2250460833311081	0.12215915322303772	0.3746137022972107	1.2278285026550293	0.21472829580307007	1.0990959405899048	0.8282744288444519	0.7842244505882263	0.28815174102783203	0.4422284960746765	0.8409234285354614	0.6250078678131104	0.6306130290031433	0.7085326910018921	0.39298006892204285	0.5133719444274902	0.1938573718070984	0.44065383076667786	0.47509413957595825	0.8056420087814331	0.3002554476261139	0.996594250202179	0.3740847110748291	1.1091407537460327	0.8763244152069092	0.3185059726238251	0.4056526720523834	0.25472068786621094	0.2873285412788391	0.2423359453678131	0.8112488389015198	0.7809602618217468	0.14857223629951477	0.26529189944267273	0.5996732711791992	0.5861945152282715	0.05601188912987709	0.643917441368103	0.5552594065666199	0.9599751234054565	0.7731760144233704	0.6341883540153503	1.142944574356079	0.0	0.9854264259338379	1.0343865156173706	0.3348231315612793	0.4351435601711273	0.6014453172683716	0.8428876399993896	0.16333813965320587	0.24262890219688416	0.16726262867450714	0.5697519183158875	0.7281007170677185	0.4806288778781891	0.667637288570404	0.5889837741851807	1.0151007175445557	0.39460548758506775	0.2800356149673462	0.5464413166046143	1.1460554599761963	0.31479355692863464	1.2538821697235107	0.6139410734176636	0.0970383882522583	0.8844777345657349	0.2852534055709839	0.7838645577430725	0.3138791620731354	0.18842855095863342	0.7436371445655823	0.172697514295578	0.38138553500175476	0.8764033317565918	0.5490376949310303	0.38853901624679565	0.39933499693870544	0.6972220540046692	0.4862511456012726	0.3343014121055603	0.5407255291938782	0.4330165684223175	0.36593878269195557	0.234339639544487	0.059586234390735626	0.5010855197906494	0.9685575366020203	0.32143157720565796	0.6558683514595032	0.3346577286720276	1.2420518398284912	0.5310227274894714	0.4410611391067505	0.3771288990974426	0.336129367351532	0.08766526728868484	0.21564792096614838	0.6669416427612305	0.5682224035263062	1.0822457075119019	0.13834290206432343	0.4553966522216797	0.6497313976287842	0.7623515129089355	0.11675772815942764	0.49575749039649963	0.35811150074005127	0.746404767036438	0.8383317589759827	0.37190309166908264	0.01417598407715559	1.3975558280944824	0.1589978188276291	0.14283233880996704	0.5742784738540649	0.9715448617935181	0.4653792679309845	0.23849369585514069	0.4691154360771179	1.0435117483139038	0.903855562210083	0.26407283544540405	0.283765971660614	0.8539565801620483	0.5372403860092163	0.47798389196395874	0.36835363507270813	0.9687129259109497	0.1133025661110878	0.24604427814483643	0.35576751828193665	0.6445604562759399	0.4782538414001465	0.23353305459022522	0.5720291137695312	0.5825254917144775	0.25994235277175903	0.9253994226455688	0.1394302397966385	0.24915370345115662	0.8234623670578003	0.5071135759353638	0.9673360586166382	0.7374960780143738	0.5654383301734924	0.27164769172668457	0.55892413854599	0.4850965738296509	0.3074670433998108	0.6402965784072876	0.8347184658050537	0.5179407596588135	0.6481099128723145	0.5517910718917847	0.16536374390125275	0.3318895101547241	0.6524161100387573	0.5203034281730652	0.8383459448814392	0.3135961890220642	0.7017481923103333	0.31780123710632324	0.1537923812866211	0.24554410576820374	0.5414711236953735	0.3761788308620453	0.435274600982666	0.360588937997818	0.2952612042427063	0.8065541386604309	0.6567724347114563	0.798375129699707	0.3603432774543762	0.7012484669685364	0.6428030729293823	1.4407936334609985	0.27559325098991394	0.5249646306037903	0.49058330059051514	0.7364273071289062	0.3543699383735657	0.34101602435112	0.6772534847259521	0.5219606161117554	0.15731893479824066	0.46446073055267334	0.37476837635040283	0.436980277299881	0.433661550283432	0.5916281938552856	0.3989812731742859	0.6329389810562134	0.2495131939649582	0.32610562443733215	0.30053433775901794	1.1299622058868408	0.6263158917427063	0.4188043475151062	0.2949882447719574	0.5937305688858032	0.07356753945350647	0.3677831292152405	0.748174250125885	0.7352443337440491	0.5587430596351624	0.4928685426712036	0.06467919796705246	0.35047322511672974	0.593589186668396	0.2985312044620514	0.8555896878242493	0.19360338151454926	0.5504956841468811	0.4837183952331543	0.004354320466518402	0.6442186236381531	0.08236368000507355	0.43033257126808167	0.4756253957748413	0.27914002537727356	0.4832720160484314	0.7327198386192322	0.3222765028476715	0.29032233357429504	0.4034581780433655	0.30993399024009705	0.7777286767959595	0.3048980236053467	0.2704033851623535	0.6279608011245728	0.0476098470389843	0.6524078249931335	0.7498587965965271	0.5676485300064087	0.42641007900238037	0.7631301879882812	0.27523237466812134	0.033730462193489075	0.7007209062576294	0.06889137625694275	0.8524962067604065	0.7762606739997864	0.15837858617305756	0.25864315032958984	0.5814144611358643	0.648125410079956	0.5836572647094727	0.251308411359787	0.35182249546051025	0.3362782597541809	0.5784277319908142	1.1825709342956543	0.978119969367981	0.6997280120849609	0.5637140870094299	0.37210845947265625	0.8067585229873657	0.5813621878623962	0.5157760381698608	0.6265473365783691	0.7129947543144226	1.336279273033142	0.2902735769748688	0.2084875851869583	0.27320200204849243	0.6955870985984802	1.0267244577407837	0.3286491632461548	0.14345712959766388	0.34232717752456665	0.5852329730987549	0.2709096372127533	0.6898976564407349	0.62008136510849	0.401547372341156	0.5725723505020142	1.3961753845214844	0.5176578760147095	1.128819465637207	0.0852026641368866	0.48512348532676697	0.32000452280044556	0.0449431836605072	0.4114239513874054	0.2848856449127197	0.5660809278488159	0.37208446860313416	0.4470720589160919	0.5869513750076294	0.36343494057655334	0.7007608413696289	0.16777685284614563	1.063401460647583	0.4078909456729889	0.5583032369613647	0.46033328771591187	0.03845561295747757	0.1937842220067978	0.48833370208740234	0.3282190263271332	0.24195539951324463	0.3965741693973541	1.060520052909851	0.4518052935600281	0.44040417671203613	0.3980659544467926	0.9529361724853516	1.213657021522522	0.8176479935646057	0.07347588986158371	0.31836163997650146	0.6177390217781067	0.20202097296714783	0.6850055456161499	0.5088706612586975	0.722943902015686	0.2648255228996277	0.5338623523712158	1.066114902496338	0.34177300333976746	0.2845291495323181	0.45180562138557434	0.29580575227737427	0.753956139087677	0.7750630378723145	0.37568724155426025	0.5497304797172546	0.3214811086654663	0.5148318409919739	0.34358182549476624	0.4687560796737671	0.3543669283390045	0.5560901165008545	0.8521965146064758	0.6832632422447205	0.6820003390312195	0.4172113239765167	0.6349480152130127	0.6769965887069702	0.22765322029590607	0.7265934348106384	0.5907644033432007	0.06481939554214478	0.5052367448806763	0.37730661034584045	0.29701006412506104	0.8470520377159119	0.415690153837204	0.7388460636138916	0.7822708487510681	0.5323458909988403	0.21704958379268646	0.7382827401161194	0.003244212828576565	0.45130282640457153	0.17140468955039978	0.3676259219646454	1.2039086818695068	0.18539097905158997	0.936517059803009	0.934761643409729	0.5150995254516602	0.4344950318336487	0.1743173748254776	0.6985422968864441	0.30491939187049866	0.4970901608467102	0.2668347954750061	0.42102500796318054	0.18575480580329895	0.19237054884433746	0.4115489721298218	0.3108665645122528	1.2415142059326172	0.4897274374961853	0.8453084826469421	0.6030073761940002	0.6915779709815979	0.6616469025611877	1.3551491498947144	0.5995572805404663	0.16008681058883667	1.1247528791427612	1.0370242595672607	0.4224132001399994	1.0593986511230469	0.6863754391670227	0.45661264657974243	1.4915790557861328	0.8433460593223572	0.3426700532436371	0.5425349473953247	0.7794247269630432	0.360650897026062	0.22676827013492584	0.618243396282196	0.3099546730518341	0.4690386950969696	0.6048277020454407	0.3948531150817871	0.034196846187114716	0.1815471351146698	0.7979424595832825	0.17436392605304718	0.24942979216575623	0.8561549186706543	0.09925933927297592	0.25383850932121277	0.3329771161079407	0.47194135189056396	0.0014487768057733774	0.48134124279022217	0.35216379165649414	0.5208112597465515	0.2718341648578644	0.4755622148513794	0.9916244745254517	1.0315860509872437	0.3571151793003082	0.7738369107246399	0.4779222309589386	0.17856229841709137	0.3881472945213318	0.42235568165779114	0.6185197234153748	0.5423956513404846	0.10073993355035782	0.37041449546813965	0.6950129866600037	1.3920910358428955	0.4363955855369568	0.631512463092804	0.3195202648639679	0.39682307839393616	0.790913462638855	0.5933666229248047	0.3813712000846863	0.8445954322814941	0.48194214701652527	0.5950114130973816	0.34877341985702515	0.4490187168121338	0.760881781578064	0.6354086399078369	0.0723918229341507	0.6465495824813843	0.0	1.487612009048462	0.8349867463111877	0.7530268430709839	0.21940742433071136	0.4619566798210144	0.5234665870666504	0.574253499507904	0.7900773286819458	0.659278154373169	0.6659507751464844	0.2667233347892761	0.20051203668117523	0.5413454174995422	0.3805757462978363	0.4703123867511749	0.5292177796363831	0.7802645564079285	0.21162468194961548	0.3190615177154541	0.3251303732395172	0.24012988805770874	1.1112614870071411	0.5669705271720886	1.279527187347412	0.6227965950965881	1.3021605014801025	0.601012647151947	0.3576771914958954	0.1720016598701477	0.16023585200309753	0.20340225100517273	0.16969819366931915	0.7729535102844238	0.3797084391117096	0.38451525568962097	0.3918920159339905	0.5434801578521729	0.42132312059402466	0.257587730884552	0.3588497042655945	0.3712424635887146	0.4301393926143646	0.30283722281455994	0.8751074075698853	1.284441590309143	0.9164318442344666	0.5402964353561401	0.4017479121685028	0.30301111936569214	0.41434645652770996	0.1738315373659134	0.5323861837387085	0.5682840347290039	0.3176342844963074	0.7604325413703918	0.10509523749351501	0.8819897174835205	0.38921427726745605	0.49269160628318787	0.6956643462181091	0.11038921773433685	0.25030362606048584	0.12765327095985413	0.48124879598617554	1.7171956300735474	1.0212080478668213	0.9547256827354431	1.3904824256896973	0.038249969482421875	0.8025063276290894	0.20091009140014648	0.2500499188899994	0.13430067896842957	0.3821865916252136	0.35465145111083984	0.507746696472168	0.47916167974472046	0.4330475330352783	0.5632835626602173	0.4196433424949646	0.2367284744977951	0.5001192092895508	1.1109158992767334	0.42810872197151184	0.4068140387535095	0.46763014793395996	0.27313897013664246	0.8435882329940796	0.8622205853462219	0.4139438271522522	0.2666906714439392	0.483256995677948	0.2506621778011322	0.6639797687530518	0.7816879749298096	0.27668607234954834	0.18114912509918213	0.354678213596344	0.8213890194892883	0.6328001618385315	0.2567911446094513	0.68146812915802	0.17813855409622192	0.49429580569267273	1.1617083549499512	0.26041486859321594	0.3971162736415863	0.10268750786781311	0.810772180557251	0.4064205586910248	0.9461067318916321	0.15279769897460938	0.44253653287887573	0.21939349174499512	0.8201426267623901	0.2527468800544739	0.4939427971839905	0.4317309260368347	0.43029171228408813	0.17888841032981873	0.4941568970680237	1.1632158756256104	0.05020377039909363	0.6247271299362183	0.5277211666107178	0.5721029043197632	0.13850244879722595	0.25972938537597656	0.6058952212333679	0.3669614791870117	0.3932894766330719	0.48562172055244446	1.2183005809783936	0.15393097698688507	0.45831000804901123	0.7796666026115417	0.4010550081729889	0.183760404586792	0.8054779171943665	1.0842416286468506	0.43080034852027893	0.4256574511528015	0.14325475692749023	0.9381252527236938	0.1637154221534729	0.2674083709716797	0.653960645198822	0.3031702935695648	0.6950443983078003	0.6851925849914551	0.23189598321914673	0.5367766618728638	0.7837818264961243	0.27720534801483154	0.4635765850543976	0.31388604640960693	0.28141307830810547	0.6142343282699585	0.4462394416332245	0.7880973219871521	1.0241502523422241	0.38019105792045593	0.32219675183296204	1.0553871393203735	0.2725635766983032	0.35503408312797546	0.373909592628479	0.2589837312698364	0.4300703704357147	0.5353385806083679	0.719627857208252	0.2119375318288803	0.23276828229427338	0.5005034804344177	0.12219619750976562	0.6215060949325562	0.5304445028305054	0.4833241105079651	0.4236827790737152	0.2314499318599701	0.48885780572891235	0.2672652304172516	0.4541592597961426	0.2307935655117035	0.31779927015304565	0.9645702838897705	0.4998849630355835	0.29279160499572754	0.45795896649360657	0.1907832771539688	0.7426244020462036	0.485174298286438	0.4882768392562866	0.5215322375297546	0.16955077648162842	0.6029055714607239	1.4248391389846802	0.5816612243652344	0.28138962388038635	0.2656390368938446	0.45833441615104675	0.5259160995483398	1.2828106880187988	0.329244464635849	0.8324873447418213	1.1434022188186646	0.8338280916213989	0.6634188890457153	0.26052093505859375	0.4326956868171692	0.15442778170108795	0.3223944306373596	0.7210114002227783	1.0627212524414062	0.5920596718788147	0.5434200763702393	0.7137921452522278	0.660419225692749	0.5135321617126465	0.5416823029518127	0.7091082334518433	0.9902079105377197	0.20967555046081543	0.4898037910461426	0.5104021430015564	0.27716630697250366	0.5036013126373291	0.4738791882991791	0.329439252614975	0.5533257722854614	0.7421005368232727	0.28966715931892395	0.685805082321167	0.7153692245483398	0.30887556076049805	0.7688292860984802	1.1633474826812744	0.7554668188095093	0.4168519973754883	0.042080704122781754	0.6602541208267212	0.22320204973220825	0.5419394373893738	0.7383778095245361	0.08353454619646072	0.6555879712104797	0.31760913133621216	0.8148059844970703	0.18493524193763733	0.3389475643634796	0.32080960273742676	0.325716108083725	0.4313390254974365	0.03840120881795883	0.5322530269622803	0.48642784357070923	0.6101541519165039	0.15710720419883728	0.5099350214004517	0.45612776279449463	0.36909276247024536	0.2730315029621124	0.9804500341415405	0.29405447840690613	0.3664760887622833	0.2762516736984253	0.11840566247701645	0.25503867864608765	0.18815089762210846	0.5892290472984314	0.13780221343040466	0.6600928902626038	0.3229351043701172	0.15923595428466797	0.218484029173851	0.34118208289146423	0.3243785500526428	0.8819897174835205	0.31384098529815674	0.6421683430671692	0.9709168076515198	0.13281415402889252	0.4211446940898895	0.20966507494449615	0.4321059584617615	0.3515141010284424	0.43286627531051636	0.8365296125411987	0.7123305201530457	0.6280887722969055	0.4700165390968323	1.3134210109710693	0.5445864796638489	0.12148979306221008	1.2431718111038208	1.044545292854309	0.27755799889564514	0.39891865849494934	0.8697954416275024	0.28467220067977905	0.10383503139019012	1.0006424188613892	0.9670387506484985	0.3838253915309906	0.4987092912197113	0.2502027750015259	0.9563500285148621	0.7000744342803955	0.548401951789856	0.18610166013240814	0.909908652305603	0.2670530080795288	1.1283172369003296	0.0522272065281868	0.07010847330093384	0.5819149017333984	0.5073330402374268	0.715276300907135	0.7201133370399475	0.12969914078712463	0.6235405206680298	0.3236355185508728	0.4874582290649414	0.8236926794052124	0.2233276516199112	0.35567140579223633	0.7420769929885864	0.907252311706543	1.6804194450378418	0.6633780598640442	0.796247661113739	0.3785945177078247	0.5868967771530151	0.6046095490455627	0.11561976373195648	0.8107253313064575	0.45346665382385254	0.9434289932250977	0.29078176617622375	1.200461983680725	0.6760772466659546	0.33571869134902954	0.47500312328338623	0.16184893250465393	0.13833817839622498	0.7696899771690369	0.3315907418727875	0.9585216641426086	0.4475560486316681	0.4432600736618042	0.41687360405921936	0.4915396273136139	0.4998050928115845	0.7097530364990234	0.669933557510376	0.519696831703186	0.17353549599647522	0.3231745958328247	0.982140839099884	0.6258976459503174	0.32140058279037476	0.7128530144691467	0.21947067975997925	0.4638192355632782	0.8570380806922913	0.6099940538406372	0.7938279509544373	0.35945311188697815	0.9210005402565002	0.5227401852607727	0.45422685146331787	0.42858436703681946	0.6065464019775391	0.6307189464569092	0.3542154133319855	0.05123148486018181	0.9761858582496643	0.16041508316993713	0.14212489128112793	0.4960029423236847	0.1365121304988861	0.2487255185842514	0.17581182718276978	0.8574404120445251	0.36495256423950195	0.43197619915008545	0.3107636272907257	0.3650839924812317	0.6045462489128113	1.3211240768432617	0.39376577734947205	0.2081216722726822	0.0	0.9931804537773132	1.138805866241455	0.18316800892353058	0.47312498092651367	0.7720487713813782	0.4072125554084778	0.374681293964386	1.296130657196045	0.7058160305023193	0.43805432319641113	0.47072383761405945	0.45627525448799133	0.5384952425956726	0.6285493969917297	0.3994434177875519	0.7285292148590088	0.4791051149368286	0.5575801730155945	0.3613443970680237	0.11901585757732391	0.2620905041694641	0.549087643623352	0.522820234298706	0.5682255029678345	0.19040632247924805	0.06593355536460876	0.07168802618980408	0.548201322555542	0.6864772439002991	1.099793791770935	0.4433019161224365	0.3855188190937042	0.7309278249740601	1.1164768934249878	0.4675653874874115	0.34903550148010254	0.21283535659313202	0.43145740032196045	0.3280537724494934	0.3863648772239685	0.3229387104511261	0.3098674714565277	0.8961322903633118	0.47524797916412354	0.5437859892845154	0.23950226604938507	0.16118551790714264	0.605903685092926	0.8500455617904663	0.793519914150238	0.47058188915252686	0.8205743432044983	0.9388598799705505	0.6827836632728577	1.0799436569213867	0.7090469002723694	0.5197147727012634	0.2878660261631012	1.2269172668457031	0.4033282399177551	0.4206652045249939	0.5582819581031799	0.22410432994365692	0.49073129892349243	0.2684749960899353	0.7010498642921448	0.24503569304943085	1.22811758518219	0.6497303247451782	0.4356595277786255	1.4959207773208618	0.8315114378929138	0.12972472608089447	0.5993412733078003	0.4375603199005127	0.4686049222946167	0.5213257670402527	0.14616705477237701	0.7166908979415894	0.1718551218509674	0.5181058049201965	0.2449311763048172	0.23279766738414764	0.39196956157684326	0.36231499910354614	0.3646475672721863	0.39475128054618835	0.33714938163757324	0.8371446132659912	0.345944344997406	0.6257172226905823	0.8025169372558594	0.478935569524765	0.2884604036808014	0.9894214272499084	0.5510345101356506	1.4854260683059692	0.9354137182235718	0.4808429777622223	0.3806474208831787	0.4568372368812561	0.11898286640644073	0.4090893864631653	0.3037976324558258	0.6879086494445801	0.3892417550086975	0.4059106409549713	0.17678196728229523	0.5806483030319214	0.19839712977409363	0.833821713924408	0.2565302848815918	0.7771863341331482	0.01837889850139618	0.8183634281158447	0.4344545602798462	0.32262587547302246	1.078531265258789	0.6338838934898376	0.39641284942626953	0.8058769702911377	0.38577425479888916	0.4757239520549774	0.45326119661331177	0.6772369146347046	0.32677051424980164	0.6798697710037231	0.006329363211989403	0.6152613759040833	0.6391400098800659	0.14204545319080353	0.18552443385124207	0.2898597717285156	0.8076967597007751	0.07010108977556229	0.5388015508651733	0.6540834307670593	0.6794521808624268	0.4159342348575592	0.7459942698478699	0.2060064822435379	0.31737184524536133	0.5035413503646851	0.712959885597229	1.080049991607666	0.8278579711914062	0.8289738297462463	0.042225226759910583	0.14667464792728424	1.2231035232543945	0.25238701701164246	0.5046553015708923	0.5885233879089355	0.8313699960708618	0.8748146295547485	0.4614579677581787	0.6196067333221436	0.5419713258743286	0.39704784750938416	0.3077744245529175	0.8447506427764893	0.5290071368217468	0.5028623938560486	0.5117535591125488	0.06945756077766418	0.5795361995697021	0.45098549127578735	0.20194929838180542	0.13871973752975464	0.3277532458305359	0.30390262603759766	0.3567589223384857	0.9479255676269531	0.7032848596572876	0.23996399343013763	0.5396015644073486	0.2191290557384491	1.3808164596557617	1.0320284366607666	0.5308685898780823	0.5662016868591309	0.35456472635269165	0.19710637629032135	0.8485878109931946	1.621027946472168	0.6774770021438599	0.027799781411886215	0.45022326707839966	0.09541113674640656	0.8017607927322388	1.0505611896514893	0.3365260064601898	0.17286907136440277	0.6705179810523987	0.8238248229026794	0.702279806137085	0.1296517252922058	0.3741758167743683	1.1178467273712158	0.4276430904865265	0.7653440237045288	0.6937684416770935	0.13837531208992004	0.2515203058719635	0.1037156730890274	0.17333130538463593	1.2892537117004395	0.08191348612308502	1.0751357078552246	0.4115920662879944	0.45823755860328674	0.24743914604187012	0.195557102560997	0.7372771501541138	0.3803175687789917	0.17980149388313293	0.8695762157440186	0.39790546894073486	0.6465741395950317	0.8350132703781128	1.1328012943267822	0.5797728896141052	0.3196069896221161	1.230647325515747	0.5323265790939331	0.32686614990234375	0.5579005479812622	0.3426431119441986	0.5091429352760315	0.5047587156295776	0.4550439715385437	0.1223629042506218	0.770836353302002	0.2900606393814087	0.865157961845398	0.5284311175346375	0.4631538689136505	0.4068561792373657	1.1579442024230957	0.7583216428756714	0.3120627999305725	0.5313296318054199	0.3600645363330841	0.3050938844680786	0.35945120453834534	1.1814284324645996	0.3755323588848114	0.1410340517759323	0.5218532681465149	0.9056383371353149	0.5011942386627197	0.0998535007238388	0.33421504497528076	0.31629666686058044	0.37097615003585815	0.13268284499645233	0.3198748230934143	0.349895715713501	0.5073503851890564	0.9472001194953918	1.0410159826278687	0.2451823204755783	0.5320203900337219	0.6322754621505737	0.11974278092384338	0.3796408176422119	0.8546879291534424	0.49740779399871826	0.748504638671875	0.3179902732372284	0.10033352673053741	0.35596102476119995	0.4354214668273926	0.4375224709510803	0.01464266236871481	0.33177345991134644	0.30182144045829773	0.8584620952606201	0.2540278434753418	0.7285449504852295	0.5085448026657104	0.39140939712524414	0.3077310621738434	0.2870708107948303	0.6397302150726318	0.3321150243282318	0.4348725974559784	0.6155877709388733	0.968888521194458	0.43885886669158936	0.3742583096027374	0.5576895475387573	0.7173978686332703	0.18224993348121643	0.4420367479324341	0.28100961446762085	0.25020092725753784	0.5634685158729553	0.1966327428817749	0.6981955766677856	0.6923923492431641	0.5908449292182922	0.09046242386102676	0.2779148519039154	0.49429216980934143	0.5269274711608887	0.43306875228881836	0.5468028783798218	0.2946488857269287	0.5763742327690125	0.30683574080467224	0.6924225091934204	0.45558372139930725	0.018417978659272194	0.42279475927352905	0.7047571539878845	0.9482516050338745	0.6513029336929321	0.35486558079719543	0.6028143167495728	0.5582537651062012	0.8236998319625854	0.4895271956920624	0.15717054903507233	0.21051618456840515	1.0653507709503174	0.6660165190696716	0.5313968658447266	0.49796348810195923	0.842896044254303	0.0769311934709549	1.2235676050186157	0.31807202100753784	0.5310976505279541	0.3585529625415802	1.1800225973129272	0.4283522963523865	0.540497362613678	0.5682400465011597	0.1380775272846222	0.8601540923118591	0.5671115517616272	0.30357229709625244	0.45227837562561035	0.48234108090400696	0.538923978805542	1.156337022781372	0.9662702083587646	1.0334571599960327	0.28943106532096863	0.5405517220497131	0.053397759795188904	0.7332120537757874	0.42455366253852844	0.576554536819458	0.14975975453853607	0.6274479031562805	0.20170240104198456	0.2595505118370056	0.5009756088256836	0.5151966214179993	0.5267478227615356	0.3835946321487427	0.6019797325134277	1.246555209159851	0.3018844723701477	0.3122309446334839	0.19981196522712708	0.4914949834346771	0.2027556300163269	0.44202640652656555	0.06921137869358063	0.43212369084358215	0.10829530656337738	0.37022027373313904	0.5278152227401733	0.07507940381765366	0.8247588872909546	0.2842695713043213	1.292724370956421	0.8185088038444519	0.3668536841869354	0.48563525080680847	0.4382282793521881	0.20834937691688538	0.3614717125892639	0.1813071072101593	0.8412298560142517	0.8828035593032837	0.7853384017944336	0.4856792092323303	0.6039524078369141	0.29645049571990967	0.48958778381347656	0.7810237407684326	1.06834077835083	0.17370198667049408	0.6212102770805359	0.4114270806312561	0.3037882149219513	0.7521858215332031	0.6247082948684692	0.10614961385726929	0.18067190051078796	0.4380911588668823	0.5321129560470581	0.35468578338623047	0.32888898253440857	0.4293617308139801	0.45214882493019104	0.39304253458976746	0.029141534119844437	0.35961318016052246	0.5244237184524536	0.52583909034729	1.3126198053359985	0.7981811165809631	0.4702220857143402	0.40353554487228394	0.2189459204673767	0.47477903962135315	0.9586203694343567	1.1579444408416748	0.8067511320114136	0.6858354210853577	0.5913223624229431	0.5884594917297363	0.45630156993865967	1.1075546741485596	1.0007331371307373	0.16466297209262848	0.4907088577747345	0.17009374499320984	0.25168129801750183	0.9154347777366638	0.35172176361083984	1.097144365310669	0.07148190587759018	0.41848471760749817	0.0285079013556242	0.2127944976091385	0.5740103125572205	0.5692958831787109	0.6046485304832458	0.18713606894016266	0.7067295908927917	1.7146413326263428	1.1313847303390503	0.49979573488235474	0.6720173358917236	0.851371705532074	0.49814358353614807	0.593605101108551	0.2802931070327759	0.6212538480758667	0.32723116874694824	0.2162594348192215	0.6134946346282959	0.8090279698371887	0.8144875764846802	1.3748843669891357	0.37427210807800293	0.3202195465564728	0.25408482551574707	0.12897372245788574	0.8502932786941528	0.43371397256851196	0.3140659034252167	0.4590189456939697	0.3617919683456421	0.3117547333240509	0.33961769938468933	0.7675646543502808	0.4789792001247406	0.4238271415233612	0.27083393931388855	0.5274167656898499	0.5201020240783691	0.5742877721786499	0.6892337799072266	0.6832908391952515	0.5312888622283936	0.3558138608932495	0.907197117805481	1.3737068176269531	1.3131808042526245	0.4139300286769867	0.4139377772808075	0.6900408267974854	0.5958271622657776	0.3363543450832367	0.4914868175983429	0.5454566478729248	0.14903834462165833	0.4428706169128418	0.811586856842041	0.9096364974975586	0.9737551808357239	0.501488208770752	0.588975191116333	0.8077487349510193	1.163785457611084	0.1634036749601364	0.3436084985733032	0.021127615123987198	0.05285555124282837	0.47844189405441284	0.20726771652698517	1.0366131067276	0.22971394658088684	0.24246494472026825	0.5363970994949341	1.0013643503189087	0.21446967124938965	0.27181801199913025	0.12175338715314865	0.3066866397857666	0.5976083874702454	0.47824934124946594	0.4358530342578888	0.44098350405693054	0.2706789970397949	0.28696417808532715	0.2517205476760864	0.31065279245376587	0.8040381669998169	0.5589647889137268	1.086911678314209	0.21212327480316162	0.2719559073448181	0.6788151264190674	0.4322855770587921	0.07442660629749298	0.31380516290664673	0.5634811520576477	0.5025759339332581	0.418054461479187	0.20751544833183289	0.4658777117729187	0.8812286853790283	0.04067327082157135	0.2363528609275818	0.33858853578567505	0.6149263978004456	0.5173843502998352	0.40533262491226196	0.06733235716819763	0.8185648322105408	1.0557920932769775	0.5834475159645081	0.9277748465538025	0.15675139427185059	0.04013693705201149	1.084184169769287	0.7841202020645142	0.09752555191516876	0.46518227458000183	1.0279457569122314	0.3854416012763977	0.162168949842453	1.0122318267822266	1.0101587772369385	1.1187677383422852	0.28457775712013245	0.8188862204551697	0.3336450457572937	0.4300943911075592	1.0804554224014282	0.4258548617362976	0.444700688123703	0.2782495617866516	0.0132884681224823	0.6184332966804504	0.9195950627326965	0.4006325602531433	1.0491183996200562	0.0	0.8810596466064453	0.23226721584796906	0.5234002470970154	0.5920756459236145	0.07707437872886658	0.11631353199481964	0.22823938727378845	0.7822813391685486	1.4643313884735107	0.45041224360466003	0.3730556070804596	0.707419753074646	0.7099989056587219	0.9202441573143005	0.4179968237876892	0.13806773722171783	0.01988469436764717	0.2918606996536255	0.320840060710907	0.5043997168540955	0.5805685520172119	0.39218461513519287	0.5723836421966553	0.7267436981201172	0.8041952848434448	0.5784372687339783	0.2087225466966629	0.4308769702911377	0.21958714723587036	0.08549562096595764	0.9810948967933655	0.7179553508758545	0.47132399678230286	0.5096412301063538	0.9590350985527039	0.003779686987400055	0.6112212538719177	0.7079368829727173	0.3003418445587158	0.57235187292099	0.8252782821655273	0.6974352598190308	0.5295226573944092	0.5485279560089111	0.4268631637096405	0.3839472234249115	0.22042952477931976	0.9761257171630859	0.3765484690666199	0.5850634574890137	0.6095597147941589	0.31507784128189087	0.2662254571914673	0.3973044753074646	0.4538848102092743	0.10822702199220657	0.45981523394584656	0.12166951596736908	1.2237540483474731	0.3917839527130127	0.08695358783006668	0.783068060874939	0.3928130865097046	0.7719107270240784	0.17641746997833252	0.2665274441242218	0.8285408020019531	0.8653002977371216	0.2963007688522339	0.8744373321533203	0.21511238813400269	0.6405147314071655	0.10849973559379578	0.22053442895412445	0.32439303398132324	0.09137114137411118	0.10177087038755417	0.25261443853378296	0.7559351921081543	0.3851737678050995	1.3020216226577759	0.3746802806854248	0.6138399839401245	0.5580111742019653	0.9050752520561218	0.8741324543952942	0.6373463273048401	0.15004685521125793	0.4538434147834778	0.16963547468185425	0.39901548624038696	0.047778405249118805	0.4245853126049042	0.3173440396785736	0.9682573080062866	0.41201895475387573	0.23304027318954468	0.5227448344230652	0.8050425052642822	0.3585365116596222	0.3934023678302765	1.614170789718628	0.3970072269439697	0.39077624678611755	0.6198334693908691	0.3916250765323639	0.15726172924041748	0.3224829435348511	0.3800930380821228	0.3088436722755432	1.009569525718689	0.6896761655807495	0.9045451283454895	1.1104315519332886	1.0173568725585938	0.4778047800064087	0.3579895496368408	0.4645747244358063	0.4235345125198364	0.43634822964668274	0.5736481547355652	0.1991712749004364	1.0419198274612427	0.4655149579048157	0.9414759278297424	0.3830416798591614	0.3382565379142761	0.02267579361796379	0.21933232247829437	0.549307107925415	0.4529309570789337	0.13269059360027313	0.366140216588974	0.8295142650604248	0.339600145816803	0.19990459084510803	0.5486632585525513	0.32067734003067017	0.45218509435653687	0.49249932169914246	0.09760843217372894	0.9243733882904053	1.1529265642166138	0.05985287204384804	0.1125151738524437	0.012982596643269062	1.107956886291504	0.001541336067020893	1.3388592004776	0.8743173480033875	0.6419739127159119	0.5345101952552795	0.4772929251194	0.6246976852416992	0.11169122904539108	0.11935146898031235	0.48550647497177124	0.27931123971939087	0.4490528106689453	0.35764411091804504	0.4071591794490814	0.6003793478012085	0.46163374185562134	0.6767334938049316	0.7995700240135193	0.47783103585243225	0.3563363552093506	0.8137232661247253	0.44786855578422546	0.21236906945705414	0.4891805052757263	0.2969159185886383	0.3642636239528656	0.335979163646698	0.6035667061805725	0.10620328783988953	1.0257189273834229	0.3637312352657318	0.040718380361795425	0.1471889615058899	0.7380651235580444	0.03636178374290466	0.7446743249893188	0.17258374392986298	0.61501544713974	0.4084445536136627	0.2410757690668106	0.18026331067085266	1.0816882848739624	0.708400309085846	0.7712395191192627	1.440500259399414	1.149765133857727	0.804183840751648	0.4015340507030487	0.7858474850654602	0.4131348729133606	1.2048593759536743	0.6734374761581421	0.35298728942871094	0.5455969572067261	1.1216447353363037	0.44227835536003113	0.4163266718387604	0.1947643756866455	1.3444173336029053	0.6386960744857788	0.5705955028533936	0.5042024850845337	0.5320802927017212	0.6808590292930603	0.10435159504413605	0.2628139555454254	0.9518430829048157	0.9287993311882019	1.2301087379455566	0.6996193528175354	0.6498790979385376	0.5127142071723938	0.2882125675678253	0.5615642666816711	0.07398286461830139	1.0100358724594116	0.9522392153739929	0.786673367023468	0.5724955797195435	0.6634926795959473	0.736380934715271	0.9916244745254517	0.2998422682285309	0.4775698781013489	0.9353973269462585	0.18677480518817902	0.5862653255462646	0.5625747442245483	0.28991252183914185	0.3139236271381378	0.4043084681034088	0.2897629141807556	0.14882026612758636	0.0	0.3224446773529053	1.050645112991333	0.9216406345367432	0.5633659362792969	0.023703955113887787	0.7028720378875732	0.24070462584495544	1.2547680139541626	0.10733427107334137	0.796499490737915	0.6218876242637634	0.24845346808433533	0.5582450032234192	0.4689880311489105	0.1432788223028183	1.3755066394805908	0.4357401430606842	0.3039124011993408	0.35293474793434143	0.4420132637023926	0.14684301614761353	0.46625036001205444	0.2064351737499237	0.15158531069755554	0.6018471121788025	1.1000025272369385	0.4024493098258972	0.3276784420013428	0.5579861998558044	1.0111804008483887	0.22858282923698425	0.04614485055208206	0.08774018287658691	0.9094957113265991	0.9032140374183655	0.6064475178718567	0.6325393915176392	0.3971443772315979	0.5595527291297913	0.6794430017471313	0.4518638849258423	0.6484739780426025	0.7436434030532837	0.3040538728237152	0.4973852038383484	1.1355650424957275	0.3084260821342468	0.38981935381889343	0.5385964512825012	0.8602514266967773	0.018353097140789032	0.813759982585907	0.29615649580955505	0.2693740427494049	0.19312572479248047	0.3763870596885681	0.35544928908348083	0.6129567623138428	0.42504948377609253	0.5030840635299683	0.29133933782577515	0.9553042054176331	0.8299520611763	0.3209594488143921	0.3964471220970154	0.4875175356864929	0.6490805149078369	0.4770869016647339	0.4028531014919281	0.4326985776424408	0.740098774433136	0.6773738861083984	0.35016104578971863	1.5968503952026367	1.2770929336547852	0.3242400586605072	0.07541224360466003	1.016871690750122	0.2666938602924347	0.33199742436408997	0.33509355783462524	0.743952751159668	0.2770262360572815	1.2011553049087524	0.7630544304847717	0.8182545900344849	0.8923673629760742	1.2472941875457764	0.6897183656692505	0.408133327960968	0.3972714841365814	0.36303067207336426	0.8056856393814087	0.13219322264194489	0.7689805030822754	0.386667400598526	0.26222002506256104	0.01977355405688286	0.8610464334487915	0.020310264080762863	0.30722588300704956	0.21549201011657715	0.9910680651664734	0.2344672828912735	0.34361404180526733	0.5103476047515869	0.7544201016426086	0.3076580762863159	0.1785702258348465	0.4337238073348999	0.15479667484760284	0.8349488973617554	0.2867679297924042	1.0426025390625	1.5734554529190063	0.10340509563684464	0.22731047868728638	1.2285141944885254	0.6345974802970886	0.9076777696609497	0.3224508464336395	0.312767893075943	0.24938485026359558	0.4976437985897064	1.3120501041412354	0.5409125685691833	0.42760682106018066	0.8965466022491455	1.3824299573898315	0.6933262944221497	0.18011729419231415	1.0677884817123413	0.9202126860618591	0.35612785816192627	0.711732029914856	0.12679249048233032	0.23683591187000275	0.42335134744644165	0.36701148748397827	0.14634186029434204	0.23695291578769684	0.21434658765792847	0.7353547811508179	0.32610976696014404	0.27292048931121826	0.15535883605480194	0.7202154397964478	0.27512577176094055	0.5037639737129211	0.8600823879241943	0.8721261620521545	0.53944993019104	0.2859223484992981	0.5910481214523315	0.39246344566345215	0.3297816216945648	1.1375391483306885	0.439581036567688	0.47070902585983276	0.6371799111366272	0.40587857365608215	0.5941489934921265	0.3838762640953064	0.4982527494430542	0.48064059019088745	0.4734821915626526	0.2283741533756256	0.8899375200271606	0.7415049076080322	0.8014699816703796	0.3286283314228058	0.4653342068195343	0.17228728532791138	0.5310524106025696	0.7485290765762329	0.626683235168457	0.29366302490234375	1.1702293157577515	0.3194582462310791	0.513184666633606	0.8099304437637329	0.32318398356437683	0.30738455057144165	0.3125269412994385	0.5617628693580627	0.5972512364387512	0.8954876065254211	0.5256649851799011	0.43445104360580444	0.3323317766189575	0.5598909854888916	0.01182333379983902	0.6799076795578003	0.6215459108352661	0.9395480155944824	0.12260472774505615	0.7579178810119629	0.8473780751228333	0.571035623550415	0.5264639854431152	0.22736398875713348	1.0241011381149292	1.101836085319519	0.6433332562446594	0.3417355418205261	0.2281613051891327	0.40223732590675354	0.7386758923530579	0.43419745564460754	0.23259787261486053	0.4454752206802368	0.4122350811958313	0.8393750786781311	0.2878352701663971	0.11778895556926727	1.1360992193222046	1.0716772079467773	0.5885672569274902	0.6591860055923462	0.5332338213920593	0.3667871654033661	0.28375348448753357	0.5568082332611084	0.3143317699432373	0.45231229066848755	0.42258185148239136	0.6311876773834229	0.5664821863174438	0.16629838943481445	0.383750855922699	1.206709623336792	0.3479851186275482	0.557206928730011	0.38371187448501587	0.35017743706703186	0.5575913786888123	0.4365338981151581	0.7959691286087036	0.3979957699775696	0.8823103308677673	0.1529465913772583	0.4355064034461975	0.5067812204360962	0.7823020815849304	0.8196527361869812	1.1532245874404907	0.3305753767490387	0.24229875206947327	0.7388094663619995	0.5364553332328796	1.2791481018066406	0.5179064273834229	0.28590136766433716	0.47629499435424805	0.4394289255142212	0.28764843940734863	0.016814183443784714	0.34955766797065735	0.37578845024108887	0.08166500180959702	0.420600950717926	0.23444411158561707	0.48833730816841125	0.4500108063220978	0.2161129266023636	0.43826717138290405	0.8081899881362915	0.5349385738372803	1.0039616823196411	0.6299141049385071	0.6788829565048218	0.9454655051231384	0.8684654235839844	0.2343454509973526	0.5413622856140137	0.2783554196357727	0.7729570269584656	0.7176271080970764	0.7416113018989563	0.45931917428970337	0.43317168951034546	0.8554055094718933	0.4344347417354584	0.8571898341178894	0.3048408329486847	0.1395610272884369	0.8358858823776245	0.5101454854011536	0.3823848366737366	0.34489795565605164	0.07318628579378128	0.9818488955497742	0.12301235646009445	0.2194792926311493	0.9188602566719055	0.26214826107025146	1.1427241563796997	0.47611674666404724	0.7486951351165771	0.583613395690918	1.040108561515808	0.7188472151756287	0.3648029565811157	0.182223841547966	0.5184074640274048	0.9310732483863831	0.11624037474393845	0.43169111013412476	0.24971801042556763	0.2344362884759903	0.5424880981445312	0.5068873167037964	0.6143150925636292	0.6234500408172607	0.4463132321834564	1.106390357017517	1.160913348197937	0.7388527989387512	0.7168849110603333	0.5227401852607727	0.3905794620513916	0.4092097580432892	0.3157288432121277	0.33835065364837646	0.21227015554904938	0.6068538427352905	0.7774883508682251	1.2109887599945068	0.33199751377105713	0.44200074672698975	0.859365701675415	0.4959344267845154
0.6831609606742859	0.5021014213562012	0.5292351841926575	0.7067873477935791	0.908338189125061	0.22823436558246613	0.347259521484375	0.9305760264396667	0.6215735077857971	0.2660577893257141	0.9866187572479248	0.24019043147563934	0.8423477411270142	0.5121668577194214	0.4913807809352875	0.5361895561218262	0.6214106678962708	0.5078722238540649	0.19909009337425232	0.5959829092025757	0.9428009986877441	0.27395403385162354	0.49603718519210815	0.29968082904815674	0.3415604531764984	0.873284101486206	0.9172479510307312	0.9073157906532288	0.39975136518478394	0.39132967591285706	0.4954163432121277	0.3330787718296051	0.6031277179718018	0.5074342489242554	0.1852063238620758	0.3132772445678711	0.42146995663642883	0.6815587878227234	0.5420242547988892	0.45812296867370605	0.49467676877975464	0.21699053049087524	0.17561905086040497	0.4364301860332489	0.09979140013456345	0.327445387840271	0.40476247668266296	0.6665067672729492	0.6362163424491882	0.8848773241043091	0.08346325159072876	0.2631552219390869	0.36453181505203247	0.21141596138477325	0.940765917301178	0.1955450028181076	0.6107861995697021	1.1703646183013916	0.3580768406391144	0.7583890557289124	0.12865038216114044	0.3164077699184418	0.4874073266983032	0.6952800154685974	0.050498589873313904	0.6674244999885559	0.684813916683197	0.6136212944984436	0.142629936337471	0.6980081796646118	0.5381543040275574	0.1938830018043518	0.7728369235992432	0.35683581233024597	0.2707323729991913	0.9287014007568359	0.24170872569084167	0.5808442234992981	0.74812251329422	0.6841155290603638	1.0077853202819824	0.41769134998321533	0.4717974066734314	0.5442224144935608	0.8349120616912842	0.46445703506469727	0.8697459101676941	0.7849823832511902	0.5872558355331421	0.2488994002342224	0.5343379974365234	0.29909127950668335	0.1811414659023285	0.6170597672462463	0.453377366065979	0.33309996128082275	0.7385291457176208	0.6852944493293762	0.43970438838005066	0.981528639793396	0.7779163718223572	0.6723353862762451	0.22068142890930176	1.220760703086853	0.38555750250816345	0.4891941547393799	0.5561792254447937	1.4064528942108154	0.14705723524093628	0.3376310169696808	0.5363397002220154	1.2276523113250732	0.44300976395606995	0.6742361187934875	0.4145318269729614	0.4574187397956848	0.26833826303482056	0.7926201224327087	0.3613867461681366	0.141506627202034	0.2679833471775055	0.49045801162719727	0.18388724327087402	0.21958254277706146	0.07470373809337616	0.5034956932067871	0.21602194011211395	0.44433093070983887	0.8351945877075195	0.9643253684043884	0.11841034889221191	0.134356290102005	0.21806567907333374	0.2041635364294052	0.3138319253921509	0.17421050369739532	0.7545230984687805	0.32290658354759216	0.39826399087905884	0.21511903405189514	0.1649060994386673	0.14122939109802246	0.8121081590652466	0.26298242807388306	0.4616110324859619	0.22762355208396912	0.27433332800865173	0.5449683666229248	1.0060644149780273	0.2350095808506012	0.3831755816936493	0.3200962543487549	0.840421199798584	0.018832052126526833	0.1578793227672577	0.3707040548324585	0.6785116791725159	0.4031715989112854	0.3450356721878052	0.3090274930000305	0.4047169089317322	0.23571337759494781	0.38818982243537903	0.2621438801288605	0.4038195013999939	0.46364352107048035	0.1829286366701126	0.3782224953174591	0.040052276104688644	0.2035064697265625	0.7588176727294922	0.5485958456993103	0.4763849675655365	0.5757308006286621	0.2625200152397156	0.32231518626213074	0.34503817558288574	0.3721206486225128	0.4987170100212097	0.32809028029441833	0.4102548658847809	0.6267980337142944	0.3559857904911041	0.4349859058856964	0.5726724863052368	1.0492651462554932	0.3151349425315857	0.29494112730026245	1.0057690143585205	0.5482272505760193	0.38497674465179443	0.13405081629753113	0.6580021381378174	0.8324363827705383	0.31250903010368347	0.023349810391664505	0.40600717067718506	0.28566786646842957	0.8465640544891357	0.39531534910202026	0.6073150634765625	0.10844829678535461	0.4292631447315216	0.6475440263748169	0.6558822393417358	0.6140748262405396	0.7583425045013428	0.5262124538421631	0.6822606325149536	0.20946529507637024	0.34023013710975647	0.4310898184776306	0.23050807416439056	0.5923003554344177	0.7623739242553711	0.4033660292625427	0.699526846408844	0.37147223949432373	0.4374031722545624	1.0448726415634155	0.2849307060241699	0.19448597729206085	0.3850562274456024	0.7889760732650757	0.5181471109390259	0.43798625469207764	0.11725115031003952	0.44359734654426575	0.35697826743125916	0.2725672721862793	0.6854602694511414	0.5154668688774109	0.6385731101036072	1.222224235534668	1.1923727989196777	0.3067800998687744	0.3406533896923065	0.8700545430183411	0.4519806206226349	0.3098910450935364	0.5832495093345642	0.23555888235569	1.6975553035736084	0.29367342591285706	0.43483152985572815	0.7234658002853394	0.8207897543907166	0.8470720052719116	0.23793169856071472	0.4597562849521637	1.2827270030975342	0.4288208782672882	1.3042595386505127	0.26090317964553833	0.4024682343006134	0.879509449005127	1.4106487035751343	0.4672597050666809	1.439149260520935	0.4407166838645935	0.486347496509552	0.8440641164779663	0.2977941036224365	0.5355933308601379	0.757621169090271	0.34955674409866333	0.7389156818389893	0.1463199406862259	0.49707382917404175	0.38379931449890137	0.638459324836731	0.4708121418952942	0.7358009815216064	0.2094985991716385	0.8497769236564636	0.2544800639152527	0.7890695929527283	0.44870811700820923	0.5495337247848511	1.095336675643921	0.647447407245636	1.636204481124878	0.4142018258571625	0.2632240056991577	0.2733674943447113	1.2004212141036987	0.49560558795928955	0.9026639461517334	0.14946913719177246	0.36097973585128784	1.0884445905685425	0.24792073667049408	0.35646238923072815	0.1937859207391739	0.2369449883699417	0.461216002702713	0.3002752363681793	0.3081414997577667	0.4308493435382843	0.2229539155960083	0.1973450630903244	0.27159079909324646	0.4037564694881439	0.5402560234069824	0.8480690121650696	0.22997404634952545	0.4820084571838379	1.314375638961792	0.29946425557136536	1.4040796756744385	0.22962023317813873	0.5049969553947449	0.17597433924674988	0.4628852307796478	0.5500002503395081	0.032419003546237946	0.5825011730194092	1.1228686571121216	0.3256572484970093	1.3919837474822998	0.2710900604724884	0.6809507608413696	0.3379287123680115	0.8040410280227661	0.3581998944282532	0.48619991540908813	0.7683877348899841	0.21363483369350433	0.23746618628501892	0.25113651156425476	1.2225733995437622	0.3925948143005371	0.15298835933208466	0.29120954871177673	1.4006420373916626	0.05753698945045471	0.32125124335289	1.1440472602844238	0.5366807579994202	0.8969886302947998	0.11613816022872925	0.3134256601333618	0.33560335636138916	0.45687687397003174	0.3831707239151001	0.8988731503486633	0.6548320055007935	0.36888960003852844	0.599189281463623	0.6046510338783264	0.7215853929519653	1.1986099481582642	0.4720870852470398	0.38952213525772095	0.28215160965919495	0.36462655663490295	0.43569695949554443	0.3541852533817291	0.39888888597488403	0.6944215297698975	0.3296046257019043	0.2345573455095291	0.7050082683563232	0.19574420154094696	0.733062744140625	0.1599593162536621	0.17145287990570068	0.9006901979446411	0.3802611231803894	0.38162362575531006	0.5259262919425964	0.5777857303619385	0.37079307436943054	0.8277925252914429	0.3712044060230255	0.16427485644817352	0.7898390293121338	0.33904674649238586	0.8708571195602417	1.265293836593628	0.17082059383392334	0.5061091184616089	0.41529443860054016	0.6275584101676941	0.540459156036377	0.3488815128803253	0.18584272265434265	0.09777920693159103	0.6502637267112732	0.3505464792251587	0.4124472141265869	0.05470969155430794	0.5503230094909668	1.2097150087356567	0.36304548382759094	0.9008593559265137	0.5004788637161255	0.3747116029262543	0.24650001525878906	0.8077755570411682	0.7181310653686523	0.2589922547340393	0.6516766548156738	0.6690794229507446	0.7289187908172607	0.6801584362983704	0.4919644296169281	0.40849965810775757	0.2647411823272705	0.4995096027851105	0.28356271982192993	0.5458557605743408	1.1266534328460693	0.474518358707428	0.6411029696464539	0.4596068561077118	0.43958204984664917	0.34475722908973694	0.4093970060348511	0.27797678112983704	0.19812941551208496	0.052228108048439026	0.8270686864852905	0.665704607963562	0.6638021469116211	0.4728185832500458	0.6101433038711548	1.049516201019287	0.43282026052474976	0.1962374895811081	0.60431969165802	0.2888193726539612	0.47525978088378906	0.7090134620666504	0.33144742250442505	0.1292106956243515	0.6439720392227173	0.8932671546936035	0.6582566499710083	0.1352282166481018	0.0668429359793663	0.8291832208633423	0.5514812469482422	1.2218680381774902	0.26441001892089844	0.27290254831314087	0.7886657118797302	0.5619994401931763	0.776910126209259	0.399124413728714	0.7222470641136169	0.32251599431037903	0.1205190122127533	0.40107035636901855	0.24909016489982605	0.36716586351394653	0.19128301739692688	0.4687371850013733	1.083568811416626	0.5674598217010498	0.7547374963760376	0.2733558416366577	0.2008548229932785	0.6847701072692871	0.3244877755641937	0.17245306074619293	1.1251039505004883	0.213709756731987	0.3592792749404907	0.2647210359573364	0.8169564604759216	0.39840295910835266	0.4282688796520233	0.19063690304756165	0.16119013726711273	0.1425725519657135	1.5144000053405762	0.9772409200668335	0.4421693980693817	0.9753574132919312	0.5089024901390076	0.3523087799549103	0.7917059659957886	0.4589383602142334	0.8372044563293457	0.28698113560676575	0.15303653478622437	0.42935293912887573	0.6120712757110596	0.39081358909606934	0.29549792408943176	0.31485483050346375	0.5343167781829834	0.9039020538330078	0.9407750964164734	0.5924737453460693	0.5196830034255981	0.6966904401779175	0.28215208649635315	0.33803269267082214	0.8794623613357544	0.36238324642181396	0.6140437722206116	0.47579699754714966	0.4190073013305664	0.16291415691375732	0.568705677986145	0.20438152551651	0.47799426317214966	0.4952463209629059	0.45830202102661133	1.0050063133239746	0.4605056643486023	0.9055854678153992	0.5421377420425415	0.4300897419452667	0.5051463842391968	0.2503271996974945	0.7531436681747437	0.6814197897911072	0.6508094668388367	0.3103411793708801	0.30692291259765625	0.7467126846313477	0.28848084807395935	0.08149737864732742	0.29661107063293457	0.40471696853637695	0.4670107960700989	0.529340386390686	1.0552904605865479	0.26771286129951477	0.4677172899246216	1.5658687353134155	0.5869872570037842	0.27661100029945374	0.293005108833313	0.9254881739616394	0.41338956356048584	0.4157334566116333	0.7885651588439941	0.4588189721107483	0.5423733592033386	0.8909139633178711	0.38652318716049194	0.4311802089214325	0.254281222820282	0.18649409711360931	0.43474745750427246	0.7571298480033875	1.1671252250671387	0.8600161075592041	0.523460328578949	0.6553928852081299	0.5348784327507019	0.20986440777778625	0.5482637286186218	0.7602541446685791	0.6273730993270874	0.2504866123199463	0.4160114526748657	0.031275879591703415	0.3743974566459656	0.2033299207687378	0.2712098956108093	0.1808539479970932	0.18008065223693848	0.1406124383211136	0.5894437432289124	1.6566417217254639	0.7091302871704102	0.08387599885463715	0.8748876452445984	0.3474887013435364	0.5937801003456116	0.15093941986560822	0.08038897812366486	0.2520293891429901	0.48241543769836426	0.158182293176651	0.8376929759979248	0.006351093295961618	0.08029301464557648	0.49417006969451904	0.15777702629566193	0.6071165800094604	0.49827447533607483	0.7398133277893066	0.7210818529129028	0.3857191205024719	0.3186470866203308	0.10937223583459854	0.6887609362602234	0.4829157590866089	0.5018557906150818	0.5685397386550903	0.5771093368530273	0.5144765377044678	0.43613192439079285	0.5001702904701233	0.4343278110027313	1.0193548202514648	0.38197630643844604	0.26941272616386414	0.5871361494064331	0.8413691520690918	0.32956334948539734	0.6948408484458923	0.7330310344696045	1.1176095008850098	0.10349669307470322	0.5532235503196716	0.549524188041687	0.9132356643676758	0.2906743586063385	0.8432180881500244	0.1663663536310196	0.31481561064720154	0.6409462094306946	0.3880179524421692	0.21330946683883667	0.5062267780303955	0.23471465706825256	0.7928656935691833	0.7061083316802979	0.456043004989624	0.9298840165138245	1.1384390592575073	0.7884944081306458	0.8348327279090881	0.6514247059822083	0.21656006574630737	0.15808837115764618	1.0837854146957397	0.20464612543582916	0.3648516535758972	0.5844067335128784	0.8054183721542358	0.3983847200870514	0.11536794900894165	0.5994171500205994	0.27408239245414734	0.01252056285738945	0.34696412086486816	0.6582638621330261	0.5516782999038696	0.5018832087516785	0.19441837072372437	0.41588926315307617	0.5978948473930359	0.22520112991333008	0.4326780140399933	0.33454981446266174	0.6422232389450073	0.5173222422599792	0.5654742121696472	0.5204232931137085	0.6156125068664551	0.4679471552371979	0.22464808821678162	0.3311762511730194	0.6739902496337891	0.224345862865448	0.5630913972854614	0.3280438184738159	1.0276343822479248	0.7800642848014832	0.10415966808795929	0.08830158412456512	0.4298829436302185	0.46388256549835205	0.1835939735174179	0.3619493246078491	0.857177734375	0.5291306972503662	0.07732070982456207	0.7212227582931519	0.8089480400085449	0.2250421792268753	0.3411749303340912	0.34103190898895264	0.4449729323387146	0.41940486431121826	0.6094411611557007	0.20286215841770172	0.427200049161911	0.4718555212020874	0.5130980014801025	0.10613285005092621	0.27303019165992737	0.314556360244751	0.6466071605682373	0.576652467250824	0.2531074285507202	0.24571171402931213	0.0667351484298706	0.4214898645877838	0.5845741629600525	0.4644869267940521	0.33471283316612244	0.5536608099937439	0.845212996006012	0.5283658504486084	0.09868032485246658	0.644566535949707	0.20973196625709534	1.1432483196258545	0.8870036602020264	0.566769540309906	0.8255183696746826	0.8848850727081299	0.2012667953968048	0.9151879549026489	0.7708637714385986	0.3881113827228546	0.6315367221832275	1.000927209854126	0.349033385515213	0.7915109395980835	0.11249374598264694	0.9676940441131592	0.7572205662727356	0.7235043048858643	0.6193098425865173	0.213561549782753	0.8810679912567139	0.034584157168865204	0.2566054165363312	1.2350605726242065	0.387006938457489	0.13775648176670074	0.24634456634521484	0.27867814898490906	0.8149731755256653	0.19435939192771912	0.578200101852417	0.4600410461425781	1.1323596239089966	0.6690852642059326	0.14450699090957642	0.6130917072296143	0.8264878988265991	0.7078356742858887	0.45588141679763794	0.4189450740814209	0.24524931609630585	0.4706042408943176	0.29858365654945374	0.6962317228317261	1.2052252292633057	0.7069065570831299	0.4200076460838318	0.29991382360458374	0.019975828006863594	0.1399470716714859	0.3421272039413452	0.8321566581726074	0.2563982903957367	0.4056694805622101	0.3435041606426239	0.8030027747154236	0.4423118233680725	0.26584354043006897	0.458230197429657	0.3257733881473541	0.26801028847694397	1.0191667079925537	0.5388594269752502	0.5199925899505615	0.20065005123615265	0.43962761759757996	0.8538788557052612	0.5628751516342163	0.522455632686615	0.6039108633995056	0.38676249980926514	0.42657727003097534	0.23844026029109955	0.21093341708183289	0.4391438364982605	0.051829952746629715	1.2788934707641602	0.37073832750320435	0.4014711081981659	0.48640960454940796	0.7789620757102966	0.4742339849472046	0.2628045678138733	0.550865113735199	0.5327973365783691	0.9485292434692383	0.5754950046539307	0.20754988491535187	0.44584915041923523	1.1673452854156494	0.47510260343551636	0.8497152328491211	0.36387714743614197	0.09837353229522705	0.642381489276886	0.7282356023788452	0.4259522557258606	0.24887511134147644	0.22433602809906006	0.44398611783981323	0.8674758672714233	0.33666300773620605	0.03074222058057785	0.25088560581207275	0.17548350989818573	0.5040078163146973	0.8260049223899841	0.24708330631256104	0.6236538290977478	0.5251734256744385	0.47725462913513184	0.1360694020986557	0.8921037316322327	0.2640385031700134	0.5439456701278687	0.6073237061500549	0.2568396329879761	0.5698999166488647	0.17487701773643494	0.4742233455181122	1.031072735786438	0.7255780100822449	0.3104598820209503	0.9092853665351868	0.12351038306951523	0.4963690936565399	0.9570937156677246	0.32458215951919556	1.0936545133590698	0.18289224803447723	0.32194796204566956	0.7854161262512207	0.3953820466995239	1.0511764287948608	1.210394263267517	0.6023110151290894	0.2946632504463196	0.2940555810928345	0.36111173033714294	0.6698157787322998	0.4062253534793854	0.5443218350410461	1.1214168071746826	0.19074086844921112	0.2775227427482605	0.32466602325439453	0.38681381940841675	0.7745283842086792	0.41969621181488037	0.9115055799484253	0.3991580307483673	0.5995308756828308	0.12413036078214645	0.16008152067661285	0.3148675858974457	0.24926955997943878	0.26018935441970825	0.22333404421806335	0.8796036839485168	0.2939438223838806	0.3721202611923218	0.2653895616531372	0.3075774908065796	0.6946234107017517	0.9604238271713257	0.29216259717941284	0.1833159327507019	0.20182281732559204	0.733568549156189	0.5414475202560425	0.3252989649772644	0.4299594461917877	0.5254996418952942	0.5517961382865906	0.3028179705142975	0.28293898701667786	0.74055415391922	0.5597185492515564	0.7921158671379089	0.17781303822994232	1.0730880498886108	0.5843985676765442	0.5273032188415527	0.8231973648071289	0.2595898509025574	0.49278444051742554	0.6038493514060974	0.47556278109550476	0.5474334955215454	0.2476068139076233	0.4182124137878418	0.15597766637802124	0.5465168356895447	0.3183419704437256	0.3575001060962677	1.4406989812850952	0.2270374894142151	0.5232280492782593	0.4221821427345276	0.22807066142559052	0.5004487037658691	0.45654213428497314	0.5051904320716858	0.37049227952957153	0.1644017994403839	0.5608416199684143	0.455976665019989	0.42378509044647217	0.6579689383506775	0.930914044380188	0.34305340051651	0.6172919869422913	0.08494742959737778	0.18906626105308533	0.9332175254821777	0.5456689596176147	0.3501819372177124	0.6416239738464355	1.1008269786834717	0.6529849767684937	0.45175549387931824	0.19461669027805328	0.24678601324558258	0.5829082131385803	1.00425386428833	0.9741463661193848	1.1532554626464844	0.7996159195899963	0.6573238372802734	0.23147207498550415	0.5588841438293457	0.43270403146743774	0.5630751252174377	0.3335120677947998	0.11266433447599411	0.30107566714286804	0.4047943353652954	0.4228675067424774	0.15467655658721924	1.0806243419647217	0.1945163607597351	0.46732190251350403	0.25646358728408813	0.5532070994377136	0.45878714323043823	0.15247026085853577	0.8343878388404846	0.9415295720100403	0.4773416519165039	0.3670365512371063	0.41240376234054565	0.3924943804740906	0.3652600347995758	0.18110863864421844	0.9044702053070068	0.09930558502674103	0.3694666922092438	0.4779955744743347	0.3633671998977661	0.23344434797763824	0.6861778497695923	0.8078783750534058	0.35511231422424316	0.19480375945568085	0.04857884347438812	0.5759836435317993	0.3800828754901886	0.18992960453033447	0.45741820335388184	0.6932788491249084	0.263094037771225	0.5309361219406128	1.1164202690124512	0.3550300598144531	0.33543235063552856	1.0616035461425781	0.8380014896392822	0.5407599210739136	0.4678427577018738	0.48333197832107544	0.3615040183067322	0.2529056668281555	0.4639551043510437	0.35370177030563354	0.4046097993850708	0.3226172924041748	0.05821391940116882	0.31985369324684143	0.3156351149082184	1.0998739004135132	0.48324936628341675	0.5837754011154175	0.11564397811889648	0.2588196396827698	0.21871095895767212	0.1948266476392746	0.4025283455848694	0.22996002435684204	0.37650415301322937	0.25077980756759644	0.2909215986728668	0.46547675132751465	0.40817326307296753	0.8403832912445068	0.4160193204879761	0.07186304032802582	0.6077747941017151	0.36694079637527466	0.44525113701820374	0.41208311915397644	0.504741370677948	0.3682277500629425	0.4280393719673157	0.42040395736694336	0.5293903350830078	0.5350910425186157	0.9341264963150024	0.6308706402778625	0.32376301288604736	0.26667851209640503	0.8586096167564392	0.7340758442878723	0.4870831370353699	0.5882495641708374	0.26952654123306274	0.718391478061676	0.5273158550262451	0.9208287000656128	0.7194581031799316	0.6776688098907471	0.5776485800743103	0.24148482084274292	0.6593966484069824	0.2791016399860382	0.4900074899196625	0.39713385701179504	0.43494629859924316	1.0149381160736084	0.6517335176467896	0.9497251510620117	0.5753688216209412	1.007569432258606	0.9514340758323669	0.21451304852962494	0.8742913007736206	0.37954503297805786	0.8424997925758362	0.9218528866767883	0.34607887268066406	0.3883506655693054	0.7421690225601196	0.7737183570861816	0.6916609406471252	0.88172447681427	0.32819196581840515	0.30359986424446106	0.4658452868461609	0.44485583901405334	0.42846161127090454	0.5973241329193115	0.33985161781311035	0.18004027009010315	0.4470248818397522	0.14549988508224487	0.5090205073356628	0.4232444763183594	0.23427250981330872	0.3018086850643158	0.5572484731674194	0.5748520493507385	0.3695409893989563	0.06847801059484482	0.4076465964317322	0.49609750509262085	0.8017326593399048	0.24482960999011993	0.06765293329954147	0.6859517097473145	0.6647851467132568	0.656849205493927	0.7128617763519287	0.12401649355888367	0.20595812797546387	0.5208892226219177	0.24832084774971008	1.0146398544311523	0.2664993107318878	0.5620399117469788	0.34179186820983887	0.3705002963542938	0.5831193923950195	0.1049417108297348	0.20855912566184998	0.4719710648059845	0.22296206653118134	0.28034117817878723	0.47810256481170654	0.9286051988601685	0.038610074669122696	0.47200363874435425	0.5709465146064758	0.1715916395187378	0.8665817379951477	0.45422330498695374	0.6942557096481323	0.4388168156147003	0.45398440957069397	0.17641900479793549	1.469224452972412	0.11091803014278412	0.3887401223182678	0.40432024002075195	0.5612376928329468	0.5776556134223938	0.2781408727169037	0.4060187339782715	1.3901869058609009	0.35432565212249756	0.49967262148857117	0.30773404240608215	0.33923962712287903	0.6423940658569336	0.6975020170211792	0.6166797876358032	0.13705167174339294	0.8990188837051392	0.4407162666320801	1.1840344667434692	0.400208979845047	0.4824770987033844	0.3311097323894501	0.7737171053886414	1.1523927450180054	0.24994736909866333	0.8234332799911499	0.21128903329372406	0.49651405215263367	0.23775944113731384	0.17579437792301178	0.7906973958015442	0.33828723430633545	0.1509348452091217	0.7478841543197632	0.376670777797699	1.3689182996749878	0.5420989990234375	0.38526451587677	0.7997846007347107	0.24079863727092743	0.5462833642959595	0.2430030107498169	0.533113420009613	0.2626304030418396	0.5768351554870605	0.47383177280426025	1.32013738155365	0.6461663246154785	0.2574600279331207	0.39465463161468506	0.059304915368556976	0.7878699898719788	0.06526852399110794	0.7538668513298035	0.2937302589416504	0.3248530626296997	0.2035919576883316	0.838511049747467	0.6885343790054321	0.3217821717262268	0.5726882219314575	0.07006508111953735	0.3881489634513855	0.07499679177999496	0.7349112033843994	1.2528347969055176	0.5574183464050293	1.0221349000930786	0.09976276010274887	0.7693384289741516	0.22455772757530212	0.14478585124015808	0.3526166081428528	0.08577744662761688	0.3837948441505432	0.802534818649292	0.367512583732605	0.7570960521697998	0.44307586550712585	0.19282583892345428	0.4299408197402954	0.27338263392448425	0.33642876148223877	0.5739983320236206	0.8371346592903137	0.6876887083053589	0.25885888934135437	0.9141653180122375	0.3477381765842438	0.6004951596260071	0.36723217368125916	0.3426456153392792	0.47892606258392334	0.5176363587379456	0.441574364900589	0.8142692446708679	0.313586562871933	0.529147744178772	0.3535480201244354	0.2857973277568817	0.7456948161125183	0.8281315565109253	0.5266169905662537	0.24106529355049133	0.3761397898197174	0.19980201125144958	0.25324276089668274	0.319236695766449	0.5279722213745117	0.8151987195014954	0.3545019328594208	0.6466764807701111	0.45415937900543213	0.337239146232605	0.6998195648193359	1.0049034357070923	0.2554645836353302	0.7220971584320068	0.19134196639060974	0.9568535685539246	0.4126729667186737	1.0141417980194092	0.28744569420814514	0.46958819031715393	0.6382154226303101	0.7167025804519653	0.08256170153617859	0.9601842761039734	0.12496977299451828	0.6403647661209106	0.44007498025894165	0.6098732352256775	0.8585354685783386	0.2944437563419342	0.4106106162071228	0.19786295294761658	0.7111037969589233	0.9796468019485474	0.31591832637786865	0.4090174436569214	0.8113155961036682	0.23905527591705322	0.8249271512031555	0.47943153977394104	0.5405706167221069	0.1248992383480072	0.23142707347869873	0.4566260278224945	0.7654082775115967	0.17379194498062134	0.42065757513046265	0.07601477205753326	0.6821960806846619	0.9043401479721069	0.09142149984836578	0.1501614898443222	0.6096541881561279	0.7652991414070129	0.762891411781311	0.9445556402206421	0.559820294380188	0.4714009761810303	0.4824247658252716	0.6335585713386536	0.4857295751571655	0.8159846067428589	0.5754733085632324	0.3076353073120117	0.12149884551763535	0.4249601364135742	0.27318456768989563	0.8332498073577881	0.776346743106842	0.11557450890541077	0.5756203532218933	0.5470751523971558	0.4741126298904419	0.5913610458374023	0.41724878549575806	0.3370072841644287	0.49730923771858215	0.480709433555603	0.8082630634307861	0.4440358877182007	0.4642379581928253	0.6112240552902222	0.2734338641166687	0.27894189953804016	0.9024580717086792	0.20374076068401337	0.35411688685417175	0.46367937326431274	0.5035521388053894	0.38677194714546204	0.3800968825817108	0.44287624955177307	0.5528692007064819	0.17140033841133118	0.42014792561531067	0.09195582568645477	0.23987022042274475	0.18637895584106445	0.3206839859485626	0.7987515330314636	0.6902660131454468	1.0031245946884155	0.42812463641166687	0.7138946056365967	0.06050778552889824	0.4988345801830292	0.5707188844680786	0.16541947424411774	1.1273069381713867	0.5947937369346619	0.21722498536109924	0.469046950340271	0.3383389115333557	0.21565741300582886	0.3625931739807129	0.4454362094402313	0.9255403876304626	0.2868068814277649	0.4960878789424896	0.7178163528442383	0.23437289893627167	0.42779824137687683	0.463501900434494	0.7573695778846741	0.8945250511169434	0.8488543033599854	0.21606194972991943	0.6736391186714172	0.6931334733963013	0.423689067363739	0.02514513209462166	0.18764878809452057	0.34454208612442017	0.7913636565208435	0.2963711619377136	0.23594103753566742	0.4626190662384033	0.3636578917503357	0.33191555738449097	0.7757181525230408	0.6272338628768921	0.3584279716014862	0.19126364588737488	0.18390005826950073	1.530530571937561	1.0573886632919312	0.47839537262916565	0.5013291835784912	0.2983212471008301	0.3040430545806885	0.3789679706096649	0.20128144323825836	0.3782762289047241	0.680224597454071	0.497326523065567	0.3696884214878082	0.1534452736377716	0.39710453152656555	0.7067885398864746	0.37022876739501953	1.5034157037734985	0.5617290735244751	0.10396765172481537	0.27664685249328613	0.11874725669622421	0.6080149412155151	0.36649391055107117	0.23320376873016357	0.5725716352462769	0.4626387655735016	0.2378578633069992	0.4083499610424042	0.5595365166664124	0.7661089301109314	0.33587610721588135	0.4984201192855835	0.5524635314941406	0.2848493754863739	0.46696677803993225	0.3247365355491638	0.35095787048339844	0.6895302534103394	0.00022146165429148823	0.4766124188899994	0.2376711070537567	0.9221411943435669	0.7505105137825012	0.28544536232948303	0.21908394992351532	0.36283284425735474	0.30657148361206055	0.4764142632484436	0.28727665543556213	0.3966938853263855	0.4689694046974182	0.40929168462753296	0.1757318079471588	0.5342353582382202	0.5250199437141418	0.3977528214454651	0.8687463998794556	0.21843674778938293	0.5667394995689392	0.19763126969337463	0.2865277826786041	1.0354945659637451	0.6958929896354675	0.43205752968788147	0.23843570053577423	0.6913045644760132	0.45674723386764526	0.6176449060440063	0.19396986067295074	0.3858429789543152	0.41814616322517395	0.5762580037117004	0.31633806228637695	0.5288410186767578	0.4087395668029785	0.5871712565422058	0.8434446454048157	0.4753899872303009	0.6220282316207886	0.9400540590286255	0.32429492473602295	0.24919699132442474	0.9245689511299133	1.2671637535095215	0.7838655710220337	0.12685658037662506	0.19533692300319672	0.7236199975013733	0.2593564987182617	0.7847816348075867	1.1143404245376587	0.22711914777755737	0.5384054183959961	0.5993888974189758	0.5603986978530884	0.6134315729141235	0.10990165919065475	0.7462813854217529	0.4332209527492523	0.22554722428321838	0.7133867740631104	0.20675018429756165	0.5299920439720154	0.2518371641635895	0.27875179052352905	0.23794156312942505	0.24929240345954895	0.6021756529808044	0.7451942563056946	0.026379937306046486	0.7768271565437317	0.6247714757919312	0.8013623356819153	0.3073195219039917	0.39253976941108704	0.2851480543613434	0.7132195234298706	0.8119610548019409	0.7916004061698914	0.2774220407009125	0.18521416187286377	0.6634664535522461	1.0210531949996948	0.4176231324672699	0.38569965958595276	0.2385115772485733	0.9520936012268066	0.32450586557388306	1.380716323852539	0.43741849064826965	0.7603216767311096	0.4534727931022644	0.5439714193344116	0.4944000244140625	0.21014752984046936	0.8653236627578735	0.4817097783088684	0.5913892388343811	0.4129822254180908	1.9322270154953003	0.05896476283669472	0.32203376293182373	0.33086782693862915	0.8529379963874817	0.3443444073200226	0.47936373949050903	0.6887128353118896	0.1000610738992691	0.40011101961135864	0.568260669708252	0.10592995584011078	0.2875644862651825	0.8816914558410645	0.859539270401001	0.6258662343025208	0.5762394666671753	0.5471309423446655	0.38523176312446594	0.3988155722618103	0.2834688425064087	0.09962333738803864	0.13386332988739014	0.6827947497367859	0.3616143465042114	0.468702107667923	0.45302140712738037	0.625712513923645	0.9220103025436401	0.16001562774181366	0.42557623982429504	0.5288240313529968	1.1166578531265259	0.46129441261291504	0.10110437124967575	0.7050873637199402	0.33348318934440613	0.6090840101242065	0.3802143931388855	0.5922672748565674	0.8182172179222107	0.45032766461372375	0.6139339804649353	0.18252398073673248	0.7206502556800842	0.823647677898407	1.1296921968460083	0.35589104890823364	0.1979808658361435	0.37135443091392517	0.1949918270111084	0.39551693201065063	0.578464150428772	0.7483440637588501	1.0493630170822144	0.3298027515411377	0.35728228092193604	0.5247507691383362	0.6233764886856079	0.08946231007575989	0.7226505279541016	0.2837068438529968	1.3342170715332031	0.2603438198566437	0.15047362446784973	0.24746304750442505	0.3249003291130066	0.5687875747680664	0.8649038672447205	0.42579707503318787	0.9269883036613464	0.31995198130607605	0.44164660573005676	0.2008991837501526	0.27848783135414124	1.2310965061187744	1.0026246309280396	0.7535514235496521	0.5431598424911499	0.3186361491680145	0.4447976052761078	0.35725173354148865	0.603569507598877	0.39392927289009094	0.8340578079223633	0.395372211933136	0.4736897945404053	0.37644121050834656	0.7529653906822205	0.4686082899570465	0.4055599272251129	0.4783936142921448	0.8287732601165771	0.44685524702072144	0.4360382556915283	0.14255575835704803	0.7816439867019653	0.5201130509376526	0.614677906036377	0.256828635931015	0.4028892517089844	0.6453189849853516	0.7865594029426575	0.44877687096595764	0.41571366786956787	0.08659130334854126	0.24214239418506622	0.6994609236717224	0.13720756769180298	0.9540899991989136	0.5901473760604858	0.6457316875457764	0.28024765849113464	0.550996720790863	1.1594161987304688	0.5489253401756287	0.7379426956176758	0.15928614139556885	0.09049753844738007	0.5034232139587402	1.251805305480957	0.7570140361785889	0.2873249053955078	0.7548452019691467	0.2972315549850464	0.3516489565372467	0.15024736523628235	0.5521135926246643	0.703067421913147	0.1784474104642868	0.471346378326416	0.4791457951068878	0.4312421977519989	0.6158095598220825	0.25362953543663025	0.279201865196228	0.457243949174881	0.26015228033065796	0.29460787773132324	0.37459036707878113	0.22767533361911774	0.48435652256011963	0.22336968779563904	0.22242017090320587	0.9905171394348145	0.33551955223083496	0.195773184299469	0.9263076782226562	0.5663110613822937	0.4512750208377838	0.5209968090057373	0.247054323554039	0.6284889578819275	0.1435062289237976	0.532046914100647	0.37257105112075806	0.20141637325286865	0.44549933075904846	0.5937944054603577	0.748431384563446	0.46927016973495483	1.1582355499267578	0.3537646234035492	0.5195582509040833	0.8591393232345581	0.43347620964050293	0.6525582671165466	0.8018254041671753	0.3040565848350525	0.5724292993545532	0.3301674425601959	0.5917778015136719	0.7219104170799255	0.5698426961898804	0.912511944770813	0.24326440691947937	0.3487822711467743	0.520942211151123	0.37812986969947815	1.798604965209961	0.6553441286087036	0.39592087268829346	0.3956969976425171	0.60660719871521	0.39169174432754517	0.14526782929897308	0.2253485769033432	0.7347725629806519	0.4718603789806366	0.9572920203208923	0.384566992521286	1.2739710807800293	0.35611534118652344	1.0746897459030151	0.6041997671127319	0.9847900867462158	0.33295688033103943	0.1491195261478424	0.21682660281658173	0.209848091006279	0.4004482626914978	1.2396329641342163	0.6386535167694092	0.38672035932540894	0.59220290184021	1.1160823106765747	0.913068413734436	0.4068334400653839	0.36259207129478455	0.5396005511283875	0.22296227514743805	0.5540449023246765	0.34399545192718506	0.8900523781776428	0.7476894855499268	0.2683338224887848	0.6400856971740723	0.9501866698265076	0.659143328666687	0.3749598264694214	0.5327591300010681	0.6195263266563416	0.6865256428718567	0.11927550286054611	0.26792728900909424	0.5114476084709167	0.3256050944328308	0.46560466289520264	0.5346891283988953	1.3612781763076782	0.724617063999176	0.3328867256641388	0.4589577317237854	0.30914998054504395	0.4503341019153595	0.3469640612602234	0.20038573443889618	0.13263684511184692	0.1917874813079834	0.15018737316131592	0.8344370126724243	0.7764016389846802	0.0834638699889183	0.7933233976364136	0.5697191953659058	0.217392235994339	1.0341099500656128	0.4074130058288574	1.1429404020309448	0.8040255308151245	0.309976190328598	0.31540945172309875	0.3030138611793518	1.0859781503677368	0.5469121932983398	0.9003333449363708	0.04499219357967377	0.315075159072876	0.2190588414669037	0.6082080602645874	0.44266796112060547	0.5116043090820312	0.4374927580356598	0.4944101572036743	0.2933371663093567	0.28089380264282227	0.4239991009235382	0.42860278487205505	0.576177716255188	0.7900506258010864	0.42720726132392883	0.14852172136306763	0.592837929725647	0.9746665954589844	0.5920162796974182	0.300014853477478	0.9866326451301575	0.35704803466796875	0.2538590431213379	0.33033469319343567	0.9123790264129639	0.4900907576084137	0.6868689656257629	0.35341793298721313	0.28985005617141724	0.4216933250427246	0.6518484354019165	0.30132460594177246	0.4645909070968628	0.991631031036377	0.2771751284599304	0.8539873361587524	0.5810495018959045	0.2363499402999878	0.3235528767108917	0.6617964506149292	0.8700254559516907	0.30782216787338257	0.7752147316932678	0.552180826663971	0.697815477848053	0.5341082811355591	0.09778203815221786	0.3177106976509094	0.49788400530815125	0.43693000078201294	0.5233213901519775	0.238286092877388	0.2992161810398102	0.4199557304382324	0.21654082834720612	0.4407012164592743	0.680008590221405	0.27302253246307373	0.15970385074615479	0.40116751194000244	0.18677596747875214	0.8976908922195435	0.07629326730966568	0.8033892512321472	0.6744193434715271	0.8550030589103699	0.21089360117912292	0.20009902119636536	0.07172618061304092	0.3121486008167267	0.5158814787864685	0.5350762009620667	0.33240407705307007	0.3070595860481262	0.91002357006073	0.3087998926639557	0.6916133165359497	1.057995080947876	0.7707375288009644	0.2685093879699707	0.4028915762901306	0.4764960706233978	0.31110119819641113	0.2788146138191223	0.5941852331161499	0.5247904062271118	0.8674320578575134	0.14149720966815948	0.4498906135559082	0.1830434799194336	0.5507917404174805	0.40102824568748474	0.2843751013278961	0.320819228887558	0.17737355828285217	0.8813865780830383	0.13975435495376587	0.5114511251449585	1.1808867454528809	0.5999470949172974	1.047153353691101	0.29532355070114136	0.9680260419845581	0.3963417112827301	0.13733045756816864	0.8180987238883972	0.36500081419944763	0.6244375109672546	0.612675666809082	0.784443736076355	0.5752065777778625	0.43109768629074097	0.6365163922309875	0.10161483287811279	0.1548328399658203	1.1875717639923096	0.3809635043144226	0.48606109619140625	0.3453238606452942	0.47639816999435425	1.0887638330459595	0.3857034146785736	0.5902655720710754	0.5209351778030396	0.3930680751800537	0.30559271574020386	0.9407694935798645	0.1932334005832672	0.5492807626724243	0.14952772855758667	0.3060000240802765	0.5868408679962158	0.33196383714675903	0.4954376220703125	0.1399608552455902	0.6515375971794128	0.573248565196991	0.21978095173835754	0.7054404020309448	0.811294436454773	0.1438039392232895	0.7527798414230347	0.9794660210609436	0.3111993074417114	0.5925678014755249	0.5198825001716614	0.5000102519989014	0.5302605032920837	0.6265597343444824	0.8606436252593994	0.15223437547683716	0.296467125415802	0.64894700050354	0.20754697918891907	1.0873748064041138	0.2945754826068878	0.30467817187309265	0.3909747898578644	0.29824742674827576	0.9740626811981201	0.7021781802177429	0.5897104740142822	0.5830138325691223	0.651718258857727	0.40740880370140076	0.44218072295188904	0.38903719186782837	0.4560268521308899	1.0044556856155396	0.10085276514291763	0.19764220714569092	0.7193982005119324	0.31019848585128784	0.6608046293258667	0.4313260316848755	0.5196036100387573	0.12535354495048523	0.2614009976387024	0.5955550074577332	1.0184122323989868	0.26634088158607483	0.35697245597839355	0.4169597327709198	0.10232126712799072	0.4904530346393585	0.5947381258010864	0.34716442227363586	0.1787930279970169	1.1850464344024658	0.36819031834602356	0.15344899892807007	0.41746026277542114	0.4030992090702057	0.5067784786224365	0.21378956735134125	0.4020424485206604	0.6377778649330139	0.4404676854610443	0.3450919985771179	1.0870587825775146	0.5939332246780396	1.2275623083114624	0.7435341477394104	0.6439182162284851	0.04042080044746399	0.30914533138275146	0.10458215326070786	0.6863117814064026	0.6161928772926331	0.4254140555858612	0.17866972088813782	0.533359169960022	0.373514324426651	0.38273826241493225	0.38373786211013794	0.5624980926513672	0.5412228107452393	1.0651434659957886	0.07160378992557526	0.6986034512519836	0.16798363626003265	0.3524269163608551	0.4000163972377777	0.32664287090301514	0.42961743474006653	0.630419909954071	0.19944903254508972	1.0986658334732056	0.3026047945022583	0.32641249895095825	0.406566858291626	0.2982287108898163	0.17623694241046906	0.8214462399482727	0.17207086086273193	0.6472810506820679	0.5950285196304321	0.8710845708847046	0.07535292953252792	0.46757182478904724	0.7481033205986023	0.5048154592514038	0.20907992124557495	0.5667985677719116	0.309190958738327	0.5167872905731201	0.6422995328903198	0.26528289914131165	0.5959346890449524	0.13922914862632751	0.6712935566902161	0.6342430114746094	0.3249548375606537	0.8935120105743408	0.7075554132461548	0.24659407138824463	0.35638323426246643	0.8883360624313354	0.41234254837036133	0.2531345784664154	0.7419952154159546	0.18029232323169708	0.28910595178604126	1.0335265398025513	0.28022733330726624	0.7734185457229614	0.23201926052570343	0.45706871151924133	0.10749895870685577	0.34542518854141235	0.5125786662101746	0.5439735651016235	0.8377817869186401	0.24801760911941528	0.6179343461990356	0.6330975890159607	0.49063798785209656	0.3863285481929779	0.22841647267341614	0.2883765399456024	0.5592179298400879	0.20984019339084625	0.5706841945648193	0.8951166868209839	1.183450698852539	0.6111689805984497	0.3856871724128723	0.518470287322998	0.1268354058265686	0.47480130195617676	0.4084036946296692
1.1034225225448608	0.7739102840423584	0.21611250936985016	0.10401216894388199	1.053642749786377	0.3947248160839081	0.8682224750518799	0.17468465864658356	0.03743522986769676	0.19669535756111145	1.460647463798523	1.165079951286316	0.6437149047851562	0.3869624137878418	0.09408962726593018	1.1768238544464111	0.17079101502895355	0.5051041841506958	0.6602667570114136	0.17975179851055145	0.3001191020011902	0.52971351146698	0.6662825345993042	0.757779061794281	0.24278636276721954	0.622138261795044	0.9925808906555176	0.47234073281288147	0.5193555951118469	0.46884191036224365	1.1894580125808716	0.3550722897052765	0.5734907388687134	0.2964933216571808	0.3867228925228119	0.3220459520816803	0.3792373538017273	0.38955825567245483	0.5317299365997314	0.4464728832244873	0.5134261250495911	1.2151730060577393	0.6000194549560547	0.6840152740478516	0.3599540591239929	1.0596704483032227	0.5416514873504639	0.3792470395565033	0.4149430990219116	0.3219383955001831	0.9417251944541931	0.4072863459587097	0.31477776169776917	0.30772921442985535	0.27437636256217957	0.4489395022392273	0.6956374049186707	1.9188342094421387	0.4144916236400604	0.952202320098877	0.37909767031669617	1.1771934032440186	0.044625818729400635	0.5536335706710815	0.8127365112304688	0.6136242151260376	0.06413792818784714	0.21737004816532135	0.6241291761398315	0.4009375274181366	0.2966427803039551	0.15181005001068115	1.007144808769226	1.5406177043914795	0.4222659766674042	0.668549656867981	0.339640736579895	0.5845378637313843	0.3430892825126648	0.36540737748146057	1.072795033454895	1.1105104684829712	0.8147174119949341	0.3108053207397461	0.3543322682380676	0.22397813200950623	0.5914891958236694	0.49874910712242126	0.8347072601318359	0.3619844615459442	0.3677339553833008	0.6472922563552856	0.46838656067848206	0.25678467750549316	0.7480052709579468	0.8626887798309326	0.8783373236656189	0.1946786344051361	0.47890806198120117	1.2006340026855469	0.5866506099700928	1.0886567831039429	1.137098789215088	0.035604048520326614	0.39697039127349854	1.1763694286346436	0.7827659249305725	0.180472731590271	0.8777872920036316	0.32227227091789246	0.5139001607894897	0.9730302691459656	0.8583537340164185	0.5464072227478027	0.18071089684963226	0.2543286681175232	0.45694252848625183	1.183573603630066	0.09149728715419769	0.950708270072937	0.6243647933006287	0.4026799201965332	1.3674792051315308	1.0770915746688843	0.5398101806640625	0.3276699185371399	0.3213339149951935	0.7172102332115173	0.49709606170654297	1.5256181955337524	0.5744351744651794	1.0980268716812134	0.47153979539871216	0.5316107869148254	0.719364583492279	0.34290018677711487	0.7568594813346863	0.5245730876922607	0.26424893736839294	0.4101283550262451	0.7555251121520996	0.3096499443054199	0.07924159616231918	0.24007286131381989	0.7801218032836914	0.9231180548667908	1.2925814390182495	0.9137892127037048	0.9602652788162231	0.6394864320755005	0.8756355047225952	0.5318809747695923	0.2577172517776489	1.058026671409607	0.5022122859954834	0.6216937303543091	0.421316921710968	0.4703570306301117	0.48092198371887207	0.22314319014549255	0.7729336023330688	0.5292438864707947	0.3969379961490631	0.4734805226325989	0.38372349739074707	0.49337702989578247	0.5951759815216064	0.2028522491455078	0.9961520433425903	0.5811455249786377	0.888797402381897	0.5933569073677063	0.644626259803772	0.7581918835639954	0.5026060342788696	0.37774401903152466	0.5846116542816162	1.0560871362686157	0.2516031265258789	0.21034599840641022	0.6673036217689514	0.6890316009521484	0.0678875595331192	0.455814391374588	0.4397107660770416	0.17506885528564453	0.4858296513557434	0.1667201966047287	1.4002798795700073	0.7209969162940979	0.9409841299057007	0.21328318119049072	0.08596815168857574	0.612022340297699	0.49143707752227783	0.6098065376281738	0.15789271891117096	0.2208123654127121	0.790899395942688	0.7999544143676758	0.7745633721351624	0.18019956350326538	0.4796665608882904	0.5235141515731812	0.6837199926376343	0.4128633737564087	0.07540064305067062	0.7824047803878784	0.0389772430062294	0.3512389063835144	0.5665958523750305	0.48223280906677246	0.6427741646766663	0.49824973940849304	0.7504653930664062	0.9499577879905701	0.4867185354232788	0.041099414229393005	0.6686668395996094	0.05989161878824234	0.6003742218017578	0.7049404978752136	0.5678385496139526	0.9619145393371582	0.7291013598442078	0.10665134340524673	0.8875774145126343	1.1034404039382935	0.18223008513450623	0.9068297743797302	0.6743074655532837	0.6265444159507751	0.37220507860183716	0.14972615242004395	0.5244469046592712	0.5734299421310425	0.2657213509082794	0.7879171371459961	0.7602028250694275	0.24384520947933197	0.38749703764915466	0.47621864080429077	0.7477287650108337	0.7372151613235474	0.6244990825653076	0.17465390264987946	0.5168380737304688	0.6718838214874268	0.32858720421791077	0.45152202248573303	0.7489497661590576	0.664402186870575	0.9266256093978882	0.5264502763748169	0.45821964740753174	1.155044674873352	0.31888124346733093	0.6980632543563843	0.9976469874382019	0.7049321532249451	0.39803633093833923	1.5641614198684692	0.5318692922592163	0.44361141324043274	0.5066543221473694	0.23434604704380035	0.4242050051689148	0.345603346824646	0.4290139377117157	0.29743459820747375	0.7143406867980957	0.9148659706115723	0.7737162113189697	0.21773351728916168	0.05292452499270439	0.23961912095546722	0.17799031734466553	0.5077669024467468	0.5209912061691284	1.02574622631073	0.6552786231040955	0.08105674386024475	0.4721440076828003	0.4102310240268707	0.4159885346889496	0.5162267684936523	0.47803226113319397	0.7153119444847107	1.1096761226654053	0.7528338432312012	0.8745535612106323	0.6707046031951904	0.59404456615448	0.25140681862831116	0.7096562385559082	1.3535624742507935	1.173764944076538	0.560667872428894	1.0158627033233643	0.36077529191970825	0.2759952247142792	0.6986439228057861	0.903080403804779	0.24468357861042023	0.2015151083469391	0.21328070759773254	0.6262036561965942	1.5122663974761963	0.4674018621444702	0.10385040193796158	0.9465141296386719	0.7485951781272888	0.2497759759426117	0.2908267080783844	0.018328923732042313	1.0770399570465088	0.46236473321914673	0.32061025500297546	0.7997422218322754	1.7472763061523438	0.8560817241668701	0.4975661337375641	0.6556531190872192	0.6898128390312195	0.25122931599617004	0.5852223038673401	0.47787249088287354	0.8308619856834412	0.6599783897399902	0.7614589929580688	1.0572032928466797	0.5654491782188416	0.39294829964637756	0.420212984085083	0.1923055797815323	0.4197951555252075	1.258763074874878	0.3081817030906677	0.3351227045059204	0.8311980366706848	0.3668693006038666	0.4468265175819397	0.19956985116004944	0.32946789264678955	0.509595513343811	0.40403038263320923	0.3444836735725403	0.22215014696121216	0.7489909529685974	0.40868017077445984	0.11692720651626587	0.10075198113918304	0.2784229815006256	0.9945008754730225	1.2628214359283447	0.3247368335723877	0.8110631704330444	0.3163039982318878	0.31690436601638794	0.8505123853683472	1.8411792516708374	0.4503743052482605	0.9589993953704834	0.3172057271003723	0.605536937713623	1.1844851970672607	0.7807523608207703	0.8967928290367126	0.6291224956512451	0.2964342534542084	0.596168041229248	0.9839649200439453	0.8081530332565308	0.19705261290073395	0.34790900349617004	0.42727306485176086	1.984913945198059	0.5272542238235474	1.0306901931762695	0.16935256123542786	0.8676764965057373	0.426364541053772	0.9420738816261292	0.3776881694793701	0.6420656442642212	0.48738935589790344	0.19391344487667084	0.44603320956230164	0.3617711663246155	0.4009841978549957	0.199039489030838	0.9652396440505981	0.2969032824039459	1.4428420066833496	0.7267405986785889	1.0283972024917603	0.5077407360076904	0.24410739541053772	1.2971956729888916	0.5573579668998718	0.7023592591285706	1.094624638557434	0.8706238269805908	0.6935401558876038	0.4359230399131775	0.533671498298645	0.7728014588356018	0.8929107785224915	1.1116361618041992	0.2868692874908447	1.3734397888183594	0.5089337229728699	0.7976929545402527	0.30844834446907043	0.933682918548584	0.07564504444599152	0.7475659847259521	0.06926603615283966	0.705176830291748	0.5529016256332397	0.1903936266899109	0.6307165026664734	0.581129252910614	0.5527693629264832	0.2782188951969147	0.8283079266548157	0.190920889377594	1.0361686944961548	0.8908759951591492	0.8157802820205688	0.0332535021007061	1.3525007963180542	0.616045355796814	0.20739705860614777	0.2583562135696411	0.2813566029071808	0.4110300540924072	0.5072754621505737	0.2052605301141739	0.2494315505027771	0.5668590068817139	0.5048431158065796	0.04905811324715614	0.3076736629009247	0.30367815494537354	0.41952160000801086	1.610060214996338	0.7573878169059753	0.5847564339637756	0.6399545073509216	0.36845871806144714	0.17553317546844482	1.9012577533721924	0.9478460550308228	0.19447171688079834	0.26642709970474243	0.7451391816139221	0.3477684259414673	0.9401965141296387	0.32669714093208313	1.0594429969787598	0.5319389700889587	0.12151411920785904	1.025788426399231	1.1459609270095825	0.9351620078086853	0.1791289895772934	0.22455939650535583	0.845439612865448	1.205878496170044	0.5473511815071106	0.5681906342506409	0.10940693318843842	0.5377792716026306	1.0664706230163574	0.8489735722541809	0.42927974462509155	0.8705679178237915	0.26472872495651245	0.6198954582214355	1.1475515365600586	0.4163200855255127	0.7046752572059631	1.0254158973693848	1.473113775253296	0.18257878720760345	0.8891372084617615	0.16998985409736633	0.8778271675109863	0.4334454834461212	0.792182981967926	0.21722650527954102	0.6167307496070862	0.2956627607345581	0.9160546660423279	0.9115532636642456	0.2986348271369934	0.29484784603118896	0.3337878882884979	0.6818958520889282	0.7361883521080017	0.4885547161102295	0.8372692465782166	0.1962379515171051	0.5909205079078674	0.5265045762062073	0.06901517510414124	0.6503831148147583	0.5231708884239197	0.20229779183864594	0.3515593409538269	0.1577633023262024	0.5963640809059143	1.4760644435882568	0.18977022171020508	0.5114433765411377	0.30561935901641846	0.9756367802619934	0.8931590914726257	0.33563345670700073	0.5349276661872864	1.3247594833374023	0.3947741687297821	0.6640151739120483	0.38502073287963867	0.40739932656288147	0.3653545081615448	0.26671215891838074	0.8342746496200562	1.2894777059555054	0.07574979215860367	0.14838986098766327	1.173945665359497	0.3606549799442291	0.41728675365448	0.3659686744213104	0.1958489716053009	0.2956870496273041	0.49496951699256897	0.6572591066360474	0.8511456847190857	0.4813993573188782	0.3317590057849884	0.3050268292427063	0.2678954303264618	0.8731476068496704	1.5445724725723267	0.2859451472759247	0.5336487889289856	1.0101430416107178	0.033086277544498444	0.5545594096183777	0.36252838373184204	0.6091206669807434	0.5833302140235901	1.4935836791992188	0.44605305790901184	0.7736517786979675	0.7585055232048035	0.7445397973060608	0.51963210105896	0.2918078899383545	0.21599030494689941	0.06389140337705612	1.9497538805007935	0.4132819175720215	0.4853924512863159	0.4046158790588379	0.5484309196472168	0.8238065242767334	1.2908605337142944	0.8823992013931274	0.17050856351852417	0.7271496653556824	0.9173240661621094	0.39785176515579224	0.44688037037849426	0.37527701258659363	0.22379381954669952	0.2918763756752014	0.2897412180900574	0.48594930768013	0.15516218543052673	0.5557927489280701	0.7181578874588013	0.5694990158081055	0.6385226845741272	0.0009648371487855911	0.3802335858345032	0.6499080657958984	0.3916345238685608	0.5569556951522827	0.72956782579422	1.488800048828125	0.561195969581604	0.746498167514801	0.8558961749076843	0.6180821061134338	0.5777438282966614	0.48880669474601746	0.5908456444740295	0.8567585945129395	0.4349640905857086	0.8917770385742188	0.7671144604682922	0.3221147060394287	0.7167567610740662	0.3346969485282898	0.06934994459152222	1.0484756231307983	0.5912555456161499	0.3319481909275055	1.7051355838775635	0.878808319568634	0.6747814416885376	0.06033600494265556	0.4061709940433502	0.7614074945449829	0.0	0.6894710659980774	0.5349932909011841	0.6343306303024292	0.8232489228248596	0.47943374514579773	0.4087209403514862	0.5698464512825012	0.3600335717201233	0.13370409607887268	1.0583254098892212	0.5431709885597229	0.8760148882865906	0.4001987874507904	0.5281994342803955	0.10772748291492462	0.9265965223312378	0.19204220175743103	0.9620649814605713	1.0407705307006836	0.32248613238334656	0.7103168368339539	0.6538398861885071	0.1676216572523117	0.09269825369119644	0.5620753765106201	0.3339972198009491	0.7812870144844055	0.11282616853713989	0.940004825592041	0.5005356073379517	0.10871380567550659	0.8690701723098755	0.787541925907135	0.7685085535049438	0.5211480259895325	0.19138385355472565	0.6141302585601807	0.46000123023986816	0.6389935612678528	1.0561922788619995	0.22345097362995148	0.2992507517337799	0.5670002698898315	0.33082813024520874	0.46484795212745667	0.7422108054161072	0.5829412341117859	0.5988792181015015	0.7531965374946594	0.7952916026115417	0.3757496774196625	0.2703680992126465	0.36530911922454834	0.32698768377304077	0.7455228567123413	0.4826968312263489	0.9059522747993469	0.17490273714065552	1.1855278015136719	0.07858438789844513	0.22069601714611053	0.48861998319625854	0.5666543245315552	0.5752663612365723	0.7661346793174744	0.7625723481178284	0.7174436450004578	0.36642885208129883	0.680799663066864	0.4825665354728699	0.40699759125709534	1.360105037689209	0.48748695850372314	1.2218393087387085	0.5687013268470764	0.3127530813217163	1.5078893899917603	0.7079833745956421	0.8681707382202148	0.9009914398193359	0.6178775429725647	0.6208138465881348	0.39438292384147644	0.43024492263793945	0.5672369599342346	0.444853812456131	0.22423216700553894	0.43977171182632446	0.6756407618522644	0.07976977527141571	0.27263450622558594	0.7912145256996155	0.645744264125824	0.3859252333641052	0.552544116973877	0.4515734910964966	0.48802340030670166	0.42234474420547485	0.2827342748641968	0.10987807810306549	0.7899274230003357	0.2587420344352722	0.5418844223022461	0.7487508058547974	0.49007701873779297	0.8662748336791992	0.5413608551025391	0.08843778073787689	0.10722304880619049	0.11035549640655518	0.4230542778968811	0.40627604722976685	0.7373576760292053	0.2570904791355133	1.146664023399353	0.35917508602142334	0.23788848519325256	0.43322959542274475	0.3076202869415283	1.0672374963760376	0.3492901027202606	0.13201212882995605	0.4795486330986023	0.4950382113456726	1.0446637868881226	0.28796789050102234	0.6794173717498779	0.5688838362693787	0.8352891802787781	0.6320556402206421	0.06772802770137787	0.2559046447277069	0.21669542789459229	0.42079758644104004	0.24883614480495453	0.30601805448532104	1.3150105476379395	0.5505644083023071	0.30214282870292664	0.3085775375366211	1.0280883312225342	1.9588037729263306	0.31076082587242126	0.1506853550672531	1.205039620399475	0.749046802520752	0.3220602571964264	0.061186544597148895	0.6058792471885681	0.48579683899879456	0.5356324911117554	0.7273038029670715	1.7037588357925415	0.23351413011550903	1.0423221588134766	0.3442142903804779	0.8637229204177856	0.9122457504272461	0.20667143166065216	0.4760335087776184	0.15548650920391083	0.9323717355728149	0.32535019516944885	1.1796661615371704	0.42479169368743896	0.5873278379440308	0.17769937217235565	0.19382402300834656	0.518790066242218	0.24606725573539734	0.5138720870018005	1.5103193521499634	0.8027885556221008	0.45068225264549255	1.0609369277954102	0.19019180536270142	0.5776968002319336	0.5617382526397705	0.6558535099029541	0.4120067059993744	0.5873414874076843	0.7260034680366516	0.3567553162574768	1.4118236303329468	0.2306554913520813	0.30113258957862854	0.8092436790466309	0.7025447487831116	0.7379164099693298	0.05053095519542694	0.8330339193344116	0.04871150106191635	0.5884354114532471	0.6538063883781433	0.9032192826271057	0.0805695503950119	0.5492736101150513	1.1726183891296387	0.17317929863929749	0.24703992903232574	0.4317282736301422	0.6240133047103882	0.35249269008636475	0.3112325966358185	0.5331571698188782	0.9647912979125977	1.1447001695632935	1.4366259574890137	0.3459608256816864	0.16437211632728577	0.5635084509849548	0.16199316084384918	0.36583366990089417	0.9146261811256409	0.3125889301300049	1.6747909784317017	0.6768380403518677	0.16887341439723969	0.22952644526958466	0.3421810567378998	1.2227637767791748	0.9984860420227051	0.28852587938308716	0.3959767818450928	0.2098478376865387	1.0225896835327148	0.7717370390892029	0.22815126180648804	0.7628100514411926	0.6654265522956848	0.36378446221351624	0.3627777695655823	0.6844778060913086	1.0612410306930542	0.5329989194869995	0.28031542897224426	1.0550894737243652	0.28569889068603516	0.29443612694740295	0.9423243999481201	0.4169754385948181	1.055558443069458	0.11545825004577637	0.5372664332389832	0.2542749345302582	0.673332691192627	0.5213094353675842	0.4053960144519806	0.24554824829101562	0.3338196873664856	1.5521310567855835	1.37082040309906	0.7989504337310791	0.5424352884292603	0.8454557657241821	0.40982770919799805	0.5348886251449585	0.42356109619140625	0.5331178307533264	0.6463171243667603	0.348967581987381	1.0771386623382568	0.4525632858276367	0.9667579531669617	0.8340638279914856	0.13372832536697388	0.7629637718200684	0.9970253109931946	0.5038630962371826	0.6802108287811279	0.8979997634887695	1.075873613357544	1.244335412979126	0.7940035462379456	0.5107550621032715	0.7019988298416138	0.5593522787094116	0.21980324387550354	0.16841422021389008	1.398341178894043	0.6399520635604858	1.3872321844100952	0.2290194183588028	0.31838512420654297	0.6028558015823364	0.6104340553283691	0.3584273159503937	0.4283680021762848	0.5693196058273315	0.21840879321098328	0.42340463399887085	0.5599796772003174	0.6709696054458618	0.21913892030715942	0.21978724002838135	0.36157143115997314	0.2361207902431488	0.9052442908287048	0.13638058304786682	0.25785091519355774	1.3540757894515991	0.607714831829071	0.5431745648384094	1.2479500770568848	0.5617831945419312	0.007271867711097002	0.5241948962211609	0.30421122908592224	0.20759165287017822	0.2706305682659149	0.24621932208538055	0.75334632396698	0.10474517196416855	0.4400902986526489	0.4454728960990906	0.488120436668396	0.5890020132064819	0.739679753780365	0.5258512496948242	0.17752142250537872	0.9069846868515015	0.4598727822303772	0.5458166599273682	0.3410817086696625	0.22361129522323608	0.39570945501327515	0.05943167954683304	1.1367180347442627	0.8746170997619629	0.38184189796447754	0.538029670715332	1.4771487712860107	0.4015349745750427	1.0713329315185547	0.4183385372161865	0.11242339760065079	0.791449248790741	0.6561631560325623	0.4290038049221039	0.4240744411945343	0.7960935831069946	0.429595947265625	0.12180212140083313	0.6691271066665649	0.7516130805015564	0.4309850335121155	1.0011531114578247	0.3280799388885498	0.3536139130592346	1.6918761730194092	0.388190358877182	0.47731664776802063	0.40487802028656006	0.48135069012641907	0.45165300369262695	0.86656653881073	0.8094809651374817	1.2512447834014893	0.6058743596076965	0.13303455710411072	0.2031601369380951	0.3895576000213623	0.5142388343811035	0.2219766080379486	0.46991539001464844	0.5159357190132141	0.33058032393455505	0.761442244052887	0.9626684188842773	0.854965329170227	1.1115894317626953	0.25811055302619934	1.1145954132080078	0.8721311092376709	1.0041035413742065	0.09688432514667511	0.35226011276245117	0.5783617496490479	0.7915550470352173	0.33252987265586853	0.34873726963996887	0.5206649303436279	0.34892621636390686	0.2231946736574173	0.36719760298728943	0.2054423838853836	0.29406487941741943	0.4865029454231262	0.8105590343475342	0.5677877068519592	0.3899651765823364	0.8849431872367859	0.5179167985916138	0.26571300625801086	0.45430606603622437	0.3366950452327728	1.3468137979507446	0.5567734837532043	1.0704245567321777	0.7798162698745728	0.9686868190765381	0.6340914964675903	0.3301187753677368	0.20232997834682465	0.2736039161682129	0.6384026408195496	0.20215237140655518	0.2588706910610199	0.7522768378257751	0.3074701726436615	0.2866742014884949	0.0	0.7164238095283508	1.3141932487487793	1.0513359308242798	0.6467230319976807	0.5823680758476257	0.46362748742103577	0.28847482800483704	0.6548761129379272	0.4006825387477875	0.7459031939506531	0.3221299648284912	0.6693609952926636	1.0362366437911987	0.4512212872505188	0.3651939034461975	0.6263753771781921	0.1275920867919922	0.28323009610176086	1.3822318315505981	0.8577767014503479	0.8181374073028564	0.27765485644340515	0.3747803568840027	0.4320172071456909	0.7737367749214172	0.5747045278549194	1.2790583372116089	0.6847508549690247	0.3166246712207794	0.7870318293571472	0.31212010979652405	0.4851933717727661	0.4790814518928528	0.7858942151069641	0.5291761755943298	0.21824948489665985	0.669547438621521	0.22782884538173676	1.1241282224655151	0.8255529403686523	0.4601389765739441	0.9399656057357788	0.48377007246017456	0.6603593826293945	1.6092801094055176	2.056739568710327	0.6953344345092773	0.3235223591327667	0.5977078080177307	0.2776569724082947	0.370963454246521	0.06585397571325302	0.877009391784668	0.8349261283874512	0.49105048179626465	0.5226330161094666	1.2881278991699219	0.845652163028717	0.10946796834468842	0.2514202296733856	0.9632914066314697	0.4286804795265198	0.4717731177806854	0.5109462141990662	0.31168463826179504	1.2724050283432007	0.38023072481155396	0.13233648240566254	1.047644853591919	0.7249269485473633	1.1872994899749756	1.236409068107605	0.9548298716545105	0.1493319869041443	0.9345902800559998	0.4615037441253662	0.05562525987625122	0.26635122299194336	0.7659577131271362	0.7290724515914917	1.0578635931015015	0.5398014187812805	0.8361789584159851	0.03837320953607559	0.5513861775398254	0.578927218914032	0.1958496868610382	1.5072284936904907	1.2731176614761353	1.153943657875061	0.18506526947021484	0.7076640129089355	0.4362089931964874	0.3766399919986725	0.32275211811065674	0.6379391551017761	1.060219407081604	0.4862346053123474	0.16130533814430237	0.1598900854587555	0.2514895498752594	0.2240428328514099	0.45483162999153137	0.41624701023101807	0.1987820416688919	0.15555408596992493	0.5825687646865845	0.2663974463939667	1.171047329902649	0.41261225938796997	0.7002952694892883	0.15485668182373047	1.633050560951233	0.33371466398239136	0.24124345183372498	0.8265683054924011	0.3730928301811218	0.2205565869808197	0.8445900678634644	0.5214675068855286	0.3590540885925293	0.3984777629375458	0.21292471885681152	0.7266232967376709	0.3164631426334381	0.4904778003692627	1.4916598796844482	0.5577533841133118	1.405754804611206	0.05571331828832626	0.4364125728607178	0.7628574967384338	0.7575188875198364	0.9978752732276917	0.6995378136634827	0.8239201903343201	0.506251335144043	1.253803014755249	0.5567665696144104	0.4792127311229706	0.2911354899406433	1.139331340789795	0.20395049452781677	0.95400071144104	0.9840520024299622	0.29797810316085815	0.7891749143600464	0.6242461204528809	0.8881018757820129	0.6035682559013367	0.6346251964569092	0.42419925332069397	0.6390179395675659	0.4462893605232239	0.618930459022522	1.0301482677459717	0.43715348839759827	0.7585681676864624	1.0498878955841064	0.30542296171188354	0.4758329391479492	0.3768913149833679	0.7819021940231323	0.2514859735965729	0.819054365158081	0.5416567325592041	0.7349579930305481	0.3117789924144745	0.5578553676605225	0.9196549654006958	0.8411670327186584	0.79570472240448	0.8816998600959778	0.7213760614395142	0.3297380208969116	0.535590410232544	0.3123098611831665	0.454101026058197	1.0387948751449585	0.4840669333934784	0.7254206538200378	0.27110445499420166	0.871772825717926	0.30179712176322937	0.3951311409473419	0.6978991031646729	0.5670166015625	0.5968029499053955	0.7413638830184937	0.6756218671798706	0.4101512134075165	0.24987836182117462	1.024198293685913	0.2692411541938782	0.6183138489723206	1.360319972038269	1.0338553190231323	0.09766770154237747	0.7505882382392883	0.21684235334396362	0.4520111680030823	0.23696960508823395	0.23939573764801025	0.770759642124176	0.14569589495658875	0.4462653398513794	0.4541362524032593	0.6411963105201721	1.071908712387085	0.7722079753875732	0.19008401036262512	0.7021556496620178	0.6938199400901794	0.37000328302383423	0.3383399248123169	0.4886568486690521	0.4209081530570984	0.48742008209228516	0.9868131875991821	0.3958609700202942	0.4297044277191162	1.201521873474121	0.38567280769348145	0.9155929684638977	0.5047539472579956	0.3857836425304413	0.27219751477241516	0.3848744034767151	1.1785125732421875	0.7160650491714478	0.511665403842926	0.8709326386451721	0.2677500545978546	0.5565352439880371	0.24243022501468658	0.5076810121536255	0.5828192234039307	0.3291841149330139	0.006709083914756775	1.0130184888839722	0.8685378432273865	0.5165612697601318	0.45777428150177	1.423949956893921	0.4542143940925598	0.4242938458919525	0.0973752960562706	0.31849604845046997	0.46681395173072815	0.6117984056472778	0.17052945494651794	0.3958854079246521	0.5850993394851685	0.5556554794311523	0.08811547607183456	0.40081116557121277	0.10597718507051468	0.9308657050132751	0.13350753486156464	0.4554498791694641	0.34336671233177185	0.15591742098331451	0.35030728578567505	1.2739548683166504	0.3684059679508209	0.5712674856185913	0.6960357427597046	0.40296536684036255	0.2799093425273895	0.42473793029785156	0.018582576885819435	0.4039662182331085	0.6966701745986938	0.3662039339542389	0.8198153376579285	0.5110102891921997	0.5021845102310181	0.15366968512535095	0.6712870597839355	0.5102211236953735	0.24995020031929016	0.49182528257369995	1.6453564167022705	0.7374165654182434	0.6097268462181091	0.18092620372772217	0.6371134519577026	0.4939589202404022	0.011109759099781513	0.7821169495582581	0.6483026146888733	1.2282134294509888	0.3447924852371216	0.49707549810409546	0.5900843143463135	0.19211362302303314	0.3936347961425781	0.5284606218338013	0.6230986714363098	0.3205879330635071	0.38896673917770386	1.4048852920532227	0.30211514234542847	0.5136439800262451	0.2867434620857239	0.45252352952957153	0.21339929103851318	0.9228119254112244	0.28763893246650696	0.33372998237609863	0.6644822955131531	0.98297119140625	0.538720965385437	0.4913986325263977	0.24767376482486725	0.42576664686203003	0.9729932546615601	1.5596487522125244	1.7826075553894043	0.8338371515274048	0.338473379611969	0.40716347098350525	0.46734538674354553	0.6923308968544006	0.7932238578796387	0.5052541494369507	0.45901548862457275	0.540757954120636	0.5597270131111145	1.0441482067108154	0.45286116003990173	0.7719805836677551	0.9023085832595825	0.5513452887535095	0.25351816415786743	0.3840502202510834	0.2986486554145813	1.4924473762512207	0.8639348745346069	0.19978202879428864	0.597018837928772	0.6417896151542664	1.0783852338790894	1.0307438373565674	0.7118059992790222	0.1528516709804535	0.31524038314819336	0.16865168511867523	0.23954179883003235	0.2530409097671509	0.8159056901931763	1.3712064027786255	0.5028290748596191	0.7605063915252686	0.33903658390045166	0.3802644610404968	0.5545194149017334	0.16962531208992004	0.40244317054748535	0.399360328912735	1.3345433473587036	1.067918062210083	0.2701457142829895	1.4494482278823853	0.6026201248168945	0.515587329864502	0.13968513906002045	0.3515012264251709	0.36575156450271606	1.3604990243911743	0.6766161322593689	0.49582332372665405	0.4833430051803589	1.6191368103027344	0.38997751474380493	0.023571904748678207	0.7413599491119385	0.4248470962047577	0.30649465322494507	1.0859160423278809	0.42539680004119873	0.4091310501098633	0.9389315843582153	0.23695725202560425	0.5044920444488525	0.5269579887390137	0.4870453476905823	0.5543419122695923	1.455513596534729	0.2573855221271515	0.2112894356250763	0.23871950805187225	0.17668931186199188	0.35774940252304077	0.03742111101746559	0.3712587356567383	0.6106148958206177	0.46891820430755615	0.5468536615371704	0.2608291506767273	0.4290589988231659	0.5987508296966553	0.4713270962238312	0.7208729982376099	1.0357375144958496	0.8887096643447876	0.7274491786956787	0.8878352046012878	0.3655160665512085	0.6389232873916626	0.7170275449752808	0.954557478427887	0.4971879720687866	0.17785991728305817	0.5001534223556519	0.46913689374923706	0.8815613985061646	1.2471611499786377	0.8559099435806274	0.5927468538284302	1.3339879512786865	0.6781490445137024	0.4105454087257385	0.6078557968139648	1.091601848602295	0.424724817276001	0.5156586766242981	0.1999063938856125	0.5773329138755798	1.2426247596740723	0.32597190141677856	1.772977352142334	0.39194872975349426	0.886865496635437	1.0954270362854004	0.5747983455657959	0.32368114590644836	0.24047455191612244	1.6015348434448242	0.20028692483901978	0.5751895904541016	0.5183200240135193	0.19826200604438782	0.3749302923679352	0.19202318787574768	0.6548214554786682	0.716606855392456	0.11482391506433487	1.0051488876342773	0.6738725900650024	0.8346185684204102	0.710296630859375	0.25536614656448364	0.3346394896507263	0.2594263255596161	0.44251933693885803	1.3720297813415527	0.4126487076282501	0.22316963970661163	0.607180118560791	1.7987420558929443	0.35652923583984375	0.29388299584388733	0.9683891534805298	0.6752877831459045	1.2022312879562378	0.9814220070838928	0.5452903509140015	0.2445884346961975	0.6496561169624329	0.09883071482181549	1.127944827079773	0.35280460119247437	0.2516237795352936	0.5395516753196716	0.2839382290840149	0.6608180999755859	0.6840832829475403	1.1557092666625977	1.0871014595031738	0.5025147199630737	0.7995256185531616	0.635180652141571	0.564848005771637	0.43718305230140686	0.755786657333374	1.0014222860336304	0.364141583442688	0.33144378662109375	0.5786495208740234	0.2355155646800995	0.6341578960418701	0.7536723017692566	1.012465238571167	1.0676867961883545	0.5764016509056091	0.6312534809112549	0.5341268181800842	0.5505720973014832	0.6366007924079895	1.059386968612671	0.38253846764564514	0.5899074673652649	0.3787389099597931	0.06108930706977844	0.3119814395904541	0.600196123123169	0.15733496844768524	0.49836835265159607	0.9493831992149353	0.2007542848587036	1.0763269662857056	0.4474929869174957	0.2953112721443176	1.0562372207641602	0.4487879276275635	1.2287559509277344	0.9120454788208008	0.6360294222831726	1.1376416683197021	0.87433922290802	0.4850865602493286	1.0324548482894897	1.2753914594650269	0.4721698760986328	1.033478021621704	0.5200644135475159	0.4099891483783722	1.156965732574463	0.8664377927780151	0.10350918769836426	0.8583822846412659	0.32839444279670715	0.26110634207725525	0.22524237632751465	0.5675480365753174	0.361301451921463	0.6490002274513245	0.3451803922653198	0.46557292342185974	0.5441785454750061	0.3212989866733551	0.4002794623374939	0.5620061159133911	0.5808570981025696	0.031848274171352386	0.4176439940929413	0.4801875352859497	0.5159476399421692	0.33251532912254333	0.37543633580207825	0.21480847895145416	0.5162364840507507	0.5222277045249939	1.9698573350906372	0.2679596543312073	0.3255367577075958	0.2112184315919876	0.5756558775901794	0.6937479972839355	1.3725639581680298	0.4516175389289856	0.649169921875	0.26522842049598694	0.734022855758667	0.24031049013137817	0.41770872473716736	0.466177374124527	0.6904204487800598	0.8986164927482605	0.45965516567230225	0.9437444806098938	0.5374831557273865	0.5136957764625549	0.4202120900154114	0.4573846161365509	0.3658353388309479	0.0908336490392685	1.31233549118042	0.657325267791748	0.8143916130065918	0.5586766004562378	0.788590133190155	0.24698852002620697	0.29918432235717773	0.7602555155754089	0.10713779926300049	0.5099073648452759	0.49865084886550903	0.7442492246627808	0.7748312950134277	0.09271378815174103	0.8848905563354492	1.0039821863174438	0.566012442111969	0.4419812858104706	1.2664215564727783	0.21932412683963776	0.7662654519081116	0.20494666695594788	0.7349840998649597	0.19678525626659393	1.0057392120361328	0.5639922022819519	0.3670128583908081	0.7537153959274292	0.47708073258399963	0.9858922958374023	0.5317754745483398	0.2510524392127991	0.4955020546913147	0.3377111256122589	0.0854761153459549	0.24916194379329681	0.8993013501167297	0.4290529489517212	0.3860153257846832	0.17556922137737274	0.45809850096702576	0.5088366866111755	1.5365052223205566	0.563957929611206	0.0259989146143198	0.3182245194911957	0.5351088047027588	1.1081593036651611	0.4919893741607666	0.3789195716381073	0.5272711515426636	0.15265585482120514	0.5882573127746582	0.9890378713607788	1.1232259273529053	0.6095556020736694	0.753631055355072	0.3443982005119324	0.8737180829048157	0.531499981880188	0.6034613251686096	1.2280999422073364	0.3454475700855255	0.9139143228530884	0.22181753814220428	0.796920895576477	0.7928353548049927	1.069292426109314	0.21531590819358826	0.6036810278892517	1.4734455347061157	0.0	0.14675815403461456	0.6705920100212097	0.8124304413795471	0.5012485980987549	0.8263630270957947	0.12385524809360504	0.3386693298816681	0.44654035568237305	0.8062034845352173	0.09983403235673904	0.5056665539741516	0.40206050872802734	0.676087498664856	0.7445433735847473	1.319691777229309	0.6440390348434448	0.5144119262695312	0.7236335277557373	0.9537755846977234	1.2556371688842773	1.1753588914871216	0.8532938957214355	0.5927361249923706	0.5323386788368225	0.28570935130119324	0.4708590507507324	0.061627328395843506	0.4101957082748413	0.5993903279304504	0.9777405261993408	0.2185981273651123	0.3194707930088043	0.673250675201416	0.40631619095802307	0.6491148471832275	0.6854288578033447	0.5514841079711914	0.24353070557117462	0.4300750494003296	1.2075560092926025	0.7952283024787903	0.748075008392334	1.4964876174926758	0.23142878711223602	0.8759872913360596	0.4229293167591095	0.32061365246772766	0.5846649408340454	0.7340874671936035	1.6139272451400757	0.2273053377866745	0.18230685591697693	0.21835508942604065	0.4106678068637848	0.4239094853401184	0.7721790671348572	0.5020081996917725	0.12469080090522766	0.21173030138015747	0.4684846103191376	0.3496721386909485	0.47352921962738037	0.2649146616458893	1.0781352519989014	0.5060269236564636	0.20336318016052246	0.29107236862182617	0.9069315791130066	1.110938310623169	1.0268359184265137	0.06974338740110397	0.16606023907661438	0.9081889986991882	0.47149524092674255	0.0638747364282608	0.17337366938591003	0.3023936450481415	0.49062880873680115	0.2514505684375763	0.6299771666526794	0.5268523693084717	1.2525397539138794	0.5625673532485962	0.24565467238426208	0.8507667183876038	0.9749983549118042	1.1341418027877808	0.3304135799407959	1.397186040878296	0.5276513695716858	0.23019342124462128	0.8793994188308716	0.7299112677574158	0.6318649053573608	0.6995370984077454	0.555445671081543	0.7764633893966675	0.8534214496612549	0.5079246163368225	0.3814393877983093	1.0810679197311401	0.8234118223190308	0.6134103536605835	0.31119778752326965	0.3448382616043091	0.8489801287651062	0.015782292932271957	0.8248071670532227	1.2570223808288574	0.1500031054019928	0.9098518490791321	0.15190091729164124	0.4852445423603058	0.24657316505908966	0.44018086791038513	1.2236979007720947	0.08224943280220032	0.7839973568916321	1.1944165229797363	0.5632388591766357	0.5478777289390564	0.7389421463012695	1.1471803188323975	1.16317617893219	0.5399587750434875	0.40489163994789124	0.40250369906425476	0.4826042652130127	0.1715364158153534	0.23920363187789917	0.2981504499912262	0.9433649778366089	0.0	0.5359413623809814	0.5138269066810608	0.5157471895217896	0.26071083545684814	1.1255921125411987	0.39906045794487	0.09036669880151749	0.16719123721122742	0.7063547372817993	0.6450823545455933	0.1817847490310669	0.45113804936408997	0.1808294802904129	0.427171528339386	0.25996828079223633	1.0078227519989014	0.44246023893356323	0.09844966232776642	0.34610241651535034	1.425012230873108	0.8100908994674683	0.37197330594062805	0.6271618008613586	0.4632420241832733	0.25693321228027344	0.4227157235145569	0.07962881028652191	0.4678828716278076	0.009546123445034027	0.8366280794143677	0.020697101950645447	0.7495584487915039	0.2879609763622284	0.4562020003795624	0.6295260190963745	1.1988767385482788	0.5250023007392883	0.6061541438102722	0.477374404668808	0.3176647424697876	0.059728335589170456	0.31931203603744507	0.07424476742744446	1.8458999395370483	1.4104547500610352	0.04033276438713074	0.5428023934364319	1.0529788732528687	0.914826512336731	0.1525193750858307	0.428536057472229	0.5895998477935791	0.6973707675933838	0.4482564330101013	0.8797364234924316	0.7970951795578003	0.8674254417419434	0.6357613801956177	0.26481637358665466	0.5896768569946289	1.5966910123825073	0.6208228468894958	0.6046274900436401	0.9025594592094421	1.0911482572555542	0.7247030735015869	0.8165672421455383	0.6232375502586365	0.5671072006225586	0.384303480386734	0.6334971785545349	0.3182104825973511	0.16003753244876862	0.5460312366485596	0.3104110658168793	0.2724583148956299	0.25766897201538086	0.5750457048416138	0.4692772626876831	1.288282036781311	0.5111165046691895	0.3450250029563904	1.1097339391708374	0.54253751039505	0.3845407962799072	0.5798909068107605	0.5853958129882812	0.21193179488182068	0.6132473349571228	0.6613430976867676	0.34139007329940796	0.18286897242069244	0.2075982242822647	0.9172095656394958	0.42709675431251526	0.37044650316238403	1.7462937831878662	0.6963114738464355	0.816034197807312	1.193164587020874	0.6303865909576416	0.3821796178817749	0.3697042465209961	0.022198189049959183	0.8021889925003052	0.18051713705062866	0.19190184772014618	0.1472102403640747	0.6329173445701599	0.13542583584785461	0.6423978805541992	0.18481524288654327	0.604684591293335	0.6134423017501831	0.5886003971099854	0.37681615352630615	1.0200462341308594	1.164049744606018	0.8021689653396606	0.7554318904876709	0.5557844638824463	0.39737606048583984	0.3756730854511261	0.23539768159389496	0.552285373210907	0.5961447358131409	1.3385668992996216	0.6025973558425903	0.1919766068458557	0.8463937640190125	0.49655359983444214	0.08790382742881775	1.3569844961166382	0.1654355674982071	1.4807078838348389	0.5514007210731506	0.17135916650295258	0.5585549473762512	0.30287230014801025	0.23559758067131042	0.41444793343544006	0.6705795526504517	0.8238880038261414	0.5606793761253357	0.3340112566947937	1.246706247329712	0.05353299528360367	0.5143557190895081	0.6535998582839966	0.21100221574306488	0.9568838477134705	0.4629513919353485	1.2602417469024658	0.5893632173538208	0.9213758707046509	0.5137265920639038	0.8046220541000366	0.6566030979156494	0.33704033493995667	0.9161018133163452	0.43393146991729736	0.15852826833724976	0.7738492488861084	0.3084617555141449	0.14476527273654938	0.5002356171607971	1.3177921772003174	0.4988706707954407	0.5905406475067139	0.49460098147392273	0.04171302914619446	0.41478073596954346	0.3990747928619385	0.8300352096557617	1.0260660648345947	0.17480960488319397	0.4330264925956726	0.25360989570617676	0.8168898820877075	0.7887540459632874	0.5011800527572632	0.4106011688709259	0.3312951326370239	0.5690468549728394	0.3840908408164978	0.33859363198280334	1.0267168283462524	0.1383429318666458	0.6433497071266174	0.9250469207763672	0.6068766713142395	0.9265844821929932	1.6050323247909546	0.3075742721557617	0.8553808927536011	0.5158950686454773	0.08010955899953842	0.9924793243408203	0.8557776212692261	0.40076932311058044	0.5464258790016174	1.008984088897705	1.2137259244918823	0.45528537034988403	0.39785394072532654	0.2580912411212921	0.6440114974975586	0.5941991806030273	1.2511574029922485	0.3933545649051666	0.7334579229354858	0.24194084107875824	0.9229342937469482	0.8982517719268799	0.13561442494392395	0.5517253279685974	0.4553861618041992	0.21180905401706696	1.2324129343032837	0.6211322546005249	0.15057678520679474	0.6167337894439697	0.6165308952331543	0.6225184202194214	0.8359661102294922	0.27891719341278076	1.0381889343261719	0.5873492956161499	0.43793243169784546	0.13203273713588715	0.578449010848999	0.7280232310295105	0.48512646555900574	0.27205517888069153
0.19523985683918	0.6126623153686523	0.5738433599472046	0.7696001529693604	0.01527635008096695	0.21270018815994263	0.1503095030784607	0.4734039008617401	0.049348510801792145	0.31054988503456116	0.30177178978919983	0.551303505897522	0.8962126970291138	0.13323108851909637	0.534657895565033	0.508451521396637	1.0019785165786743	0.0812767893075943	0.44971925020217896	0.4263744354248047	0.7715312838554382	0.3874938189983368	0.6575943231582642	0.4652225971221924	0.3369078040122986	0.1438824087381363	1.0753384828567505	0.8762238621711731	0.7825570702552795	0.29304367303848267	0.5104890465736389	0.5577060580253601	0.863115131855011	0.7833251357078552	0.3225378394126892	0.1584567278623581	0.5263481140136719	0.47284552454948425	0.5513280630111694	0.43675854802131653	0.6027284860610962	0.8790184259414673	0.19759197533130646	0.6131291389465332	0.3617463707923889	0.4490959346294403	0.21155385673046112	0.6416910290718079	0.658435583114624	1.0245469808578491	0.14088937640190125	0.3227386176586151	0.7675459980964661	0.3660004436969757	0.478044718503952	0.4524845778942108	0.6975749731063843	1.0698448419570923	0.7637614607810974	0.6753939986228943	0.4496005177497864	0.10157015919685364	0.7947434782981873	0.4939257800579071	0.13648295402526855	0.5517281293869019	0.1687895655632019	0.6749012470245361	0.5728022456169128	0.9528761506080627	0.24045976996421814	0.42637205123901367	0.41691696643829346	0.8809370398521423	0.26703566312789917	0.48725003004074097	0.45390427112579346	0.4432642161846161	0.5440759658813477	0.99320387840271	0.3152710199356079	0.5265700221061707	0.40053805708885193	0.1868927925825119	0.754936933517456	0.48957815766334534	0.3591536581516266	0.3768656849861145	0.9773967266082764	0.1620940864086151	0.5214546322822571	0.22940239310264587	0.40024375915527344	0.19979628920555115	0.5197362303733826	1.3851256370544434	0.9657298922538757	0.6958354115486145	0.43113091588020325	0.3356015980243683	0.8136993050575256	1.0179998874664307	0.3669983744621277	1.5633931159973145	0.9202646017074585	0.8989704847335815	0.43136656284332275	1.2246021032333374	0.7120057940483093	0.5066619515419006	0.29457423090934753	1.3361223936080933	0.36803385615348816	0.6107487678527832	0.7979457378387451	0.47519609332084656	0.5399942994117737	0.2862117290496826	0.9208444356918335	0.4280291199684143	0.7308345437049866	0.4835217595100403	0.26507529616355896	0.8890019655227661	1.0086984634399414	0.8116187453269958	0.09069204330444336	0.33077573776245117	0.5265039801597595	1.142526388168335	0.36119434237480164	0.5937077403068542	0.4763953983783722	0.2383904904127121	0.2120576798915863	0.7124652862548828	0.2184177041053772	0.7749114632606506	0.29015690088272095	0.31851935386657715	0.3452564477920532	0.18339890241622925	0.5651658177375793	0.44393956661224365	0.44099104404449463	1.2704344987869263	0.1451471745967865	0.07891367375850677	0.02591346763074398	0.1132688820362091	0.40670332312583923	0.3853961229324341	0.7841702103614807	0.4062733054161072	0.28895696997642517	0.5645897388458252	0.40552613139152527	0.5493150949478149	0.2459571659564972	0.5147024989128113	0.20037011802196503	0.8363540768623352	0.17796841263771057	0.49309417605400085	0.3294259309768677	0.46528351306915283	0.7321910858154297	0.42870253324508667	1.6792851686477661	1.2683714628219604	0.20123259723186493	0.3941997289657593	0.6655590534210205	0.16169798374176025	0.2998180389404297	0.4620591402053833	0.3220362365245819	0.622702956199646	0.472992867231369	0.37943974137306213	0.38150525093078613	0.2866267263889313	0.09619379043579102	0.5878739953041077	0.6029465794563293	0.9186685085296631	0.3223768472671509	0.17398220300674438	0.09160079807043076	0.5838329195976257	0.4281391501426697	0.19781707227230072	0.7159333825111389	0.3132340610027313	0.348507285118103	0.14209885895252228	0.869592010974884	0.16787685453891754	0.8363777995109558	0.5552688837051392	0.19635558128356934	0.735970139503479	0.36489811539649963	0.23252075910568237	0.7164110541343689	1.1753425598144531	0.7495086789131165	0.5139055848121643	0.8223240375518799	0.43223950266838074	0.654498815536499	0.2794659435749054	0.4371005892753601	0.6474544405937195	0.33414992690086365	0.8395969271659851	0.687705934047699	0.8128097057342529	0.35286226868629456	0.820885419845581	0.37723401188850403	0.35502681136131287	0.4567757546901703	0.5352054238319397	0.5054418444633484	0.7712908983230591	0.20416364073753357	0.6234328746795654	0.38055309653282166	0.27375078201293945	0.5067847371101379	0.4878792464733124	0.7388322353363037	0.9123806953430176	0.9605304002761841	0.43518826365470886	0.345436692237854	0.5191701650619507	0.10192597657442093	0.15720447897911072	0.5481721758842468	0.5301051139831543	1.106347680091858	0.2055187225341797	0.28930988907814026	0.7961164712905884	0.11410234123468399	0.6850245594978333	0.2669258415699005	0.20989291369915009	0.6447423100471497	1.1282764673233032	0.8274048566818237	0.4783898890018463	0.14273500442504883	0.8145319223403931	1.2131271362304688	0.23341605067253113	0.8065779805183411	0.5412021279335022	0.9094264507293701	0.6301484107971191	0.23514264822006226	0.35742002725601196	0.7789761424064636	0.3952144980430603	1.114491581916809	0.2580726444721222	0.5215592384338379	0.1543220579624176	0.6097570061683655	0.5598492622375488	0.0252267774194479	0.6694402098655701	1.187296986579895	0.2993643283843994	0.8002681136131287	0.7662818431854248	0.7082187533378601	0.8250357508659363	0.45582497119903564	0.6858511567115784	0.47718894481658936	0.1484397053718567	0.5412964820861816	1.2526075839996338	0.567578911781311	0.4679003357887268	1.456641674041748	0.45606014132499695	0.721081018447876	0.3857572078704834	0.3376399278640747	0.5244911909103394	0.33503416180610657	0.13941866159439087	1.0064091682434082	0.4765559732913971	0.34727320075035095	0.02969103679060936	0.3128246068954468	0.5509903430938721	1.184449315071106	0.8289669752120972	0.8191167116165161	0.18447856605052948	0.7855222225189209	1.007942795753479	0.46956783533096313	0.5655523538589478	0.7483342885971069	0.8280953168869019	0.41465187072753906	0.2826216220855713	0.3099712133407593	0.5418716073036194	0.3819437623023987	0.3419516682624817	0.16268867254257202	0.3163855969905853	0.5550212264060974	0.601773202419281	0.6459437608718872	0.5925358533859253	0.7960250377655029	0.30480119585990906	0.8050815463066101	1.4845298528671265	0.14466838538646698	0.6857874393463135	1.0690068006515503	0.32340946793556213	0.16285440325737	0.5290708541870117	0.528651237487793	0.27585896849632263	0.6501902937889099	0.7746989727020264	0.6629763245582581	0.6276723146438599	0.10067416727542877	0.4702361822128296	0.43670719861984253	0.7882661819458008	0.289000540971756	0.6632458567619324	0.6429172158241272	0.363023579120636	0.7190892100334167	0.22119078040122986	0.3090035021305084	1.072334885597229	0.4386284351348877	0.8138549327850342	0.17715512216091156	0.20866627991199493	0.43008291721343994	0.2816702723503113	0.2235114574432373	0.6273147463798523	0.5953536033630371	0.7531642913818359	0.41740283370018005	0.3127378821372986	0.22749526798725128	0.9196035265922546	0.34025272727012634	0.16086865961551666	0.38278070092201233	0.2528148591518402	0.4586643576622009	0.5939943194389343	0.2780005931854248	1.066804051399231	0.5713683366775513	0.5198039412498474	0.2584487199783325	0.47859740257263184	0.04271640628576279	0.5183600187301636	0.31190672516822815	0.5822152495384216	0.31878629326820374	0.6136413216590881	0.5630334615707397	0.4154580235481262	0.676223874092102	0.16293475031852722	0.41067591309547424	0.22701440751552582	0.39206504821777344	0.14256331324577332	0.6396098732948303	0.10639141499996185	0.9890480041503906	0.927364706993103	0.44865238666534424	0.4570719003677368	0.8222231864929199	0.1895069181919098	0.8302707672119141	0.38595736026763916	0.636116623878479	0.5789437294006348	0.3994417190551758	0.7150720357894897	0.7205971479415894	0.1731271892786026	0.46761220693588257	0.4398052990436554	0.8716641664505005	0.18363307416439056	0.8633811473846436	0.4071521759033203	0.6723191142082214	0.763294517993927	0.4314184784889221	0.7151905298233032	0.7349873185157776	0.7589867115020752	0.20536920428276062	0.659349799156189	1.2033590078353882	0.3279260993003845	0.8221256732940674	0.6164356470108032	0.5686654448509216	0.8709577322006226	0.23426979780197144	0.826920211315155	0.8438527584075928	1.2262400388717651	0.5788489580154419	0.6400229930877686	0.5506258606910706	0.22550731897354126	0.5756766200065613	0.12163902819156647	0.4564587473869324	0.2883017063140869	0.692714512348175	0.7614086866378784	1.3275054693222046	1.313822627067566	0.48430609703063965	0.4677130877971649	0.7617209553718567	1.003625512123108	0.45261356234550476	0.5898900032043457	0.6024330854415894	0.30678409337997437	0.19865086674690247	0.5530880689620972	0.2767799198627472	0.22304736077785492	0.06638601422309875	0.5055310726165771	0.6356383562088013	0.6765192151069641	0.6028060913085938	0.4500132203102112	0.3559531271457672	0.1548464000225067	0.6034641265869141	0.7506195306777954	1.2323052883148193	0.5902408957481384	0.19621068239212036	0.5784968137741089	0.4533013701438904	0.529805064201355	0.23996898531913757	0.08240892738103867	0.475015789270401	0.26392579078674316	1.4814226627349854	0.5865296721458435	0.6474212408065796	0.4927743971347809	0.8403197526931763	0.22920095920562744	0.8134263753890991	0.8626821041107178	0.31041133403778076	0.9721360802650452	0.25137388706207275	0.8368219137191772	0.26003319025039673	0.2939552366733551	0.40623003244400024	0.40189188718795776	0.8370432257652283	0.5563037991523743	0.6204438209533691	0.4200645983219147	0.5337713360786438	0.538230299949646	0.17296895384788513	0.6940382719039917	0.14507921040058136	0.7049059867858887	0.7860987186431885	0.46763181686401367	0.07331991195678711	0.3682033121585846	0.2685973644256592	0.08048244565725327	0.5583013892173767	0.5203664898872375	0.4260946810245514	0.7769258618354797	0.33376291394233704	1.1227720975875854	0.2820723354816437	0.67866450548172	0.5172719955444336	0.3334074020385742	0.5614421963691711	0.6871438026428223	0.47084173560142517	0.2434191256761551	0.5946736335754395	0.7819737195968628	0.32407698035240173	0.35422345995903015	1.139718770980835	0.29374274611473083	0.9770931005477905	0.678170919418335	1.3402540683746338	0.4151378273963928	0.6514328122138977	1.5190476179122925	0.7210519313812256	0.4553369879722595	0.31140565872192383	0.566031277179718	0.26513367891311646	0.4871860146522522	0.6760222315788269	0.895886242389679	0.8669623732566833	0.5470179319381714	0.12519539892673492	0.4257963299751282	0.6989189982414246	0.4685172140598297	0.627000093460083	0.11146938800811768	1.135359525680542	0.4976610839366913	0.35835304856300354	0.20918434858322144	0.2129744589328766	0.3248595595359802	0.40137001872062683	0.7425073981285095	0.3806934952735901	0.37085607647895813	0.1835966557264328	0.0	0.2830924391746521	0.6114028096199036	0.7053881883621216	0.22557969391345978	0.10621736198663712	0.20497484505176544	0.4124191403388977	0.6998204588890076	0.16044354438781738	1.0418630838394165	0.07719875127077103	0.5070877075195312	0.6853125691413879	0.29997363686561584	0.265921950340271	0.18799151480197906	0.11741136014461517	0.19493398070335388	0.18593063950538635	0.24527889490127563	0.3432503938674927	0.7202903628349304	0.374986857175827	0.5362910628318787	0.309506893157959	0.7645730376243591	0.3537624180316925	0.6400346159934998	0.6529772877693176	0.9975417256355286	0.3529605269432068	0.40455588698387146	0.3593537211418152	0.14510969817638397	0.35824012756347656	0.2262253761291504	0.7589756846427917	0.36098429560661316	0.5007385611534119	0.3635992109775543	0.4804777503013611	0.7613888382911682	0.7240790724754333	0.4684852063655853	0.2191593497991562	0.24177590012550354	0.9162595272064209	0.3890184760093689	0.2835599184036255	0.38717180490493774	0.8895338177680969	0.6380149722099304	0.7842372059822083	0.45350679755210876	0.20122358202934265	0.44647639989852905	0.30017006397247314	0.4504871368408203	0.17633435130119324	0.43088459968566895	0.6489764451980591	0.6171162128448486	0.29220160841941833	0.12858478724956512	0.7744662165641785	1.0667675733566284	0.38540971279144287	0.6656644940376282	0.7170080542564392	0.14059123396873474	0.052282389253377914	0.25659340620040894	0.15204471349716187	0.11464674770832062	0.871959388256073	0.5948584079742432	0.22582317888736725	0.19340859353542328	0.1949497014284134	0.38088080286979675	0.1205236166715622	0.5712093114852905	0.5068817734718323	0.7305468320846558	0.34987685084342957	0.2593365013599396	0.7169607877731323	1.459882378578186	0.5896244645118713	0.10910849273204803	0.37174591422080994	0.5949488878250122	0.24194186925888062	0.5897085070610046	0.41992300748825073	0.3040536046028137	0.7359732985496521	0.0019493745639920235	0.633427619934082	0.337847501039505	0.5122621655464172	0.3771108090877533	0.6152332425117493	1.0183584690093994	0.5403415560722351	0.4217909872531891	0.19365285336971283	0.16348986327648163	0.5958083868026733	0.3553559482097626	0.382331520318985	1.0530076026916504	0.09963206201791763	0.8384882211685181	1.1579254865646362	0.22109752893447876	1.1593577861785889	0.24271847307682037	0.44432318210601807	0.2890831530094147	0.4851038157939911	0.5202125906944275	0.4849843978881836	0.5293562412261963	0.8205020427703857	0.6990155577659607	0.9554721713066101	0.30713388323783875	1.3054507970809937	0.4207859933376312	0.020606214180588722	0.509795606136322	0.2498057335615158	0.43752577900886536	0.07343950122594833	0.09310553222894669	0.4889841377735138	0.805966317653656	0.7517371773719788	0.7316356897354126	0.5199725031852722	0.2059066891670227	0.33278483152389526	0.46805644035339355	0.7485241293907166	0.7796855568885803	0.583451509475708	1.4593260288238525	0.48995241522789	0.7934703230857849	0.12390749901533127	0.9938141107559204	0.2284945845603943	0.4352788031101227	1.1024630069732666	0.6115565896034241	0.938554584980011	0.6600036025047302	0.49721062183380127	1.033469796180725	0.7198157906532288	0.5628418326377869	0.4864002466201782	0.6843300461769104	0.2313544750213623	1.034753441810608	1.3412132263183594	0.3382890224456787	0.317064106464386	0.20598146319389343	0.29532164335250854	0.25824832916259766	0.3787497878074646	0.5000993013381958	0.31888386607170105	0.5441726446151733	0.7137414216995239	0.2234044224023819	0.5627514719963074	0.14304494857788086	0.6551163196563721	0.5215325951576233	0.7912784814834595	0.4628157317638397	0.7241843938827515	0.6020092368125916	0.5042916536331177	1.17819082736969	0.5424853563308716	0.30623772740364075	0.4803679585456848	0.08579611033201218	0.21118465065956116	0.3470064401626587	1.102404236793518	0.6578673124313354	0.5806503295898438	0.6387314200401306	0.652497410774231	0.8086206316947937	0.10304799675941467	0.5686160922050476	0.3410624861717224	0.22594869136810303	0.4465251564979553	0.13635706901550293	0.43262216448783875	0.4666755795478821	0.3381066918373108	0.38765648007392883	0.7713228464126587	0.4445638954639435	0.5042891502380371	0.10110200196504593	0.7336159944534302	0.24038101732730865	0.18390534818172455	0.47478654980659485	0.37877413630485535	0.8074690103530884	0.3544172942638397	0.6358935236930847	0.0921807661652565	0.48872777819633484	0.40189865231513977	0.4865933060646057	0.7028785943984985	0.4095141291618347	0.7863909006118774	0.5062127113342285	0.7393567562103271	0.2979044020175934	0.6900490522384644	0.3711605370044708	0.8710120320320129	0.7443470358848572	0.2958992123603821	0.9283870458602905	0.8504430055618286	0.27852296829223633	0.8464401364326477	0.5672912001609802	0.3297909200191498	0.8365465402603149	0.2954757809638977	0.35126563906669617	0.7298421859741211	0.5146334767341614	1.2051432132720947	0.27643513679504395	0.42487019300460815	0.8636049628257751	0.20820161700248718	0.5052440166473389	0.2391318678855896	0.40484386682510376	0.14175879955291748	0.10599130392074585	1.0254971981048584	0.5777959227561951	0.340202659368515	0.9742001891136169	0.27735310792922974	1.0669362545013428	0.065922811627388	0.36985233426094055	0.9929038882255554	0.23530340194702148	0.42041289806365967	0.6266727447509766	0.13660994172096252	0.7496257424354553	0.5395830869674683	0.29131442308425903	0.5603888630867004	0.5402455925941467	0.6040566563606262	0.019217176362872124	0.6905043125152588	0.3169388473033905	0.5228690505027771	0.47711148858070374	1.1326954364776611	0.2843773365020752	0.4406284689903259	0.16553743183612823	0.4025968611240387	1.049254059791565	0.5171881914138794	0.18640509247779846	0.04030856490135193	0.2869246304035187	0.8515164852142334	0.4967174530029297	0.5825108885765076	0.9122419357299805	0.13179242610931396	0.1818562000989914	0.2352554351091385	0.2970508337020874	0.1948796957731247	0.12652599811553955	0.5378813743591309	0.5618670582771301	0.3445533215999603	0.41787248849868774	0.7204440236091614	0.9051947593688965	0.44417428970336914	0.29781094193458557	0.24611802399158478	1.4120526313781738	0.3621615767478943	0.22338581085205078	0.5244359374046326	0.3701620101928711	0.14712131023406982	0.3337825536727905	0.7475482225418091	0.33619821071624756	0.2297118604183197	0.42059195041656494	0.18123143911361694	0.7145735621452332	0.38421836495399475	0.41999778151512146	1.2722773551940918	0.45985254645347595	0.19502422213554382	0.2924247086048126	0.31728285551071167	0.6753436326980591	0.7938148975372314	0.5834031105041504	0.14735940098762512	0.9644902944564819	0.5128381252288818	0.34925609827041626	0.6457833647727966	0.19400765001773834	1.286853551864624	0.29283684492111206	0.41141176223754883	0.7540667057037354	0.6032434105873108	0.4364614486694336	0.32327646017074585	0.31661805510520935	0.49815279245376587	0.41097426414489746	0.7567610144615173	0.40998706221580505	1.0217005014419556	0.22443720698356628	0.5584149956703186	0.10519225895404816	0.13706469535827637	0.7398608922958374	0.7266300320625305	0.5999553203582764	0.7046599388122559	0.7406147718429565	0.3431742191314697	0.398481547832489	0.36614900827407837	1.2388191223144531	0.1905796378850937	0.5666013956069946	0.5190442800521851	0.7122951745986938	0.4191387891769409	0.6084136962890625	0.17214418947696686	0.48601752519607544	0.22561857104301453	0.28332018852233887	0.3945460319519043	0.3264133632183075	0.307969868183136	0.2682385742664337	0.33283817768096924	0.025170568376779556	0.5374611616134644	0.49889519810676575	0.22076719999313354	0.5436944365501404	0.38852688670158386	0.4879828691482544	0.3030479848384857	0.7834123373031616	0.038052964955568314	0.9165611267089844	0.4981690049171448	0.37435925006866455	0.6103375554084778	0.32685360312461853	0.5099996328353882	1.049202799797058	0.2592228055000305	0.4332396686077118	0.40301036834716797	0.31653934717178345	0.43538933992385864	0.46173185110092163	0.44917982816696167	0.5337957143783569	0.044842422008514404	0.15516820549964905	0.15379884839057922	0.47552603483200073	0.47353294491767883	0.25423678755760193	1.1554765701293945	0.9977067708969116	0.45871075987815857	1.2712115049362183	0.9325147867202759	0.3246020972728729	0.9795660376548767	0.7639410495758057	0.6522362232208252	0.3518373966217041	0.20386771857738495	0.423871785402298	0.20543912053108215	0.23195968568325043	0.9255164265632629	0.03013334609568119	0.4480258822441101	0.7330429553985596	0.2606678009033203	0.4445725381374359	0.765648603439331	0.6510271430015564	0.5081222057342529	0.059971537441015244	0.4033260941505432	0.5825546979904175	0.43393924832344055	0.5994643568992615	0.630927324295044	0.25035473704338074	0.7755926847457886	0.3299384117126465	0.818324625492096	0.42896220088005066	0.9954091906547546	0.4854315519332886	1.025346040725708	0.4149537980556488	0.7209893465042114	0.35033297538757324	0.36410561203956604	0.8378287553787231	0.2968185842037201	1.0893638134002686	0.7397528886795044	0.44908592104911804	0.3845505714416504	0.7417538166046143	0.8012298941612244	0.4092913568019867	0.2585196793079376	0.22247450053691864	0.6091330647468567	0.20903977751731873	0.5305858254432678	0.4095134735107422	0.7079012989997864	1.2341721057891846	0.5265347361564636	0.3218485414981842	0.4164263904094696	0.3772108554840088	0.29636529088020325	0.9408392310142517	0.22567981481552124	0.4281793236732483	0.4331994652748108	0.22797927260398865	0.9675511121749878	0.10248114168643951	0.9837908744812012	0.6463794112205505	0.0907139778137207	1.2145636081695557	0.10895618051290512	0.8220727443695068	0.16813115775585175	0.03478923812508583	0.22205042839050293	0.457939088344574	0.707901656627655	0.8305773735046387	0.2813442647457123	0.5732359290122986	1.0570943355560303	0.3975667655467987	0.5000817179679871	0.5567669868469238	0.4195460379123688	0.9870114326477051	0.575049102306366	0.49916529655456543	0.19651241600513458	0.6477860808372498	0.29971325397491455	0.2489795833826065	0.8746113181114197	0.12410257756710052	0.8089072704315186	0.30162185430526733	0.5060316324234009	0.016593169420957565	0.02508191391825676	0.5260843634605408	0.7069293260574341	0.27023637294769287	0.28682583570480347	0.22663946449756622	0.7860422730445862	0.36618515849113464	0.02111019380390644	0.31242844462394714	0.3799107074737549	0.2202577292919159	0.310210257768631	0.5130772590637207	1.1953920125961304	0.6275091767311096	0.2696415185928345	0.35255950689315796	0.7394818067550659	0.4078076183795929	0.32814696431159973	0.375785768032074	0.6817958354949951	0.4178202450275421	0.68646639585495	0.3103872835636139	0.16368214786052704	0.15202631056308746	1.075193166732788	0.22797761857509613	0.8654916882514954	0.0613938570022583	0.6545562148094177	0.41119128465652466	0.2350727617740631	0.49803075194358826	0.40538567304611206	1.1486436128616333	0.6583927869796753	1.0909533500671387	0.2228856384754181	1.1165168285369873	0.205216646194458	0.8165152072906494	0.36573225259780884	1.0923947095870972	0.6236511468887329	0.4334730803966522	0.6018900275230408	0.48697808384895325	0.5567077398300171	0.9455925226211548	0.35071125626564026	0.09513159841299057	1.0272401571273804	0.7905529737472534	0.6120712161064148	0.5432213544845581	0.5934945344924927	0.5006028413772583	0.6502975821495056	0.3231682777404785	0.23808825016021729	0.4870482385158539	0.3145503103733063	0.5492078065872192	0.19610263407230377	0.23306167125701904	0.4444921612739563	0.4533698558807373	0.35907572507858276	0.26672816276550293	0.4999831020832062	1.1181422472000122	0.6232278347015381	0.7300745248794556	0.6272393465042114	0.4250950515270233	0.2262311577796936	0.3025449514389038	0.7233142852783203	0.33497241139411926	0.3606075346469879	0.5682500600814819	0.09897197782993317	0.6818650364875793	0.26214608550071716	0.314420610666275	0.6072598695755005	0.13496878743171692	0.05515711009502411	1.1401864290237427	0.4392986595630646	0.6385014057159424	0.6856459975242615	0.04285294562578201	0.9607340097427368	0.43884727358818054	0.18494054675102234	0.8968068361282349	0.28323084115982056	0.3238241970539093	0.918380618095398	0.38725897669792175	0.3274365961551666	0.7453411817550659	0.4345262050628662	0.7364569902420044	0.3097575008869171	0.17188945412635803	0.621484637260437	0.479438453912735	0.46775469183921814	0.7078369855880737	0.3589799404144287	0.454795777797699	0.4052659869194031	0.28134459257125854	0.29503723978996277	0.25592145323753357	0.4068560004234314	0.5592898726463318	0.5105048418045044	0.2959245443344116	0.6987963318824768	0.19887197017669678	0.4996645748615265	0.8613109588623047	0.16636835038661957	0.02837003394961357	0.5449777245521545	0.7045202851295471	0.9133940935134888	0.6911176443099976	0.3904590606689453	0.06474490463733673	0.2442791759967804	1.2245999574661255	0.9820743799209595	0.8974915146827698	0.6443201899528503	0.2336236536502838	0.40790969133377075	0.053744856268167496	0.19083596765995026	0.6100740432739258	0.3823683261871338	0.1355859637260437	1.074913501739502	0.37155264616012573	0.4003542363643646	0.7954185605049133	0.6966245174407959	0.8038691878318787	0.23527100682258606	0.466634064912796	0.547908365726471	0.8190152645111084	0.42716991901397705	0.6268172264099121	0.31893447041511536	0.1268012821674347	1.2615940570831299	0.10627859830856323	0.4559524953365326	0.022158192470669746	0.388599157333374	0.24218979477882385	0.5832386612892151	0.5007515549659729	0.7538126111030579	0.23349937796592712	0.6666185855865479	1.5088063478469849	0.9631467461585999	0.8217242956161499	0.05373970419168472	0.404203325510025	0.45317330956459045	0.20415115356445312	0.6680639982223511	0.31501924991607666	0.3268418312072754	1.0255383253097534	0.21117930114269257	0.2614523768424988	0.7512474060058594	0.28417664766311646	0.4091699719429016	0.2102539837360382	0.6879777908325195	0.6813711524009705	0.2519392967224121	1.1462891101837158	0.821657657623291	1.0014667510986328	0.6107316613197327	1.2107582092285156	0.07034500688314438	0.4571243226528168	0.4774928689002991	0.7484977841377258	0.41043832898139954	0.7890937924385071	0.71807461977005	0.2867042124271393	0.7662948966026306	0.26904574036598206	0.16096694767475128	1.0956217050552368	0.49220722913742065	0.9502496123313904	0.40292349457740784	0.4554557800292969	0.4396206736564636	0.5792449712753296	0.44386759400367737	0.4074992537498474	0.1914520561695099	0.4651380777359009	0.752315878868103	0.40543049573898315	0.6063967943191528	0.4955364465713501	0.281129390001297	0.36114683747291565	0.6261286735534668	0.30661994218826294	0.6551346778869629	0.395126074552536	0.39686498045921326	0.41592279076576233	0.4336692690849304	0.5316952466964722	0.8513864278793335	0.19855734705924988	0.4201008677482605	1.3330328464508057	0.5548681020736694	0.20971378684043884	0.42486727237701416	0.4412645101547241	0.45768213272094727	0.0004753554821945727	0.4724721312522888	0.9268994331359863	0.16350528597831726	0.5915914177894592	0.5868893265724182	0.8714597225189209	0.8952299356460571	0.6146946549415588	0.6709080934524536	0.589608371257782	0.16614052653312683	0.6389091610908508	0.004438166506588459	0.5165625214576721	0.16030892729759216	0.24683664739131927	0.21134239435195923	0.12265182286500931	0.4714130759239197	0.40121108293533325	0.3818754553794861	0.19923250377178192	1.0191677808761597	0.8801211714744568	0.9792418479919434	0.6080169081687927	0.32040756940841675	0.6053354740142822	0.6372871398925781	0.29993319511413574	0.4551782011985779	0.9735230207443237	0.5488536357879639	0.28979459404945374	0.45649096369743347	0.5424286723136902	0.6026402115821838	0.9339883327484131	0.8569497466087341	0.520078182220459	0.42867985367774963	0.6738067865371704	0.6504844427108765	0.9419351816177368	0.33893653750419617	0.320627361536026	0.2751869559288025	0.13112807273864746	0.3400272727012634	0.40607383847236633	0.6319653391838074	0.5616263151168823	0.5520082712173462	1.0344784259796143	0.205688938498497	0.318167120218277	0.23432527482509613	0.855134129524231	1.3012456893920898	0.26471343636512756	0.23093345761299133	0.9402481317520142	1.1197515726089478	0.13604310154914856	0.458936482667923	0.5139414668083191	0.6145233511924744	1.2034494876861572	0.42884352803230286	0.6424859762191772	0.3579179644584656	0.19492290914058685	0.414789080619812	0.18617230653762817	0.20317840576171875	0.7544317245483398	0.813072144985199	0.8802741765975952	0.39639994502067566	0.1690453439950943	0.06650964915752411	0.5164509415626526	0.09897477924823761	1.1146438121795654	0.13230516016483307	0.2656129002571106	0.8876680135726929	1.2451585531234741	0.2482628971338272	0.3599134087562561	0.2259036898612976	0.5733934640884399	0.4413825273513794	0.8432339429855347	0.378629207611084	0.5471310019493103	0.36409682035446167	0.12365230917930603	1.1630561351776123	1.085550308227539	0.19917145371437073	0.238138809800148	0.45065838098526	1.2107206583023071	0.2924661636352539	0.8536975383758545	0.3343273103237152	0.07060931622982025	0.6080753803253174	0.4289054870605469	0.25040873885154724	0.2943531274795532	0.8013191819190979	0.4700008034706116	0.4262162446975708	0.21922391653060913	0.46731871366500854	0.7722193002700806	0.3003154993057251	0.35723596811294556	0.298428475856781	0.8643155097961426	0.9342570304870605	0.40281328558921814	0.9919834733009338	0.2702353596687317	0.3958961069583893	0.256462961435318	0.16412357985973358	0.9676784873008728	0.4824707508087158	1.1713160276412964	0.7177258729934692	0.6054357886314392	0.8033856749534607	0.09400150924921036	0.6277623176574707	0.30713987350463867	0.2260664701461792	0.2924448251724243	0.9909970760345459	0.21031461656093597	0.1697980761528015	0.7221450805664062	0.49861449003219604	0.6293313503265381	0.5092175602912903	0.4413772523403168	0.2395583689212799	0.7384854555130005	0.9394257664680481	0.43362167477607727	0.3396056294441223	0.3761085867881775	0.7504404783248901	0.46248918771743774	0.25345972180366516	0.24614618718624115	0.6092955470085144	0.07581762969493866	0.43482086062431335	0.11084708571434021	0.7475149035453796	1.6395256519317627	0.638037919998169	0.38241440057754517	0.8572777509689331	1.5006704330444336	0.7029666900634766	0.559788167476654	0.7930629253387451	0.23554465174674988	0.6110374331474304	0.5637878179550171	0.4928385317325592	0.39243757724761963	0.2874963879585266	0.7616627812385559	0.47091105580329895	0.479713499546051	0.3277128040790558	1.8279173374176025	0.7507619857788086	0.2534852623939514	0.052298445254564285	1.1751389503479004	0.15548129379749298	0.6441718935966492	0.9245648980140686	0.11061815172433853	0.4759397804737091	0.3670550584793091	0.28338050842285156	0.3699944317340851	0.9938660860061646	0.13774819672107697	0.3548133075237274	0.7404263615608215	0.36310920119285583	0.4806196987628937	0.25310081243515015	0.5015266537666321	0.7404745817184448	0.36783862113952637	0.6261637210845947	0.3028249442577362	0.40279316902160645	0.5871331691741943	0.44390442967414856	0.6041019558906555	0.9331552982330322	0.039192084223032	0.2599160969257355	0.12368195503950119	0.2940238118171692	0.5903473496437073	0.1326475888490677	0.2532293200492859	0.37836208939552307	0.45458707213401794	0.2951340079307556	0.26654502749443054	0.6945210099220276	0.6240860819816589	0.8988482356071472	0.9247196912765503	0.7803320288658142	0.7886644601821899	0.4154283404350281	0.6132283210754395	0.9186627864837646	0.4446283280849457	0.5848972201347351	1.1884794235229492	0.4419243335723877	0.5787788033485413	0.38397642970085144	0.5403298735618591	0.4768369197845459	0.17087063193321228	0.18641945719718933	0.570064127445221	0.24504929780960083	1.1151390075683594	0.2775350511074066	0.3501848876476288	0.6796445846557617	0.847852885723114	0.30952101945877075	0.7244969606399536	0.4375211298465729	0.5994325876235962	0.2462700605392456	0.5896186828613281	0.4716314971446991	0.3150603473186493	1.446832537651062	0.6199202537536621	0.11733189225196838	0.59723299741745	0.32876914739608765	0.1641116589307785	0.5018622875213623	0.6929624080657959	0.38702699542045593	0.08737064152956009	0.3460349440574646	0.4592137634754181	0.6157387495040894	0.926828145980835	0.49628549814224243	0.4017026424407959	0.3297959566116333	0.5758727192878723	0.46621644496917725	0.5693637728691101	0.29546576738357544	0.7579708695411682	0.16970443725585938	0.7462606430053711	0.12044132500886917	0.27435892820358276	0.01999947987496853	0.42482253909111023	0.5879231691360474	1.0291804075241089	0.6811091899871826	0.34425705671310425	0.9018576741218567	0.19842582941055298	0.8201056718826294	0.3804153800010681	0.41728150844573975	0.5659818053245544	0.8877517580986023	1.7240432500839233	0.8878822326660156	1.2360093593597412	0.6379426121711731	0.34046339988708496	0.9123678803443909	0.1378181278705597	0.6600969433784485	0.4025035500526428	0.6652846336364746	0.3684183955192566	0.4830819368362427	0.2879505157470703	0.3524441123008728	0.059723831713199615	0.33829355239868164	0.3298932909965515	0.7090924978256226	0.5526633858680725	0.6321530342102051	0.39409926533699036	0.7328037619590759	0.4256340265274048	0.46341437101364136	0.23046906292438507	0.28041505813598633	0.22855928540229797	0.3883242905139923	0.37378814816474915	0.19779658317565918	0.57330322265625	0.015995141118764877	0.2441701591014862	0.34872639179229736	0.766982913017273	1.1408665180206299	0.031591057777404785	0.39471712708473206	0.7046116590499878	0.12163503468036652	0.5702731609344482	0.4331125319004059	0.4493906795978546	0.9539260864257812	0.3740202486515045	0.7264103889465332	0.6683678030967712	1.2997173070907593	0.4151786267757416	0.7455863356590271	0.8655180931091309	0.7427878975868225	0.8793150782585144	0.4422125518321991	0.25684842467308044	0.18082159757614136	0.33691227436065674	0.8001363277435303	0.4370470643043518	0.533949613571167	0.4212251901626587	0.689370334148407	0.45897385478019714	0.4185100495815277	0.541208803653717	1.0797652006149292	0.3907681703567505	0.17770904302597046	0.5812930464744568	0.6056322455406189	0.6173558235168457	0.09608615934848785	0.43880733847618103	0.7419565320014954	0.7408050894737244	0.21556605398654938	0.2578660249710083	0.6451542377471924	0.16800983250141144	1.271679162979126	0.21297377347946167	0.3092593252658844	0.6682820320129395	0.2844454050064087	1.0717933177947998	0.351125031709671	0.3654417097568512	0.933458149433136	0.47489649057388306	0.41366854310035706	0.5300781726837158	0.29304736852645874	0.4669390916824341	0.6428794264793396	0.8247330784797668	0.39488884806632996	0.11974763870239258	0.6622521281242371	0.6717228293418884	0.5016509890556335	0.2861330509185791	0.2835695147514343	0.6793539524078369	0.7234081029891968	0.6060802936553955	0.9295859336853027	0.6275727152824402	0.026421666145324707	0.37322208285331726	0.14004862308502197	0.8197645545005798	0.44219616055488586	0.24600692093372345	0.6279009580612183	0.5737271308898926	0.25742149353027344	1.9301912784576416	0.290432333946228	0.679542064666748	0.6819747686386108	0.5632461309432983	0.24537818133831024	0.5217837691307068	0.10909826308488846	0.19422338902950287	0.6508657932281494	0.6394572854042053	0.7136211395263672	0.1090409904718399	0.6818178296089172	0.7090449333190918	0.3317538797855377	1.0526117086410522	0.5876398682594299	0.8343979120254517	0.3053627610206604	0.3934643864631653	0.6602436304092407	0.4519473910331726	0.7328912615776062	0.6392040252685547	0.19993336498737335	0.4636531174182892	0.40258365869522095	0.4832744896411896	0.4660598635673523	0.6845752000808716	0.41616979241371155	0.6766038537025452	0.7069110870361328	0.5126627683639526	0.9367045760154724	0.38983234763145447	0.475306898355484	0.7199005484580994	1.0397977828979492	0.47405707836151123	0.2363353967666626	0.6470525860786438	1.2807843685150146	0.7226123809814453	0.38470304012298584	0.7916129231452942	0.19103749096393585	0.35312116146087646	1.0209174156188965	0.8267712593078613	0.7954729795455933	0.32505106925964355	0.5697005391120911	0.6806805729866028	0.8118587732315063	0.4940040409564972	0.6720095276832581	0.713772714138031	0.8583037257194519	0.2391335666179657	0.11478836834430695	0.9123315215110779	0.27585649490356445	0.6113777160644531	0.9255193471908569	0.8302773237228394	0.0884372889995575	1.3386836051940918	0.4964434802532196	0.2501351833343506	0.2537616491317749	0.42771828174591064	0.3472011089324951	0.3965908885002136	0.19957387447357178	0.4476064443588257	0.38926613330841064	0.45111703872680664	0.18176573514938354	0.42730429768562317	0.556281566619873	0.8115508556365967	0.6369820237159729	0.1325342357158661	0.30965083837509155	0.3782333433628082	0.21818673610687256	0.3118046224117279	1.048863172531128	0.25546762347221375	0.6632471084594727	0.3913930058479309	0.30223196744918823	0.6648181080818176	0.5917315483093262	0.7742418050765991	0.6755780577659607	0.3587879538536072	1.293562650680542	0.8562015295028687	0.6021703481674194	0.5244044065475464	1.1362032890319824	0.7171147465705872	0.5038261413574219	0.21871984004974365	0.8193646669387817	0.25208377838134766	0.286179780960083	0.3910708725452423	0.0	0.8152764439582825	0.1280832290649414	0.24559690058231354	0.2704222500324249	0.28319260478019714	0.47917255759239197	0.39640170335769653	0.4887896776199341	0.051796555519104004	1.0419939756393433	0.41677263379096985	0.9326674938201904	0.8156101703643799	0.012663697823882103	0.8575288653373718	0.20955270528793335	0.9365893006324768	0.5977202653884888	0.18912793695926666	0.43209701776504517	1.3158888816833496	0.7192452549934387	0.09079745411872864	1.0840647220611572	0.7014503479003906	0.15041670203208923	0.5424759387969971	0.2752802073955536	0.49646711349487305	0.4296554923057556	0.19022369384765625	0.6015001535415649	0.15208043158054352	0.5056225061416626	0.35712072253227234	0.48620128631591797	0.11761163920164108	0.3891031742095947	0.4315873384475708	0.39839112758636475	0.7334277033805847	0.32778069376945496	0.42191195487976074	0.09437579661607742	0.020991751924157143	0.40614503622055054	0.24434268474578857	0.03229028731584549	0.7636266946792603	0.8209503889083862	1.0134785175323486	0.383330762386322	0.8655727505683899	0.9670776724815369	0.34530115127563477	0.9942179918289185	1.0480245351791382	0.3401764929294586	0.6039515733718872	0.49057450890541077	0.8146630525588989	0.5012298226356506	0.5220716595649719	0.6557510495185852	0.03772347792983055	0.4977050721645355	0.652802586555481	0.33961567282676697	0.41693419218063354	0.1868593692779541	0.42817017436027527	0.3425076901912689	0.4422455132007599	1.6631488800048828	0.858275294303894	0.4190962016582489	0.15837989747524261	0.4540055990219116	0.67622971534729	0.44506049156188965	1.5235636234283447	0.5630333423614502	0.6883474588394165	0.1563664972782135	0.4829365313053131	0.6009567975997925	0.549424409866333	0.9526174068450928	0.4289957284927368	0.5273065567016602	0.4811541736125946	0.5702201128005981	0.6022077202796936	0.8645181655883789	0.3150734603404999	0.618867814540863	0.40638023614883423	0.6073422431945801	0.6672372817993164	0.5676864385604858	0.49823418259620667	0.35685664415359497	0.7732951641082764	0.03243178129196167	0.3323407471179962	0.06262484192848206	0.4419761300086975	0.40850815176963806	0.4652862548828125	0.43471115827560425	0.6452034115791321	0.6394965648651123	0.8282673358917236	0.13123367726802826	0.9859915971755981	1.043928861618042	1.0712982416152954	0.3489646017551422	0.854388415813446	0.5629483461380005	0.17181071639060974	0.13516460359096527	0.4680927097797394	0.744953989982605	0.7191715836524963	0.8399451971054077	0.599264919757843	0.2827710509300232	0.7786136269569397	0.390443354845047	0.38012370467185974	1.3786225318908691	0.060611408203840256	0.1822894662618637	0.17937731742858887	0.5765359997749329	0.9669411778450012	0.3954400420188904	0.2569952607154846	0.3251972496509552	0.35164597630500793	0.6348277926445007	0.29250791668891907	0.39227360486984253	1.1025254726409912	0.33061301708221436	0.1873936653137207	0.33671993017196655	0.18129809200763702	0.5135709643363953	0.9532479047775269	0.7430577278137207	0.5575016736984253	0.6033092737197876	0.28268152475357056	0.27480044960975647	0.23652629554271698	0.3405262529850006	0.037165842950344086	0.1867399364709854	0.6345729827880859	0.20150919258594513	0.6195206046104431	0.5659266710281372	0.24235570430755615	1.0132935047149658	0.2910580635070801	0.7376054525375366	0.4392698109149933	0.5856549739837646	0.5750888586044312	0.646327555179596	0.35841870307922363	0.34550753235816956	1.0268882513046265	0.4158695340156555	1.041656494140625	0.9964426159858704	0.0	0.8672363758087158	0.2606584429740906	0.89793860912323	0.3534981310367584	0.18322545289993286	0.6286488771438599	0.7483036518096924	0.19909705221652985	0.3735368251800537	0.9572705030441284	0.18926149606704712	0.539132833480835	0.5996177792549133	0.7365753054618835	0.47182074189186096	0.40446075797080994	0.4858464300632477	0.36363208293914795	0.9963338375091553	1.2806774377822876	0.844461977481842	0.8236681222915649	0.6859390735626221	0.2558438181877136	0.7008659839630127	0.3983748257160187
0.19172702729701996	0.7868203520774841	0.6335851550102234	1.1503103971481323	1.3810704946517944	0.3587155044078827	0.244856595993042	0.5125067234039307	0.8425821661949158	0.35505154728889465	0.04079465568065643	0.4753449261188507	1.1425156593322754	0.3459898829460144	0.5014605522155762	0.42243415117263794	1.1332730054855347	0.5159813165664673	0.28624022006988525	0.35360488295555115	0.6991505026817322	0.16473634541034698	0.5270510911941528	0.25719794631004333	0.4136005640029907	0.2969929575920105	1.1314737796783447	1.5581415891647339	0.5168726444244385	0.40668320655822754	0.5876097083091736	0.3594013452529907	0.7999107837677002	0.48804083466529846	0.5222813487052917	0.2403993010520935	0.43853411078453064	0.3725883364677429	1.065285325050354	0.8430108428001404	0.22671523690223694	0.0955093652009964	0.2673594355583191	0.6137434840202332	0.1546620875597	0.8892448544502258	0.3026796877384186	0.6267911791801453	0.4545961618423462	0.4420647919178009	0.6804834604263306	0.5376370549201965	0.9859873652458191	0.4225016236305237	0.27344822883605957	0.2839878499507904	0.1569594144821167	0.03552794083952904	0.5875993371009827	1.1588544845581055	0.3096405565738678	0.5853426456451416	1.1134151220321655	0.843137264251709	0.3145689070224762	0.6281784176826477	0.9021754860877991	0.6208683252334595	0.5956693887710571	0.6298129558563232	0.5344163179397583	0.5884262919425964	0.27237024903297424	0.2586003541946411	0.5916275978088379	0.8299564123153687	0.3097597360610962	0.7707645893096924	0.37124091386795044	0.7799205183982849	0.8611648082733154	0.37609365582466125	0.6108173131942749	0.3813619017601013	0.3863069415092468	0.31016606092453003	0.56442791223526	0.5942932963371277	0.21961544454097748	0.21163354814052582	0.7539138793945312	0.40507280826568604	0.11393743753433228	0.38079506158828735	0.5035620927810669	0.7898469567298889	0.7969507575035095	0.6799874901771545	0.937088131904602	0.02097173035144806	0.9347598552703857	0.894986629486084	0.4903574585914612	0.9382418394088745	0.7621067762374878	0.9516670107841492	0.3293825089931488	0.4490511417388916	0.5196970701217651	0.6783698201179504	0.6768957376480103	0.6058167815208435	0.8182754516601562	0.4838756024837494	0.8804748058319092	0.31489768624305725	0.5308321118354797	0.5607683658599854	1.1281583309173584	0.3627859950065613	1.231724739074707	0.33284223079681396	0.10537496209144592	0.7689703106880188	0.29387083649635315	0.9411647915840149	0.18656626343727112	0.3890688717365265	0.8645452260971069	0.42205706238746643	0.4415718615055084	0.7127978801727295	0.44156762957572937	0.3104557693004608	0.31460946798324585	0.7267420887947083	0.3664611876010895	0.47596895694732666	0.6949800252914429	0.36557891964912415	0.4448653757572174	0.2823570966720581	0.2691090404987335	0.6209288239479065	0.5289019346237183	0.4987800121307373	0.28976884484291077	0.348619669675827	1.038130760192871	0.45143792033195496	0.35681697726249695	0.5802915692329407	0.28852948546409607	0.03331278637051582	0.3170888125896454	0.765048623085022	0.4749561548233032	1.483851432800293	0.12378524243831635	0.2978537976741791	0.628362774848938	0.5221738815307617	0.25486499071121216	0.5628278255462646	0.3893841803073883	0.687988817691803	0.9214180707931519	0.42138808965682983	0.1079949364066124	1.8970636129379272	0.16464990377426147	0.25982746481895447	1.0573077201843262	0.7084582448005676	0.4084024131298065	0.2831363081932068	0.624419629573822	0.7891888618469238	0.8361487984657288	0.2792138159275055	0.36573898792266846	0.9742535352706909	0.36754098534584045	0.5758578777313232	0.5288040637969971	1.245302438735962	0.16667166352272034	0.20837366580963135	0.32609039545059204	0.6733855605125427	0.559597373008728	0.276144802570343	0.42047783732414246	0.5630104541778564	0.4479268789291382	0.7198506593704224	0.2563892900943756	0.2902078926563263	0.605683445930481	0.6137565970420837	0.7462911605834961	0.969186544418335	0.33291590213775635	0.24787001311779022	0.32748943567276	0.4433460831642151	0.5347529649734497	0.560920000076294	1.2567239999771118	0.3477233052253723	0.7612980008125305	0.523461103439331	0.15411819517612457	0.3473864495754242	0.5059175491333008	0.5433905124664307	0.8465197086334229	0.3633740246295929	0.6250149011611938	0.3545958399772644	0.3615902066230774	0.2647654414176941	0.2848230302333832	0.30972447991371155	0.5555261373519897	0.5499218702316284	0.4331665635108948	0.6361678242683411	0.509139895439148	0.6064013838768005	0.5758315920829773	0.805632472038269	0.5348877310752869	1.4868813753128052	0.48268499970436096	0.6938837170600891	0.35949474573135376	0.4267027676105499	0.3369961380958557	0.22291114926338196	0.5964050889015198	0.4801070988178253	0.5174432992935181	0.29129230976104736	0.34829360246658325	0.7318891882896423	0.4738162159919739	0.5145732760429382	0.34941017627716064	0.41416460275650024	0.12348020076751709	0.6757088899612427	0.3735383152961731	1.071637749671936	0.4376218616962433	0.4319325089454651	0.4024210572242737	0.6765660643577576	0.5698541402816772	0.20086437463760376	0.7203230261802673	0.40716278553009033	0.44176197052001953	0.32185235619544983	0.05382772907614708	0.38118135929107666	0.7754736542701721	0.30550891160964966	0.646905779838562	0.2701823115348816	0.637401282787323	0.4445415139198303	0.12192931771278381	0.5886709690093994	0.35730406641960144	0.49365749955177307	0.5403822064399719	0.21251411736011505	0.4033888280391693	0.8717504143714905	0.4594454765319824	0.25103312730789185	0.602704644203186	0.2485906034708023	0.5575218200683594	0.48329058289527893	0.33595627546310425	0.8478720784187317	0.13849233090877533	0.3510432839393616	0.7573860883712769	0.4587385952472687	0.6270432472229004	0.661941647529602	0.34477514028549194	0.11164897680282593	0.4642448425292969	0.2115115374326706	0.6837537288665771	0.6729289293289185	0.19083011150360107	0.272022545337677	0.9308892488479614	0.5319371223449707	0.7762606143951416	0.1657029539346695	0.6423869729042053	0.3752055764198303	0.6343541145324707	1.2816067934036255	0.8368813395500183	0.6214093565940857	0.5513719320297241	0.2977159917354584	0.6204818487167358	0.4664680063724518	0.5185818672180176	0.6243293285369873	0.4369266927242279	1.189704418182373	0.4440966248512268	0.29582342505455017	0.23186582326889038	0.9534563422203064	0.9270867109298706	0.33637735247612	0.508704423904419	0.6518158912658691	0.5140612721443176	0.23388853669166565	0.8502687215805054	0.3895367383956909	0.31643882393836975	0.6361796855926514	1.2676109075546265	0.6531025171279907	0.8396404981613159	0.16884095966815948	0.45684075355529785	0.25709348917007446	0.14549967646598816	0.6040375232696533	0.19223237037658691	0.5900955200195312	0.17176052927970886	0.6425687074661255	0.49303701519966125	0.3655981719493866	0.8027538061141968	0.2472713738679886	0.9634174108505249	0.658010721206665	0.2938620448112488	0.6838976740837097	0.0920211523771286	0.26577097177505493	0.621982753276825	0.6595876216888428	0.16269910335540771	0.3525736629962921	0.7089011073112488	0.644169807434082	0.553240180015564	0.41872817277908325	0.4927784204483032	1.1959080696105957	0.7414742112159729	0.0	0.2052912712097168	0.4305386543273926	0.47179993987083435	0.8437985777854919	0.5062572956085205	0.8395000696182251	0.24244484305381775	0.5789903998374939	0.945044755935669	0.28352031111717224	0.19334562122821808	0.2888379395008087	0.5014244914054871	0.6081264615058899	0.4273169934749603	0.4126759171485901	0.6355723142623901	0.5698195099830627	0.6798786520957947	0.23565372824668884	0.7297473549842834	0.30569028854370117	0.6679403185844421	0.7718756794929504	0.6274480223655701	0.722597062587738	0.6034680604934692	0.7168766260147095	0.5868967175483704	0.44770538806915283	0.7838771939277649	0.4754756987094879	0.3613925576210022	0.35651716589927673	0.5998504757881165	0.28917354345321655	0.6987514495849609	0.6717063784599304	0.7725599408149719	0.6204257011413574	0.31889256834983826	0.23294667899608612	0.6474515199661255	0.031985294073820114	0.9179753065109253	0.19520562887191772	0.47211214900016785	1.307788610458374	0.2764293849468231	0.9587164521217346	0.7348536849021912	1.123963475227356	0.2560143768787384	0.23889730870723724	0.8746730089187622	0.3558633029460907	0.43587830662727356	0.40312469005584717	0.3120487928390503	0.3036937117576599	0.33770954608917236	0.432881236076355	0.2663368284702301	1.0683761835098267	0.3967024087905884	0.5841303467750549	0.43207088112831116	0.2249355912208557	0.4549207389354706	0.7747707366943359	0.7504376769065857	0.165947824716568	1.077332854270935	0.8483044505119324	0.48060888051986694	0.9608272910118103	0.554882287979126	0.22279126942157745	1.2866073846817017	0.6716292500495911	0.29168805480003357	0.5212578177452087	0.9956591129302979	0.41672834753990173	0.29965683817863464	0.8073995113372803	0.21174171566963196	0.3753506541252136	0.3002682328224182	0.5001426339149475	0.18702377378940582	0.3804493844509125	0.6075696349143982	0.5193477272987366	0.3807770311832428	0.7404338717460632	0.3868441879749298	0.18225787580013275	0.3724532723426819	0.4423472285270691	0.05301260948181152	0.4571627378463745	0.49387669563293457	0.4010039269924164	0.21670500934123993	0.46973079442977905	0.8114823698997498	0.7895853519439697	0.7927857637405396	0.3392658829689026	0.46517413854599	0.45122259855270386	0.3284352719783783	0.2734134793281555	0.6845548748970032	0.48707160353660583	0.08220018446445465	0.4815386235713959	0.4774273931980133	1.4212337732315063	0.3610510230064392	0.38359761238098145	0.3006899356842041	0.4910789430141449	0.612445592880249	0.5900269746780396	0.5758910775184631	0.6638517379760742	0.3473811447620392	0.6347719430923462	0.3114773631095886	0.2969357669353485	0.8911014199256897	0.4930286705493927	0.2113119661808014	0.5428057909011841	0.013470370322465897	1.3581987619400024	0.9387437105178833	0.7242969870567322	0.29164770245552063	0.3359653651714325	0.6377179026603699	1.0079346895217896	0.5303145051002502	0.5732551217079163	0.554110586643219	0.38496512174606323	0.28330984711647034	0.4868401288986206	0.5154669880867004	0.6470983624458313	0.38140806555747986	0.6561360359191895	0.6993011236190796	0.5054253339767456	0.27579331398010254	0.39904311299324036	1.1459004878997803	0.36410507559776306	1.178568720817566	0.32065120339393616	1.712328314781189	0.6428967714309692	0.275605171918869	0.672550618648529	0.3382248878479004	0.4009738564491272	0.275084912776947	0.4499305188655853	0.3024795949459076	0.17091315984725952	0.6261090636253357	0.4353576600551605	0.5828898549079895	0.5679500699043274	0.1464000940322876	0.498735636472702	0.5851712822914124	0.37557995319366455	1.0171384811401367	1.1555277109146118	1.1761924028396606	0.3956840932369232	0.34736835956573486	0.36122965812683105	0.5116806626319885	0.19825267791748047	0.7296848297119141	0.8146200180053711	0.32611849904060364	0.6170666217803955	0.09458139538764954	0.9788240790367126	0.3809787631034851	0.6310093998908997	1.11966073513031	0.1607816517353058	0.28809139132499695	0.12612557411193848	0.296301931142807	1.3913094997406006	0.9261189699172974	0.8887907266616821	1.401452898979187	0.15383556485176086	0.7132994532585144	0.5265262126922607	0.37955576181411743	0.23474383354187012	0.3897729516029358	0.28227144479751587	0.5025370717048645	0.4952910244464874	0.30348140001296997	0.6712448000907898	0.3808929920196533	0.6059373021125793	0.3462165594100952	1.0021498203277588	0.521511971950531	0.6076797246932983	0.2886337637901306	0.20808662474155426	0.850106954574585	0.6226575970649719	0.46188676357269287	0.1721360683441162	0.42781323194503784	0.20025770366191864	0.5926153659820557	0.45687395334243774	0.22896063327789307	0.08373825252056122	0.34284695982933044	0.7597801089286804	0.6638869643211365	0.40254026651382446	0.44342583417892456	0.24343246221542358	0.50719153881073	0.9445672035217285	0.2785540521144867	0.6772427558898926	0.2772752344608307	0.7332841753959656	0.32595089077949524	1.4889174699783325	0.17059049010276794	0.4069572389125824	0.2317059338092804	0.6042587757110596	0.2855946719646454	0.4204574525356293	0.4218703508377075	0.2504686415195465	0.326092928647995	0.22450177371501923	1.2515110969543457	0.26524826884269714	0.8324830532073975	0.8124451041221619	0.5468229651451111	0.1825372278690338	0.22588378190994263	0.8291236758232117	0.4301939606666565	0.17419695854187012	0.6278893947601318	0.9916306734085083	0.15550503134727478	0.23083563148975372	0.5250639915466309	0.42544305324554443	0.210447758436203	0.8977066278457642	1.3835967779159546	0.47277557849884033	0.2762593924999237	0.13865706324577332	0.7984552979469299	0.31134286522865295	0.40104246139526367	0.48025402426719666	0.5312918424606323	0.46892493963241577	0.6393495798110962	0.2051502764225006	0.6731317043304443	0.795800507068634	0.23516812920570374	0.3343711495399475	0.38019803166389465	0.2845691442489624	0.4575091004371643	0.3309006989002228	0.7078567147254944	1.4223271608352661	0.5481528639793396	0.54583740234375	1.2083871364593506	0.22094956040382385	0.39368394017219543	0.3938814699649811	0.555092453956604	0.2820734977722168	0.5646403431892395	0.952707827091217	0.5476182699203491	0.2760726809501648	0.6489611268043518	0.18378648161888123	0.5354166030883789	0.39485907554626465	0.4873558580875397	0.43158793449401855	0.4463943839073181	0.4413614571094513	0.44617733359336853	0.317352831363678	0.3055937886238098	0.2941734194755554	1.4617115259170532	0.5553904175758362	0.14147958159446716	0.25895851850509644	0.23413972556591034	0.7794268131256104	0.47961217164993286	0.30548617243766785	0.7041882276535034	0.28426775336265564	0.6108884811401367	1.5012680292129517	0.6935636401176453	0.20803716778755188	0.3608436584472656	0.5063912272453308	0.6911240220069885	1.3231916427612305	0.5511433482170105	1.0606529712677002	1.1328612565994263	0.8166731595993042	0.5207796096801758	0.30810439586639404	0.21395322680473328	0.3162890076637268	0.4473373591899872	0.59649658203125	1.0639206171035767	0.6288700699806213	0.35467731952667236	0.7048958539962769	0.4177955090999603	0.6450831294059753	0.6788654923439026	0.5295978784561157	0.9781220555305481	0.3491639792919159	0.5488267540931702	0.5114527940750122	0.5752374529838562	0.37131449580192566	0.3924923539161682	0.2749568819999695	0.7099236249923706	0.7573941349983215	0.4274004399776459	1.1173095703125	0.7783645391464233	0.31551384925842285	0.5249167680740356	0.8377555012702942	0.9618638157844543	0.5477983951568604	0.22532036900520325	0.5504515767097473	0.6269829869270325	0.7338137626647949	0.5146940350532532	0.0684087872505188	0.8333724141120911	0.4097059369087219	0.6835857629776001	0.15893471240997314	0.21352452039718628	0.41017839312553406	0.4888807237148285	0.5587325692176819	0.37174350023269653	0.5966552495956421	0.5806642174720764	0.6689566969871521	0.16058485209941864	0.8986712694168091	0.4419131278991699	0.30686989426612854	0.4135890603065491	0.9414817094802856	0.20160533487796783	0.4982253909111023	0.2944760024547577	0.34645289182662964	0.44869762659072876	0.4333035349845886	0.7282180786132812	0.24006417393684387	0.8199060559272766	0.22173717617988586	0.17809195816516876	0.23109552264213562	0.1400085985660553	0.26635706424713135	0.5884349346160889	0.44398024678230286	0.3640086352825165	0.9191079139709473	0.06329364329576492	0.2550300359725952	0.21091121435165405	0.39048272371292114	0.42605799436569214	0.6095365285873413	1.068830966949463	0.3818933665752411	0.8010557889938354	0.6357172131538391	1.4090389013290405	0.6529171466827393	0.1587199568748474	1.1658436059951782	0.7175541520118713	0.38703516125679016	0.2715727984905243	0.6553261280059814	0.5409737825393677	0.14559490978717804	0.8494463562965393	0.711755633354187	0.6360042095184326	0.41854098439216614	0.4188660979270935	0.6535423994064331	0.4929279088973999	0.6385086178779602	0.2153961956501007	0.45403850078582764	0.31776976585388184	0.7593014240264893	0.03547051176428795	0.1116713285446167	0.845913290977478	0.3993784785270691	0.48779305815696716	0.9217539429664612	0.22221431136131287	0.699943482875824	0.633908212184906	0.2913724184036255	1.2916864156723022	0.12861572206020355	0.3718467652797699	0.7376549243927002	0.7094361782073975	1.4346760511398315	0.846538782119751	0.7079417705535889	0.35389426350593567	0.6089300513267517	0.46608734130859375	0.12469452619552612	0.8900607824325562	0.5822516083717346	1.117120385169983	0.4380025267601013	1.1268211603164673	0.5243869423866272	0.3852745294570923	0.13013316690921783	0.09897114336490631	0.3253609538078308	0.5954512357711792	0.2684529721736908	0.735348105430603	0.6067413091659546	0.4332328736782074	0.4601598381996155	0.5612469911575317	0.8923302292823792	0.4012705981731415	0.5282059907913208	0.48319530487060547	0.2318372130393982	0.2551955580711365	0.6101060509681702	0.6320581436157227	0.4657137393951416	0.6138095855712891	0.060769740492105484	0.5358812212944031	0.889869749546051	0.3295723497867584	0.5937269330024719	0.3225944936275482	1.0432523488998413	0.5575259923934937	0.4662816524505615	0.44872787594795227	0.658684253692627	0.5809285640716553	0.4187885522842407	0.045035526156425476	0.7755430936813354	0.3162643313407898	0.40899035334587097	0.3842043876647949	0.20771753787994385	0.2454899549484253	0.4546300172805786	0.9871076941490173	0.5039641857147217	0.4412388205528259	0.48576483130455017	0.3970239460468292	0.5116778016090393	1.2606171369552612	0.4603755474090576	0.27823904156684875	0.07465258985757828	0.871132493019104	0.7889266014099121	0.300846666097641	0.5401456952095032	0.642005980014801	0.23424947261810303	0.3325638175010681	1.4075711965560913	0.6543971300125122	0.3912859857082367	0.6124721765518188	0.3050820231437683	0.3699568510055542	0.5494378209114075	0.40976348519325256	0.38062092661857605	0.5562296509742737	0.18731077015399933	0.6306613087654114	0.15365421772003174	0.23165059089660645	0.7655423879623413	0.6213683485984802	0.5286128520965576	0.14750786125659943	0.23056858777999878	0.061509788036346436	0.3812742829322815	0.837666928768158	1.056186318397522	0.18159642815589905	0.5717352628707886	0.7128300070762634	0.8263949155807495	0.3572606146335602	0.6548668742179871	0.30248594284057617	0.51502525806427	0.33845391869544983	0.5000439882278442	0.25815171003341675	0.31960350275039673	0.9107235074043274	0.3565385937690735	0.607817530632019	0.19632770121097565	0.24967369437217712	0.6175758242607117	0.7321572303771973	0.7826218008995056	0.3110458254814148	0.5157241225242615	0.8930928707122803	0.7415947914123535	1.049611210823059	0.6876000165939331	0.5099566578865051	0.2440873682498932	1.3138327598571777	0.35987961292266846	0.3939882218837738	0.5252830386161804	0.24112345278263092	0.38152778148651123	0.43525946140289307	0.24518588185310364	0.2357926070690155	1.1094964742660522	0.6354746222496033	0.4256279468536377	1.5800400972366333	0.599800169467926	0.24494808912277222	0.546440601348877	0.6158820390701294	0.5170875787734985	0.6887392401695251	0.3095761239528656	0.3991248607635498	0.6437368392944336	0.683617353439331	0.35907861590385437	0.33880379796028137	0.37537333369255066	0.6352465152740479	0.5889316201210022	0.36618945002555847	0.27950239181518555	0.3901870846748352	0.17305777966976166	0.6720762848854065	0.6188739538192749	0.41619691252708435	0.2423347383737564	0.6996660828590393	0.6063835620880127	1.5525784492492676	0.5030604600906372	0.3170020282268524	0.3471837043762207	0.6173216104507446	0.15805073082447052	0.4973040819168091	0.28808191418647766	0.8316176533699036	0.3023732006549835	0.4287479817867279	0.16575507819652557	0.34712156653404236	0.3921574354171753	1.0351086854934692	0.3368794620037079	1.263741135597229	0.12063837796449661	1.0938434600830078	0.49128663539886475	0.21084250509738922	1.0337038040161133	0.5631465315818787	0.4839218258857727	0.43410366773605347	0.42071861028671265	0.31069478392601013	0.519811749458313	0.5227203965187073	0.3818237781524658	0.4268737733364105	0.08075390011072159	0.47584643959999084	0.571236252784729	0.12070492655038834	0.14073574542999268	0.5190029740333557	0.7921664714813232	0.11460059136152267	0.3153022527694702	0.8670663237571716	0.525288462638855	0.44471609592437744	1.394492268562317	0.2676692008972168	0.47189614176750183	0.510663628578186	0.60050368309021	0.892458975315094	0.9091641306877136	1.0248407125473022	0.03094862774014473	0.09286339581012726	1.8037911653518677	0.14330264925956726	0.680173397064209	0.4392348527908325	0.6737320423126221	1.2901455163955688	0.38345345854759216	0.7587053775787354	0.7854669094085693	0.43853047490119934	0.5883601903915405	0.8823578953742981	0.3125923275947571	0.5727234482765198	0.46912065148353577	0.2764224708080292	0.5869536399841309	0.5485571622848511	0.3414536714553833	0.16948866844177246	0.36183905601501465	0.44684794545173645	0.3101843595504761	0.9586277008056641	0.6152732372283936	0.23176342248916626	0.8619040846824646	0.36686980724334717	0.9806085228919983	0.8315455913543701	0.2692951261997223	0.6379323601722717	0.3540095090866089	0.30558037757873535	0.9181545972824097	1.0937305688858032	0.5830896496772766	0.09539522975683212	0.5807877779006958	0.27993834018707275	0.5623650550842285	1.0719341039657593	0.2852362096309662	0.3115187883377075	0.8994450569152832	0.8593260049819946	0.515663206577301	0.2735244631767273	0.4171714186668396	1.0404962301254272	0.43287256360054016	0.6330495476722717	0.5261074900627136	0.2912561297416687	0.4042185842990875	0.171434223651886	0.11438625305891037	1.2642978429794312	0.10098499059677124	1.034360647201538	0.3869858980178833	0.4260222911834717	0.19017872214317322	0.29625165462493896	0.6345528364181519	0.2631731629371643	0.6759957075119019	1.1004709005355835	0.5970333218574524	0.564528226852417	0.567590057849884	1.0730823278427124	0.5193327069282532	0.17665797472000122	1.4157426357269287	0.7317844033241272	0.46901175379753113	0.41425132751464844	0.29701533913612366	0.32869645953178406	0.40456950664520264	0.9103776216506958	0.143392875790596	0.7863450646400452	0.28401175141334534	1.1396907567977905	0.45155659317970276	0.5780949592590332	0.36160215735435486	1.4668142795562744	0.6524736881256104	0.28596851229667664	0.6347126960754395	0.2575702369213104	0.5594640374183655	0.3862350881099701	1.2616887092590332	0.43137723207473755	0.1529301106929779	0.4421532452106476	0.7887087464332581	0.4393051862716675	0.22491247951984406	0.5436280965805054	0.40844470262527466	0.4818429946899414	0.33004841208457947	0.5115469694137573	0.34803617000579834	0.4726449251174927	1.1400011777877808	0.9752835035324097	0.23786522448062897	0.48784953355789185	0.6970158219337463	0.16136983036994934	0.5253089070320129	0.9679888486862183	0.4476086497306824	0.46469318866729736	0.4565180838108063	0.032238926738500595	0.4115789532661438	0.4138208031654358	0.35197821259498596	0.1775028109550476	0.26419079303741455	0.14452838897705078	1.0803314447402954	0.2996656894683838	0.6907473802566528	0.49173420667648315	0.3661169111728668	0.597328245639801	0.3892415761947632	0.5007400512695312	0.3519551455974579	0.3603231906890869	0.724419355392456	0.8431528806686401	0.6222742199897766	0.3542684316635132	0.566493034362793	0.3946375846862793	0.20564177632331848	0.3817320168018341	0.29404106736183167	0.3542022705078125	0.3843096196651459	0.19703878462314606	0.705833911895752	0.5498290657997131	0.2667432427406311	0.2943846881389618	0.4388192892074585	0.5712005496025085	0.9330263137817383	0.2314852923154831	0.6581001877784729	0.3338658809661865	0.6272028088569641	0.5236238837242126	0.4061664044857025	0.5016060471534729	0.14112120866775513	0.5068612098693848	0.852836012840271	1.052302598953247	0.5659266114234924	0.35342544317245483	0.8071232438087463	0.4929054081439972	0.5454859733581543	0.47465699911117554	0.2808988392353058	0.24467910826206207	0.9736654758453369	0.7015579342842102	0.3875652849674225	0.3835509419441223	1.079296350479126	0.025000717490911484	0.9288015961647034	0.40428051352500916	0.636194109916687	0.4018509089946747	1.2741520404815674	0.4558417499065399	0.5769093632698059	0.4412621557712555	0.1522732526063919	1.0681922435760498	0.4132244884967804	0.22542697191238403	0.38598379492759705	0.6509212255477905	0.606074333190918	1.3999316692352295	0.5493183135986328	1.418494462966919	0.1623619943857193	0.6975927948951721	0.14806373417377472	0.8007293939590454	0.5543898344039917	0.5548154711723328	0.2421756088733673	0.44839954376220703	0.18332882225513458	0.5509626269340515	0.4725615382194519	0.5249903798103333	0.5110586285591125	0.4892631769180298	0.6502769589424133	1.179470181465149	0.1680152863264084	0.36843588948249817	0.15794219076633453	0.6160024404525757	0.12994340062141418	0.3545660376548767	0.0991581380367279	0.4400932788848877	0.18141832947731018	0.36217162013053894	0.5200619697570801	0.21019241213798523	1.010323405265808	0.3785182237625122	1.4399182796478271	0.5094259977340698	0.5527108907699585	0.67445969581604	0.4766112267971039	0.19245688617229462	0.5644696950912476	0.0849747359752655	1.0695749521255493	1.240282416343689	1.1514348983764648	0.530597984790802	0.49309998750686646	0.41770297288894653	0.4464206397533417	0.7169406414031982	0.9056867957115173	0.04703638330101967	0.4035452604293823	0.8809432983398438	0.27191418409347534	0.8189415335655212	0.5877277851104736	0.3675238788127899	0.254702627658844	0.5247336030006409	0.4983278214931488	0.5133711099624634	0.3681603670120239	0.20163355767726898	0.45567870140075684	0.4368421137332916	0.22591564059257507	0.45474720001220703	0.46810299158096313	0.34758689999580383	1.2242203950881958	0.8088570237159729	0.2669017016887665	0.43086928129196167	0.2681088447570801	0.43605589866638184	0.9999427199363708	0.9157671332359314	0.6951016783714294	0.4067392945289612	0.3329504728317261	0.7524548172950745	0.5358873605728149	1.1097551584243774	1.0098214149475098	0.33608901500701904	0.4738785922527313	0.1412421315908432	0.6066333055496216	0.8310848474502563	0.5512783527374268	1.0851801633834839	0.2732473611831665	0.17026042938232422	0.05802199989557266	0.2923695147037506	0.621035635471344	0.6224800944328308	0.5946258902549744	0.10667453706264496	0.4562540352344513	1.6912522315979004	0.5565483570098877	0.4510825276374817	0.56184983253479	0.8833592534065247	0.56675124168396	0.554524302482605	0.46740421652793884	0.6457306146621704	0.33083993196487427	0.22932939231395721	0.6648367643356323	1.1159392595291138	0.6429428458213806	1.1081026792526245	0.557641863822937	0.13168764114379883	0.481501042842865	0.34549009799957275	1.120223045349121	0.6350411772727966	0.4189142882823944	0.2384837418794632	0.1733672171831131	0.2860040068626404	0.41727662086486816	0.9768849611282349	0.5032762885093689	0.31029003858566284	0.2522513270378113	0.5070702433586121	0.48006775975227356	0.8068519830703735	0.6315814852714539	0.7990745306015015	0.6923019886016846	0.2505424916744232	0.8198937773704529	1.1668354272842407	1.2896205186843872	0.4249575138092041	0.6371819972991943	0.6768094897270203	0.8095073103904724	0.3335306644439697	0.7139582633972168	0.31839317083358765	0.07612829655408859	0.36991575360298157	0.4167633652687073	0.6233090162277222	1.0805211067199707	0.5711686015129089	0.5164161920547485	0.6893971562385559	1.1099013090133667	0.13297179341316223	0.37697118520736694	0.029997415840625763	0.07855939865112305	0.6057234406471252	0.23537592589855194	1.1164546012878418	0.42759275436401367	0.20051990449428558	0.516282320022583	0.5791075229644775	0.36690279841423035	0.253307580947876	0.13818567991256714	0.2985380291938782	0.5603233575820923	0.4145733118057251	0.33119791746139526	0.7223009467124939	0.5160951018333435	0.3534075617790222	0.2283644825220108	0.3066665828227997	1.1648762226104736	0.3537396192550659	1.0758521556854248	0.18803377449512482	0.1570708155632019	0.6280459761619568	0.6018618941307068	0.07460352778434753	0.38116705417633057	0.49547654390335083	0.3524094820022583	0.3254178762435913	0.3146992325782776	0.36920782923698425	0.8211190700531006	0.1066541075706482	0.2745116949081421	0.44577622413635254	0.7012596726417542	0.33101534843444824	0.4618712365627289	0.12035384029150009	0.7005860805511475	0.5288853645324707	0.27045688033103943	0.9129323959350586	0.32436758279800415	0.12392260879278183	1.0138481855392456	0.429306298494339	0.13989131152629852	0.45299163460731506	1.092264175415039	0.4518452286720276	0.14571209251880646	1.1209806203842163	0.5408178567886353	1.089677095413208	0.24531219899654388	1.0089075565338135	0.24816618859767914	0.5538967847824097	0.8543482422828674	0.5681082010269165	0.43457457423210144	0.3700755536556244	0.15925323963165283	0.5708072185516357	0.7915459275245667	0.47451889514923096	0.599725604057312	0.13091319799423218	0.7541197538375854	0.18466223776340485	0.48089057207107544	0.6522127389907837	0.27460286021232605	0.13185060024261475	0.22270265221595764	0.9186986684799194	1.5523501634597778	0.3884797692298889	0.34778380393981934	0.8724901676177979	0.948266327381134	1.0765620470046997	0.3990675210952759	0.07220548391342163	0.05362804979085922	0.4654463529586792	0.44266965985298157	0.3500364124774933	0.5150947570800781	0.44365039467811584	0.4960130453109741	0.8131957650184631	0.8388456702232361	0.4007517993450165	0.596403181552887	0.4650166630744934	0.23606601357460022	0.15122000873088837	1.0590927600860596	0.564350426197052	0.4552519917488098	0.2996426522731781	0.7613266110420227	0.22013108432292938	0.5224868655204773	0.5718903541564941	0.4131895899772644	0.6254438161849976	0.8428081274032593	0.3506365716457367	0.35130468010902405	0.3580837547779083	0.5785263776779175	0.38251757621765137	0.4441760778427124	0.8042243719100952	0.5621747374534607	0.29549723863601685	0.4148055911064148	0.23615573346614838	0.3234142065048218	0.40699848532676697	0.44227078557014465	0.05878230929374695	0.555888831615448	0.14267981052398682	0.7403953075408936	0.4381476938724518	0.20459173619747162	0.7613237500190735	0.5126596689224243	0.9206235408782959	0.22731469571590424	0.5759413838386536	0.9159348011016846	0.7470616102218628	0.5716031789779663	0.9919097423553467	0.40973666310310364	0.5658110976219177	0.3170821964740753	0.6524863839149475	0.3193926513195038	0.19876427948474884	0.26507675647735596	0.3525029420852661	0.8035954236984253	0.5251551866531372	1.31099271774292	0.42875370383262634	0.5781973004341125	0.5082013607025146	0.6579675674438477	0.8976863026618958	0.6289377808570862	0.41516879200935364	0.6426034569740295	0.25576549768447876	0.3671603798866272	0.06602946668863297	0.4317384660243988	0.26455745100975037	0.9440850019454956	0.37786436080932617	0.4935759902000427	0.4315347671508789	0.8757579326629639	0.3028573989868164	0.3272610604763031	1.6250386238098145	0.587666392326355	0.4762675166130066	0.5822362303733826	0.31937190890312195	0.29769420623779297	0.5578461289405823	0.2508147954940796	0.33908140659332275	1.1192337274551392	0.6598304510116577	0.6449410319328308	1.0360760688781738	1.1157732009887695	0.2546016573905945	0.3785519301891327	0.5914997458457947	0.44239071011543274	0.29534491896629333	0.41292381286621094	0.171597421169281	0.8755735754966736	0.46877846121788025	1.0483288764953613	0.34524407982826233	0.47320446372032166	0.135925754904747	0.2340029627084732	0.5247446298599243	0.9265280961990356	0.3058810234069824	0.3422442376613617	0.8897942900657654	0.27068251371383667	0.30688491463661194	0.4344809651374817	0.39128631353378296	0.34203270077705383	0.7799729108810425	0.3611312508583069	0.7563228011131287	1.4055062532424927	0.14126046001911163	0.21703563630580902	0.19088566303253174	1.0947580337524414	0.21583065390586853	1.1097428798675537	0.7236449122428894	0.9310147762298584	0.362772673368454	0.5514845252037048	0.5121513605117798	0.22012872993946075	0.16188745200634003	0.39161235094070435	0.46396908164024353	0.5466894507408142	0.45681074261665344	0.2871195077896118	0.8218621611595154	0.3557051420211792	0.6266019940376282	0.583999514579773	0.5434308052062988	0.38346734642982483	0.8289334774017334	0.3674851953983307	0.16021302342414856	0.4251837134361267	0.3473401963710785	0.3297120928764343	0.21137738227844238	0.8729438781738281	0.37380728125572205	0.7701126337051392	0.27887314558029175	0.11884772777557373	0.17823314666748047	0.718184769153595	0.1967809498310089	0.6995779275894165	0.394628643989563	0.4550732970237732	0.5489351749420166	0.3823451101779938	0.42084550857543945	1.0000200271606445	0.490270733833313	0.5258598327636719	1.2615325450897217	1.341307520866394	0.7263072729110718	0.6155242323875427	0.5462946891784668	0.4082730710506439	1.1004239320755005	0.6331835389137268	0.3844834566116333	0.3254733085632324	1.2571046352386475	0.33630701899528503	0.5836254954338074	0.12846383452415466	1.4002490043640137	0.6578445434570312	0.6703516244888306	0.7315603494644165	0.7828757762908936	0.814551055431366	0.10332118719816208	0.30334311723709106	0.8022879958152771	0.9077193140983582	1.0867106914520264	0.4095536172389984	0.648987889289856	0.44498491287231445	0.3292069733142853	0.6202526688575745	0.14501351118087769	0.6280139684677124	0.6923243403434753	1.0700798034667969	0.4794745445251465	0.711142897605896	0.5754082798957825	0.9046508073806763	0.31975990533828735	0.5207064151763916	1.1120535135269165	0.0979253500699997	0.6289852261543274	0.6288238167762756	0.46745115518569946	0.2645915448665619	0.29335302114486694	0.34689125418663025	0.21982401609420776	0.05500444769859314	0.443412184715271	0.6458285450935364	1.4479451179504395	0.30589061975479126	0.23813770711421967	0.49674057960510254	0.2579367458820343	1.3155322074890137	0.20233935117721558	0.9680613279342651	0.5742349028587341	0.23964670300483704	0.6738143563270569	0.7920520305633545	0.030857479199767113	1.6615562438964844	0.30669355392456055	0.30538472533226013	0.4799425005912781	0.5061262249946594	0.22277924418449402	0.5101093053817749	0.16241592168807983	0.20980922877788544	0.40433627367019653	1.149365782737732	0.25093626976013184	0.31710249185562134	0.5244916677474976	1.2300374507904053	0.15835098922252655	0.29088693857192993	0.14407430589199066	0.9121916890144348	0.8524525165557861	1.0191657543182373	0.7439408898353577	0.6156653761863708	0.22883619368076324	0.75096195936203	0.6794118881225586	0.5997916460037231	0.5388606190681458	0.24180267751216888	0.3632780909538269	1.0828485488891602	0.7432597875595093	0.3646591603755951	0.5681862235069275	0.6686742901802063	0.1307157725095749	0.6695417761802673	0.2899704873561859	0.29143089056015015	0.15455444157123566	0.3377140760421753	0.5226977467536926	0.4621591567993164	0.6207174062728882	0.5628450512886047	0.22224174439907074	1.2259842157363892	0.8013314008712769	0.3506043255329132	0.5362550020217896	0.6377597451210022	0.6740003824234009	0.5590096712112427	0.7192780375480652	0.6516826152801514	0.5904725193977356	0.9165541529655457	0.6249909400939941	1.27144455909729	1.5473231077194214	0.37153178453445435	0.21557825803756714	0.8039698600769043	0.2412034571170807	0.5559175610542297	0.3186545968055725	0.7354196310043335	0.18871238827705383	1.3579435348510742	0.4050791263580322	0.62109375	0.8578780293464661	0.9291243553161621	0.5078413486480713	0.38896557688713074	0.37031885981559753	0.27507421374320984	0.7602373957633972	0.2323427051305771	0.8122810125350952	0.4902254641056061	0.16892513632774353	0.08722800016403198	0.6217986345291138	0.08140689134597778	0.4830077290534973	0.22280040383338928	0.7758917808532715	0.1791100651025772	0.23813201487064362	0.46065554022789	0.7849892973899841	0.2374255359172821	0.22548091411590576	0.41952985525131226	0.21969810128211975	0.6698064208030701	0.4478430151939392	0.7054711580276489	0.9445943832397461	0.3432920277118683	0.3063752055168152	1.1120704412460327	0.47721001505851746	0.6942911744117737	0.15510790050029755	0.3394385278224945	0.5464116930961609	0.49503380060195923	1.2620398998260498	0.6983008980751038	0.4791800379753113	0.6335439682006836	0.802571177482605	0.599860668182373	0.11741576343774796	0.8083221316337585	0.898443341255188	0.6377409100532532	0.607360303401947	0.1871386468410492	0.24953241646289825	0.4138202369213104	0.3045026957988739	0.2358388602733612	0.1498764008283615	0.13562609255313873	0.47069668769836426	0.1811571717262268	0.3066484034061432	0.3136734366416931	0.6596503257751465	0.6542553901672363	0.4261717200279236	0.700119137763977	1.0233575105667114	0.690353512763977	0.2952594459056854	0.5943910479545593	0.3841888904571533	0.6527507305145264	1.275393009185791	0.576937198638916	0.49805280566215515	0.49527713656425476	0.20076608657836914	0.5879946351051331	0.31628620624542236	0.45165911316871643	0.48896896839141846	0.3293236494064331	0.18809856474399567	0.680640697479248	0.5517237782478333	0.9417773485183716	0.307943195104599	0.4327825903892517	0.3507792353630066	0.4865110218524933	0.8583915829658508	0.6308466792106628	0.47597384452819824	1.2812628746032715	0.520381510257721	0.6590033173561096	1.03214693069458	0.2261880785226822	0.3197651505470276	0.659232497215271	0.5842345952987671	0.5090211629867554	0.7955318689346313	0.7028183341026306	0.45092082023620605	0.3899950087070465	0.5219767689704895	0.0007596099749207497	0.6585675477981567	0.7060505747795105	0.7648280262947083	0.11068989336490631	0.5380223989486694	0.7206488847732544	0.5748226642608643	0.4177405536174774	0.47140172123908997	1.0985256433486938	0.8509229421615601	0.718969464302063	0.27751314640045166	0.29481935501098633	0.3079245686531067	1.034044861793518	0.5853633284568787	0.4440399706363678	0.32590028643608093	0.3694005310535431	0.9459481239318848	0.4084816873073578	0.4438263177871704	0.7919397950172424	1.0549166202545166	0.5611377358436584	0.5279901623725891	0.6259281039237976	0.4039459824562073	0.29502254724502563	0.866860032081604	0.3016950190067291	0.4898281693458557	0.5861548781394958	0.6673875451087952	0.5597778558731079	0.2528786063194275	0.30735957622528076	1.009898066520691	0.2775953412055969	0.5008155703544617	0.3705603778362274	0.2126098871231079	0.5191138386726379	0.5173814296722412	0.5771557092666626	0.4127523899078369	1.0432878732681274	0.14002394676208496	0.6577962636947632	0.4911150336265564	0.8404350280761719	1.2139556407928467	1.327160120010376	0.30817294120788574	0.17829380929470062	0.4202467203140259	0.3311450183391571	1.1818673610687256	0.4976367652416229	0.5016102194786072	0.6112133860588074	0.5328406691551208	0.4979453384876251	0.04965393990278244	0.3934498131275177	0.3699816167354584	0.11860480904579163	0.43768176436424255	0.19317258894443512	0.7262945175170898	0.48677995800971985	0.2780434489250183	0.329144686460495	0.39348313212394714	0.5648861527442932	1.2498507499694824	0.5085015296936035	0.5145451426506042	1.0933592319488525	0.7396487593650818	0.2636617422103882	0.6455066204071045	0.1997343748807907	0.5480273365974426	0.6498936414718628	0.8590860366821289	0.3900744616985321	0.6228777170181274	0.7961806058883667	0.46782657504081726	0.6359559893608093	0.22832658886909485	0.06021612510085106	0.45998871326446533	0.6112722754478455	0.2802812159061432	0.239632248878479	0.21429692208766937	1.3190240859985352	0.39566582441329956	0.4306415021419525	1.1383099555969238	0.20832528173923492	0.9178107976913452	0.5428602695465088	0.4399898052215576	0.5334331393241882	0.7943196892738342	0.6252612471580505	0.26252511143684387	0.48616060614585876	0.865264356136322	0.7376672625541687	0.21558710932731628	0.23930135369300842	0.36437201499938965	0.22539566457271576	0.24538840353488922	0.41033831238746643	0.43263816833496094	0.49513810873031616	0.41573163866996765	1.5195058584213257	1.0804884433746338	0.8326864242553711	0.8215751051902771	0.3930971920490265	0.22535578906536102	0.44818979501724243	0.49058255553245544	0.3288244605064392	0.4893779456615448	0.5195779800415039	0.8923233151435852	1.2246227264404297	0.4678380787372589	0.37872904539108276	0.9538702964782715	0.635040819644928
0.6589681506156921	0.645423173904419	0.817646324634552	1.0208110809326172	0.0	0.14697733521461487	0.17468544840812683	0.7001320123672485	0.8896664381027222	0.27167636156082153	0.7076048851013184	0.8482900857925415	1.3556792736053467	0.31345534324645996	0.08696737885475159	0.3578410744667053	0.9608289003372192	0.01750834658741951	1.0710675716400146	0.3764612376689911	0.3805125057697296	0.32200759649276733	0.19446231424808502	0.2350611686706543	0.27990439534187317	0.08845338225364685	0.7517459988594055	1.1265766620635986	0.3251449167728424	0.5444725751876831	0.9827649593353271	0.36462458968162537	0.20963619649410248	0.36408719420433044	0.3096262812614441	0.18456995487213135	0.5897679924964905	0.11667419970035553	0.33264994621276855	0.2697210907936096	0.4431220591068268	0.23211772739887238	0.36140450835227966	0.44673287868499756	0.29457876086235046	0.6674628853797913	0.3038017749786377	1.0474317073822021	0.6580435037612915	1.2175445556640625	0.36638033390045166	0.6594869494438171	0.5209859609603882	0.9280596971511841	0.35363128781318665	0.4036693871021271	0.9952975511550903	0.7910941243171692	0.2798149287700653	0.41874659061431885	0.3354911804199219	0.6294556856155396	1.1801414489746094	0.5028692483901978	0.5524129867553711	0.4361855089664459	0.9900652766227722	0.7598395943641663	0.2653527557849884	0.6634619832038879	0.33320462703704834	0.2601892352104187	1.128073811531067	1.553971529006958	0.35187894105911255	0.3834511339664459	1.0887935161590576	0.29716238379478455	1.5204222202301025	1.5175166130065918	0.8703944683074951	0.3140202760696411	0.6168400049209595	0.33214622735977173	1.1486916542053223	0.5417985916137695	0.6479270458221436	1.0027209520339966	0.5834759473800659	0.2593759596347809	0.30802083015441895	0.5748159289360046	0.20292547345161438	0.723961353302002	0.33704864978790283	0.7733640074729919	0.14643964171409607	0.5654387474060059	0.2055412232875824	0.33862295746803284	0.5992838144302368	0.9503254890441895	0.6810423135757446	1.0390934944152832	0.6614288687705994	0.7982721328735352	0.14985738694667816	1.0806951522827148	0.3281770646572113	0.3855072855949402	0.5249178409576416	1.0395628213882446	1.183403491973877	0.586957573890686	0.9255785942077637	0.7326263785362244	0.31747421622276306	0.19162772595882416	1.565396785736084	0.39862650632858276	0.9486479163169861	0.28194960951805115	1.1624059677124023	0.9941928386688232	1.3096258640289307	0.4996111989021301	0.18704044818878174	0.3196220397949219	0.6199605464935303	0.2936769723892212	0.4710095524787903	0.7203356623649597	0.39121609926223755	0.41125184297561646	0.27521800994873047	0.6302177906036377	0.23601800203323364	0.754528284072876	0.8372776508331299	0.38394445180892944	0.24843546748161316	0.2865338623523712	0.07179218530654907	0.5209224224090576	1.076289415359497	0.46961158514022827	0.8527952432632446	0.033474281430244446	0.18385913968086243	0.7685806155204773	0.7362248301506042	0.2533990442752838	0.5731502175331116	0.6539943218231201	0.39337506890296936	0.5612536668777466	0.335919588804245	0.2286575883626938	0.2061115950345993	0.4451720118522644	0.8087711334228516	0.7008787989616394	0.49346137046813965	0.4926309883594513	0.22384439408779144	0.9734081625938416	0.9719826579093933	0.49999210238456726	0.7780902981758118	0.5346692800521851	0.41503000259399414	0.3644684851169586	0.5336070656776428	0.6571118235588074	0.5121586918830872	0.2844812870025635	0.3709966838359833	0.7598371505737305	0.7154601216316223	0.2959599494934082	0.566067099571228	0.31493112444877625	0.7067802548408508	0.9010671377182007	0.603193461894989	0.5605635643005371	0.6357486844062805	0.3058118522167206	0.6635562777519226	0.42407214641571045	0.5263504981994629	0.165429949760437	0.6907239556312561	0.48373305797576904	0.42551133036613464	1.1248493194580078	0.23575934767723083	0.3077102303504944	0.07912057638168335	0.5548194646835327	0.7165701389312744	0.3468708097934723	0.26566317677497864	0.3988525867462158	0.8228788375854492	0.46170011162757874	0.4816800653934479	0.9067174792289734	0.35469943284988403	0.30865293741226196	0.07686002552509308	0.29870885610580444	0.4306155741214752	0.6174960732460022	0.7050145864486694	0.4718557298183441	0.5728768110275269	0.7350972294807434	0.7834158539772034	0.4905446171760559	0.26048049330711365	0.2413151115179062	0.7747306227684021	0.11568035185337067	0.21390396356582642	0.5236011147499084	0.5055660605430603	0.3785223662853241	0.2215297818183899	1.1326920986175537	0.12671053409576416	0.6241289377212524	0.32321232557296753	0.6830225586891174	0.7490882873535156	0.9937531352043152	0.24057702720165253	0.2005448043346405	0.521743655204773	0.34280717372894287	0.5872822999954224	0.3895878493785858	0.22598110139369965	0.3377089202404022	0.22751125693321228	0.9304618239402771	0.7883031368255615	0.5864735245704651	0.18794769048690796	0.7470642328262329	0.7647783160209656	0.11879324913024902	0.7774763107299805	0.03531769663095474	0.15026986598968506	0.6644259095191956	1.0150721073150635	0.9188137650489807	0.4523727297782898	0.4269183576107025	1.1413160562515259	1.010400652885437	0.501470148563385	0.8182956576347351	0.02307506650686264	0.3555755615234375	1.1416044235229492	0.187980517745018	0.38711100816726685	0.30675435066223145	0.6806073188781738	1.2040748596191406	0.07298184931278229	0.5430716276168823	1.0681085586547852	0.48548948764801025	0.8085819482803345	1.2429118156433105	0.46619805693626404	0.22138166427612305	0.5064162611961365	0.9774253964424133	0.6327154040336609	0.17426487803459167	0.6477417945861816	1.1217808723449707	0.22191289067268372	0.3184128701686859	1.2190194129943848	0.7072223424911499	0.706114649772644	0.4762965738773346	0.38875076174736023	0.6343808174133301	0.41720515489578247	0.5662406086921692	1.2325929403305054	0.23761920630931854	0.40022557973861694	0.3917066752910614	0.06823337078094482	0.33845362067222595	0.22117909789085388	1.1012321710586548	1.132898211479187	0.2091560810804367	0.7615832090377808	0.09483687579631805	0.3352130651473999	0.590522050857544	0.2882525324821472	0.2414519339799881	0.8864005208015442	0.8920115232467651	1.044015884399414	0.3286571502685547	0.2111549824476242	0.1932661384344101	0.5832586884498596	0.04273504391312599	0.5923967957496643	0.38369351625442505	0.2937748432159424	0.4140534996986389	0.6308665871620178	0.4776739776134491	0.4780768156051636	1.433661937713623	1.318213939666748	0.42567938566207886	0.5931337475776672	0.3803611397743225	0.26735740900039673	0.29552677273750305	0.36291173100471497	1.1017224788665771	0.365876704454422	0.24246899783611298	0.8084795475006104	0.061806097626686096	0.13957089185714722	0.7447910308837891	0.5130184888839722	0.602009117603302	0.5010080337524414	0.26715174317359924	0.7181991338729858	0.32104235887527466	0.4746616780757904	0.32677170634269714	0.6785245537757874	1.1292935609817505	0.30269020795822144	0.9485536217689514	0.6510253548622131	0.28133198618888855	0.46991488337516785	0.5289317965507507	0.32661083340644836	0.9372918009757996	0.24737022817134857	0.8778185248374939	0.3182072043418884	0.3878630995750427	0.7255270481109619	0.4208030700683594	0.8809338212013245	0.7759085297584534	0.4105703830718994	0.26179683208465576	0.27975571155548096	0.21608185768127441	0.7164887189865112	0.9910133481025696	0.5580168962478638	0.39316990971565247	0.2057270109653473	0.3665372133255005	0.1160757839679718	0.8747485876083374	0.3286616802215576	0.3914855718612671	0.8839506506919861	0.1951136589050293	0.6263099908828735	0.27169069647789	0.8198252320289612	0.856667160987854	0.15262550115585327	0.15447098016738892	0.5910187363624573	0.5754703879356384	0.2509855031967163	0.0960400253534317	0.8298766016960144	0.5576943755149841	0.49647432565689087	0.43901535868644714	1.6276966333389282	0.839573860168457	0.6472276449203491	0.5799276828765869	0.4388871490955353	0.6139490604400635	0.520433783531189	0.7278141379356384	1.0522938966751099	0.13815879821777344	0.34639835357666016	0.22696532309055328	0.5904719233512878	0.07310591638088226	0.9404951333999634	0.1742529422044754	0.4790581166744232	1.1717605590820312	0.7902201414108276	1.2968809604644775	0.6811113953590393	0.5665084719657898	0.4207327663898468	0.6853750944137573	0.6390986442565918	0.2650964856147766	0.6811401844024658	0.46347856521606445	0.7722342610359192	0.5467674136161804	0.8522204160690308	1.0211284160614014	0.7590417861938477	1.0044333934783936	0.5718767046928406	0.4647407531738281	0.3316873610019684	0.33886101841926575	0.7484068274497986	0.18687045574188232	0.5945033431053162	0.6646799445152283	0.8320867419242859	1.0231696367263794	1.5873634815216064	0.8172910809516907	0.1847827285528183	0.2875956594944	0.051391296088695526	1.129460096359253	0.2947998642921448	0.4518854022026062	0.711153507232666	0.2781108021736145	0.1848144233226776	0.568810224533081	0.0742570087313652	0.3119651973247528	0.0968255028128624	0.5282179117202759	0.05204029381275177	0.9277629852294922	0.42075371742248535	0.4525436758995056	0.30211400985717773	1.0850082635879517	0.6626899242401123	0.124444380402565	0.9663637280464172	0.5427975654602051	0.11254869401454926	0.2653803527355194	0.4841914772987366	0.3292083740234375	0.5512740612030029	0.8256928324699402	0.14899295568466187	0.34295541048049927	1.262171745300293	1.1613869667053223	0.48937514424324036	0.3733965754508972	0.6135919094085693	0.26116299629211426	1.082603931427002	1.0763564109802246	0.2839687466621399	1.0729420185089111	0.3783862888813019	1.3485047817230225	0.5178511738777161	0.5019625425338745	0.29208964109420776	0.24164919555187225	1.306010127067566	0.5138921737670898	0.7227341532707214	0.5028531551361084	0.45604294538497925	0.4732559323310852	0.3664185404777527	0.4813846945762634	0.21738967299461365	0.4015488624572754	0.08833158016204834	0.530182421207428	0.46485504508018494	0.2273474931716919	0.6631255745887756	0.042294349521398544	0.5073830485343933	0.322382390499115	0.2802187204360962	0.9228218793869019	0.28620070219039917	0.5666868686676025	0.27311715483665466	0.13385972380638123	0.32141783833503723	0.849800705909729	0.537972092628479	0.6241058707237244	0.3453714847564697	1.2440743446350098	0.7358347773551941	0.35779568552970886	0.31880784034729004	0.2770501673221588	0.514518141746521	0.8548382520675659	0.12276491522789001	0.420326828956604	0.7694951295852661	0.2713051438331604	0.8835437297821045	1.032170295715332	0.34714245796203613	0.3241713345050812	0.7219001054763794	0.8231716156005859	0.4211936295032501	0.2711922526359558	0.3582378923892975	0.8529092073440552	0.45519790053367615	0.4545975923538208	0.4198814034461975	0.5883816480636597	0.8673596382141113	0.24173489212989807	0.02244098111987114	0.062029387801885605	0.8764492273330688	0.44801071286201477	0.38916340470314026	0.2714226543903351	0.667153000831604	0.2537654936313629	0.7645245790481567	0.9824547171592712	0.5442452430725098	0.2936026155948639	0.4412568211555481	0.49896156787872314	0.5457319021224976	0.30178573727607727	0.8634241223335266	0.340876966714859	0.7825477123260498	0.230717733502388	0.3924066424369812	0.39573898911476135	0.06911545991897583	1.6437145471572876	0.5588138103485107	0.45572853088378906	1.2685023546218872	0.3259931802749634	0.09283328801393509	0.3455468416213989	0.3200969099998474	0.5220198631286621	1.0232959985733032	0.811151385307312	0.7481207847595215	0.7493758797645569	0.2550867795944214	0.45798230171203613	0.2236422896385193	0.7635552883148193	0.052893951535224915	0.5406031012535095	0.6403642296791077	0.8155484199523926	0.5933358073234558	0.4816707968711853	0.4785316586494446	0.15725260972976685	0.7700756788253784	0.568681001663208	0.28506913781166077	0.45978015661239624	0.10591795295476913	0.978987991809845	0.2671469449996948	0.8508878946304321	0.9486488699913025	0.6834553480148315	0.3503013849258423	0.5535398125648499	0.866321325302124	0.8513275980949402	0.08302564173936844	0.5946735143661499	0.4992004930973053	0.10902012139558792	0.42231833934783936	0.22424402832984924	0.0818183571100235	0.38324981927871704	0.7920421957969666	0.24051928520202637	0.48666906356811523	0.6513397693634033	0.5922941565513611	1.030047059059143	0.20334450900554657	0.41607242822647095	1.121590495109558	1.0853571891784668	0.49071478843688965	0.6495549082756042	0.6407303810119629	0.16463232040405273	0.19098663330078125	1.538001298904419	0.18434935808181763	0.3333740830421448	1.253572702407837	0.6125906109809875	0.14521248638629913	0.3461483418941498	0.7240762710571289	0.2854587435722351	0.633516788482666	0.7141704559326172	1.0104002952575684	0.2988996207714081	0.32277122139930725	0.6185669898986816	0.686134397983551	1.6342520713806152	0.8665045499801636	0.5776522159576416	0.39541134238243103	0.1535375863313675	0.4874483048915863	0.238437220454216	0.4794258177280426	0.5146296620368958	0.4588848352432251	0.4817775785923004	0.5813915133476257	0.5140696167945862	0.5133465528488159	0.7480668425559998	0.4138150215148926	0.8231656551361084	0.4815948009490967	0.5887227058410645	0.03216454014182091	0.2913474440574646	0.650014340877533	0.4809816777706146	0.33224400877952576	0.5586462020874023	0.5705348253250122	0.2807297706604004	1.1607537269592285	0.1861632764339447	1.1706748008728027	0.14120347797870636	0.5068514347076416	0.5469588041305542	0.6616517305374146	0.44813865423202515	0.3362855911254883	0.4496951699256897	0.5484306812286377	0.6654385924339294	0.9947496056556702	0.3703466057777405	0.2189265638589859	0.7718468308448792	1.1519750356674194	0.5187668800354004	0.23816944658756256	0.17041628062725067	0.48773691058158875	0.3556946814060211	0.2724405825138092	0.8751946091651917	0.2891589105129242	0.65576171875	0.9027935862541199	0.2942911982536316	0.3513742685317993	0.2587094306945801	0.21870574355125427	0.9053778052330017	0.332950621843338	0.9972198605537415	0.13988904654979706	0.4854031801223755	0.929283082485199	0.7921266555786133	0.23162426054477692	0.40151602029800415	1.4218649864196777	0.9226086139678955	0.8706856966018677	0.9845027923583984	1.0944849252700806	0.7251036763191223	0.643043041229248	0.3359372019767761	0.6492124795913696	0.4036661982536316	0.40276437997817993	1.0423920154571533	0.7711510062217712	0.3514561951160431	0.5840770602226257	0.13890892267227173	0.5457264184951782	0.8126181960105896	1.0122249126434326	0.2575257122516632	0.39784133434295654	0.1170457974076271	0.4401954412460327	0.36087825894355774	0.504546046257019	0.9575865268707275	0.5021061897277832	0.302612841129303	0.4040423631668091	0.7069401144981384	0.5067729949951172	0.7412363290786743	0.7941803932189941	1.4299700260162354	0.7526525259017944	0.27767011523246765	0.49531814455986023	0.11032699793577194	0.43403011560440063	0.23612026870250702	0.7786747217178345	0.33122894167900085	0.4669642448425293	1.1012414693832397	0.3828989565372467	0.3016485273838043	0.1706986129283905	0.7871092557907104	0.17916734516620636	0.21186989545822144	0.6560987830162048	0.5289390087127686	0.4849093556404114	0.41494041681289673	0.44861453771591187	0.04784722253680229	0.780421257019043	0.29697713255882263	0.5995596647262573	1.094645380973816	0.9211702346801758	0.2638779580593109	0.12321348488330841	0.4335019886493683	0.606530487537384	0.4947921931743622	0.9259216785430908	0.5183292627334595	0.7074347734451294	0.7985227108001709	0.4330455958843231	0.37906351685523987	0.657128632068634	0.27966707944869995	0.39652782678604126	0.5863828659057617	0.7929182648658752	0.737538754940033	0.5829419493675232	0.2421267330646515	1.7356258630752563	0.5168332457542419	0.18029414117336273	0.015827538445591927	0.6522278785705566	0.44096988439559937	0.3496445119380951	0.911674439907074	0.5795501470565796	0.9787822961807251	1.0822678804397583	0.177343487739563	0.32284045219421387	0.2476247102022171	0.8010169863700867	0.6259832382202148	0.5290482640266418	0.6039944291114807	0.2740725874900818	0.5071855783462524	1.0646042823791504	0.24273133277893066	0.050006184726953506	0.19600877165794373	0.4106454849243164	0.6214267611503601	0.5848909020423889	1.330905556678772	0.7171604037284851	0.31204211711883545	1.3211270570755005	0.41281425952911377	0.07110831886529922	0.2475534826517105	0.38183435797691345	0.40801766514778137	0.7609066367149353	0.893407940864563	0.8097977042198181	0.3780181109905243	0.7311155200004578	0.40163156390190125	0.6240357160568237	0.6635786294937134	0.21518844366073608	0.3047482669353485	0.00638225395232439	0.2957315742969513	0.4150622487068176	0.7295758128166199	0.12453265488147736	0.2584979236125946	0.9804246425628662	0.9007115364074707	0.5952667593955994	0.2688490152359009	0.5511456727981567	0.6243287920951843	0.7366307377815247	0.29052501916885376	0.35986489057540894	1.1255756616592407	0.745745837688446	0.2299727201461792	0.3426932096481323	0.34820592403411865	0.0974225252866745	0.9428656101226807	0.9295946359634399	0.290309339761734	0.5758155584335327	0.4701242446899414	0.5143004655838013	0.5486459732055664	0.42458847165107727	0.6384342312812805	0.3331676423549652	0.8442329168319702	0.7206242680549622	0.2589682936668396	0.6443538069725037	0.5346807241439819	0.4881512522697449	0.2701207399368286	0.5297051668167114	0.45810142159461975	0.41306164860725403	0.8945826292037964	0.4285281300544739	0.8555247783660889	0.290574312210083	0.33356621861457825	0.4404565691947937	0.38424718379974365	0.39291173219680786	0.22485870122909546	0.20321084558963776	0.24912706017494202	0.6063613891601562	0.8166310787200928	0.463846892118454	0.744850218296051	0.3356826603412628	1.0735899209976196	0.9008750915527344	0.14697548747062683	1.4363055229187012	0.71952223777771	0.4564973711967468	0.6664535403251648	0.5321482419967651	0.6241849660873413	0.49847933650016785	0.20409785211086273	0.1996394395828247	0.1715834140777588	0.2549392879009247	0.7786610126495361	1.0629233121871948	0.4619275629520416	0.3522357642650604	0.10729458183050156	0.32683905959129333	0.5716148614883423	0.4714457392692566	0.2957889437675476	0.06202886998653412	0.2552106976509094	0.5954290628433228	0.13585928082466125	0.3993256390094757	0.9745467901229858	0.2972295582294464	0.7401896715164185	0.4311971664428711	0.3317365050315857	0.29995808005332947	0.5347866415977478	0.4756796956062317	0.7779552936553955	0.1544586420059204	0.8264877796173096	0.38244616985321045	0.4864497780799866	0.27690058946609497	0.3764227628707886	0.3661591112613678	0.2581472396850586	0.2038816213607788	0.7424221038818359	0.08226513862609863	0.8050707578659058	0.5876818895339966	0.6904338598251343	1.1463685035705566	1.0288281440734863	0.0	0.6470352411270142	0.26392778754234314	0.3641270697116852	0.636248767375946	0.3562013804912567	0.4345952868461609	0.1784479320049286	0.33941468596458435	0.5152254700660706	0.4035893380641937	0.7354065179824829	0.13804137706756592	0.5360782146453857	0.9375226497650146	0.4386797845363617	0.595728874206543	0.6450448036193848	0.11027199774980545	0.6840165853500366	0.4335266947746277	0.4879419803619385	1.1469192504882812	0.9145718216896057	0.5597586035728455	0.5171124339103699	0.9430634379386902	0.35596132278442383	0.6167970895767212	1.43900728225708	0.2798938453197479	0.8444124460220337	0.3266202509403229	0.3368254005908966	0.6229896545410156	0.9371992945671082	0.25482597947120667	0.2963055372238159	0.8144339323043823	0.7323857545852661	1.1746020317077637	1.0805999040603638	0.3000730872154236	0.32943159341812134	0.5194029808044434	0.15081259608268738	0.32228338718414307	0.5785887837409973	0.31093311309814453	0.3727051019668579	0.637249767780304	0.241431325674057	0.6028485298156738	0.24967077374458313	0.8581775426864624	0.29794636368751526	1.1074413061141968	0.5473169088363647	0.4288007616996765	0.06237416714429855	0.21581479907035828	0.6467133164405823	0.5074448585510254	0.4285115897655487	0.6847885251045227	0.0968891903758049	0.7574905157089233	0.6259973645210266	0.43413370847702026	0.9427539110183716	0.41029784083366394	0.3659212589263916	0.502238929271698	0.7790616154670715	0.6244039535522461	0.5207287073135376	0.5362291932106018	0.6432340145111084	0.07295243442058563	1.1201971769332886	0.627955436706543	0.8118953108787537	0.7018985748291016	0.6159735918045044	0.20209921896457672	0.22365021705627441	0.5034379363059998	0.17007431387901306	0.3583627939224243	0.36997395753860474	0.7178778052330017	0.8515979051589966	0.18135344982147217	1.16030752658844	0.49402958154678345	0.409454345703125	0.1030115932226181	0.8143364787101746	0.06716033816337585	0.10343655943870544	0.8487304449081421	0.21973830461502075	0.49392130970954895	1.1254124641418457	0.16681233048439026	0.5531826615333557	0.152017742395401	0.36419838666915894	0.28874051570892334	0.48523032665252686	0.4720715880393982	0.6551367044448853	0.5871058106422424	0.6272550821304321	0.0817524716258049	0.5346060395240784	0.1856645941734314	0.567889928817749	0.16503147780895233	0.11877118051052094	0.5841612815856934	0.24786852300167084	0.4010726809501648	0.21118226647377014	0.1937025785446167	0.7557535171508789	0.6512165665626526	0.24210070073604584	0.25038495659828186	1.2776986360549927	0.20200784504413605	0.49611058831214905	0.16282278299331665	0.2947159707546234	0.33883529901504517	1.3441318273544312	0.23851564526557922	0.6613771319389343	0.9474477767944336	0.7413440942764282	0.36036497354507446	0.5513105988502502	0.19987376034259796	0.11504481732845306	0.07405906915664673	1.2800153493881226	0.7102598547935486	0.7430526614189148	0.7380633354187012	0.43371129035949707	0.3949069380760193	1.6892530918121338	0.9210691452026367	0.37749868631362915	0.8419414758682251	0.5986384153366089	1.1570312976837158	0.027878476306796074	0.8300508260726929	0.9021729826927185	0.3492368459701538	0.6548534631729126	0.5108576416969299	1.0153884887695312	0.3561834394931793	1.1913042068481445	1.6872868537902832	0.6490141749382019	1.00861394405365	1.1217795610427856	0.3893413841724396	0.41042590141296387	0.7370150685310364	0.43939441442489624	0.7261213064193726	0.051352210342884064	0.5790970921516418	0.1308504343032837	0.807223916053772	0.8216989636421204	0.25229477882385254	0.4825926423072815	0.3649709224700928	0.47068387269973755	0.06827300786972046	0.9560611248016357	0.30118632316589355	0.5181437730789185	0.3392775058746338	0.25723007321357727	0.13489118218421936	0.15051236748695374	0.4337407946586609	0.3010288178920746	1.0115020275115967	0.8332682251930237	0.2453291118144989	0.47978225350379944	0.7223559021949768	0.5576094388961792	0.24573040008544922	0.5968222618103027	0.3584357500076294	0.22084665298461914	0.8311457633972168	0.6523472666740417	0.8723537921905518	0.4601193070411682	0.4439457058906555	0.9717587232589722	0.2390158474445343	0.6158771514892578	0.005819104611873627	0.48833611607551575	0.5209558606147766	0.6031540632247925	0.7098712921142578	0.09768107533454895	0.312214732170105	0.5430861115455627	0.050457973033189774	0.2183685004711151	0.7751109004020691	0.8430991768836975	0.19381633400917053	0.16453230381011963	1.126606822013855	0.9534174799919128	1.1701719760894775	0.7926138043403625	0.37169086933135986	0.07587160915136337	0.448271781206131	0.4957980215549469	0.7349945306777954	1.1283560991287231	0.5776252746582031	0.8754881620407104	0.9412931203842163	0.07973678410053253	0.792620062828064	0.2885098457336426	0.31021058559417725	0.1478096842765808	0.3017543852329254	0.5902511477470398	0.4264599084854126	0.4475438892841339	0.48251545429229736	0.5830955505371094	0.37509697675704956	0.19221341609954834	0.4673793613910675	0.13012488186359406	0.48705101013183594	0.8068461418151855	0.17367127537727356	0.5701764822006226	0.31409406661987305	0.5542941689491272	0.3974817097187042	1.0770316123962402	1.1539379358291626	0.20401546359062195	0.5159661173820496	0.6391434669494629	0.4701482355594635	0.6070603132247925	0.8094357848167419	0.18730701506137848	0.46451255679130554	0.6189191937446594	1.6347306966781616	0.732821524143219	0.6043140888214111	0.38465428352355957	0.9568392038345337	0.5894662141799927	0.273364394903183	0.02484525553882122	0.6391211748123169	0.39042678475379944	0.60808926820755	0.20973266661167145	0.35519349575042725	1.1266229152679443	0.9212688207626343	0.9117993712425232	0.5762238502502441	0.33598533272743225	0.3256749212741852	0.6645482182502747	0.14538423717021942	0.7448538541793823	0.16751062870025635	0.37858930230140686	1.2014614343643188	0.3814890682697296	0.8836847543716431	0.3084541857242584	0.27334195375442505	0.1660504937171936	0.7498430013656616	0.3010638654232025	0.7855941653251648	0.29826152324676514	0.7134992480278015	0.5053184628486633	0.5728153586387634	0.6409034729003906	0.4179333746433258	0.27538353204727173	0.29434284567832947	0.25984182953834534	0.23937411606311798	0.14573389291763306	0.3698297142982483	1.000271201133728	0.6409707069396973	0.6538281440734863	0.28504160046577454	0.8150704503059387	0.03438081592321396	0.9280821084976196	0.34096190333366394	0.47023439407348633	0.7586437463760376	0.4687892198562622	0.3716452121734619	0.24229195713996887	0.8537405133247375	0.552410900592804	0.8754984736442566	0.5840834379196167	0.1488862931728363	0.4647614657878876	0.6292229890823364	0.7940449714660645	0.5176622867584229	0.37769779562950134	0.7506740689277649	0.8395619988441467	0.8409560918807983	0.7918264269828796	0.26831120252609253	0.3236140012741089	1.1284140348434448	0.5039987564086914	0.28024953603744507	0.17309355735778809	0.635479211807251	0.4829595685005188	0.24157489836215973	0.5697036385536194	0.6039268374443054	0.3821568489074707	0.31288737058639526	0.0	0.9602235555648804	0.46989262104034424	0.44769391417503357	0.6139269471168518	1.0419186353683472	0.443828821182251	0.4242381751537323	0.24930573999881744	1.124637246131897	0.20830410718917847	0.5433623790740967	0.2686179280281067	0.9385324716567993	0.7424132823944092	0.6650246381759644	0.4536043107509613	0.9664084911346436	0.08485018461942673	0.3845287561416626	0.6629559993743896	0.11391324549913406	0.8000539541244507	0.08528116345405579	0.32463881373405457	0.17457623779773712	0.14426997303962708	0.46832579374313354	0.9690001010894775	0.11786361038684845	0.3605421483516693	0.14147260785102844	0.1343543380498886	0.09557704627513885	0.4936652183532715	0.6330528855323792	0.889672577381134	0.5122542977333069	0.030383113771677017	0.2567705810070038	0.6876354217529297	0.5917348265647888	0.7829610109329224	0.2378753125667572	0.11962627619504929	0.31969153881073	0.400499552488327	1.5014561414718628	0.5720304250717163	0.975305438041687	0.4296346604824066	0.574082612991333	0.27989596128463745	0.7614043951034546	0.6877222657203674	0.25126469135284424	0.3204870820045471	0.6267408728599548	0.0058718957006931305	0.5618211627006531	0.5747965574264526	0.512087345123291	0.6677361130714417	0.5697914361953735	0.9286529421806335	0.6440712809562683	0.47797879576683044	0.5345929265022278	0.880010724067688	1.3419842720031738	1.0457130670547485	0.22396306693553925	1.0518295764923096	0.4456043541431427	0.0023499764502048492	0.6298819184303284	0.22127971053123474	0.6972339153289795	0.707021951675415	0.216256782412529	0.6375380754470825	0.5368857383728027	1.1105320453643799	0.6530612707138062	0.3537597358226776	0.8714979290962219	0.1476801484823227	0.48859232664108276	0.5305020213127136	0.48334819078445435	1.1462745666503906	1.0590345859527588	0.3209943473339081	0.24817749857902527	0.8481507897377014	0.14699678122997284	0.615023136138916	0.7691702842712402	1.3495815992355347	0.4567203223705292	0.8496663570404053	0.4327574372291565	0.7393614649772644	0.15472252666950226	1.1587826013565063	1.0561524629592896	0.5250859260559082	0.40992674231529236	0.27613088488578796	0.5617973804473877	0.9827839136123657	0.06584881246089935	0.3751618564128876	0.45223429799079895	0.3738827109336853	0.4723460078239441	1.4084699153900146	0.18207234144210815	0.7030571103096008	0.38728660345077515	0.7356142997741699	1.364507794380188	0.2917395234107971	0.46310412883758545	0.40188494324684143	0.7748339176177979	0.1926373839378357	0.025159571319818497	0.1160266175866127	1.039379358291626	0.5251109600067139	0.8587804436683655	0.15211762487888336	1.4807665348052979	0.46626752614974976	0.5922881960868835	0.6539567708969116	0.45688384771347046	0.4253615438938141	0.4559274911880493	0.9765907526016235	0.35403966903686523	0.6741682887077332	0.6366928815841675	0.23097296059131622	0.453975647687912	0.06440702080726624	0.3986896276473999	0.027448581531643867	1.6921864748001099	0.6676742434501648	0.6070448756217957	0.33809784054756165	0.20457391440868378	0.5285876989364624	0.19905787706375122	0.8763333559036255	0.8918555378913879	0.33007365465164185	0.24385860562324524	0.24530743062496185	0.5950037240982056	0.658448338508606	0.29009905457496643	0.2839701175689697	0.6731892228126526	0.9747903347015381	0.43957051634788513	0.43189674615859985	0.8291673064231873	0.36875423789024353	0.36164602637290955	0.388023316860199	1.0067594051361084	1.1769644021987915	0.26757490634918213	0.2951134145259857	0.43645840883255005	1.6082082986831665	0.10370497405529022	0.5416484475135803	0.5063892602920532	0.02270127646625042	0.327066034078598	0.6114902496337891	0.3454725444316864	0.39210090041160583	0.8318579792976379	0.0988042876124382	0.5119258165359497	0.20494884252548218	0.7778980135917664	1.2173638343811035	0.8156559467315674	0.5495363473892212	0.18435347080230713	0.8323913216590881	0.4181744456291199	0.25111696124076843	0.711572527885437	1.1725279092788696	0.25562000274658203	0.4018053114414215	0.8753414154052734	0.18911176919937134	0.6784325838088989	1.1773645877838135	0.5357389450073242	0.2559393346309662	0.6136362552642822	0.30015793442726135	0.23698797821998596	0.5542300343513489	0.8311524391174316	0.41229331493377686	0.5907095074653625	0.5519624948501587	0.6270674467086792	0.5475366711616516	0.44895508885383606	0.0	0.8540780544281006	0.7317163944244385	0.41521263122558594	0.7306623458862305	0.3017922639846802	0.7290000319480896	0.22169391810894012	0.5390260219573975	0.17235545814037323	0.2585153877735138	0.18595871329307556	1.45219886302948	0.13382002711296082	1.2003586292266846	1.3705452680587769	0.7272086143493652	0.5299111008644104	0.0	0.23447352647781372	0.5756114721298218	0.9706345200538635	0.8155163526535034	0.387618750333786	1.1263048648834229	0.28187286853790283	0.7058672904968262	0.40450477600097656	0.4457390308380127	1.0464438199996948	0.9855141043663025	1.4730017185211182	1.092097282409668	0.33226829767227173	1.0191282033920288	0.3085118532180786	0.33634769916534424	0.6995071172714233	0.2819114327430725	0.5789650678634644	0.2530944049358368	0.2876741886138916	0.8249344825744629	0.2253534495830536	0.3508763015270233	0.4272415041923523	0.25803932547569275	1.2853751182556152	0.6689836978912354	0.22087594866752625	0.41289302706718445	0.5346193313598633	0.746830940246582	0.27011749148368835	0.5899609923362732	0.4829302728176117	0.2135763168334961	0.725726842880249	0.542804479598999	0.408416211605072	0.09799063950777054	0.4618471562862396	0.6186189651489258	0.7191107273101807	0.900954008102417	0.36790475249290466	0.500562310218811	0.1957080364227295	0.8063381314277649	0.30404022336006165	0.7990155816078186	1.5014111995697021	0.34714049100875854	0.011782029643654823	0.3424297273159027	0.5398540496826172	0.6423983573913574	0.13071280717849731	0.22974783182144165	1.1222509145736694	0.933096706867218	0.5401254892349243	1.1222795248031616	0.6076967120170593	0.7510100603103638	0.5985590815544128	1.5085481405258179	1.256661295890808	1.345657229423523	0.10862668603658676	0.17278598248958588	0.05075906589627266	0.4070315957069397	0.50118088722229	1.3486034870147705	0.5998790264129639	0.22919879853725433	0.2833120822906494	0.5342789888381958	0.8432217240333557	0.11986584961414337	0.36367180943489075	0.09619618952274323	0.4458635449409485	0.4022195339202881	0.4345633387565613	0.3419804871082306	1.2509807348251343	0.457180917263031	0.503372073173523	0.7808060050010681	0.23417773842811584	0.22941288352012634	0.2131223976612091	0.6888449788093567	0.15960079431533813	0.0956602394580841	0.17139817774295807	0.28664201498031616	0.4921548366546631	0.19572871923446655	0.9278742671012878	0.7000952959060669	0.2833772599697113	0.8400166034698486	0.20781174302101135	0.9906412959098816	0.4523128271102905	0.24909424781799316	1.3003534078598022	0.5292836427688599	0.654668390750885	0.5609419345855713	0.9894693493843079	0.20083679258823395	0.7433676719665527	0.6295759081840515	1.2988325357437134	0.031066834926605225	0.8073862791061401	0.3317766487598419	0.18989279866218567	0.20417895913124084	1.0488481521606445	0.3977504074573517	0.3938889503479004	0.4585302472114563	0.05915083736181259	0.38246050477027893	0.5271532535552979	0.5990658402442932	1.1389057636260986	1.1463369131088257	0.24166035652160645	0.3737075924873352	1.1482269763946533	0.26762011647224426	0.2029051035642624	0.4158914089202881	0.9077116250991821	0.3402096629142761	0.22188986837863922	0.4135122299194336	0.6764117479324341	0.4237511157989502	1.526803970336914	0.3092985451221466	0.0	0.8467123508453369	0.2314092516899109	0.7800213694572449	0.34698960185050964	0.3240507245063782	0.8391152024269104	0.19524167478084564	0.30451345443725586	0.5675873160362244	0.368548721075058	0.9640629291534424	0.9172232151031494	0.5241789221763611	0.33478108048439026	0.2912197709083557	0.3744874596595764	0.6407202482223511	0.07767677307128906	0.9165440797805786	0.26026612520217896	1.1565890312194824	0.8532125949859619	0.6370161771774292	0.6612343788146973	0.5245972871780396	0.30376559495925903	0.4855503439903259	0.14178180694580078	0.1957281082868576	0.9767236709594727	0.23222918808460236	0.4535474181175232	0.5522328615188599	0.24032089114189148	1.6985410451889038	0.4342826008796692	0.1962992250919342	0.4122285842895508	0.38804686069488525	0.23905254900455475	0.8490143418312073	0.1684771180152893	0.22965525090694427	0.8822276592254639	0.41530776023864746	0.32977497577667236	0.18096838891506195	0.3655884563922882	0.44144606590270996	0.23042207956314087	0.17296995222568512	0.5132158398628235	1.3165909051895142	0.07956262677907944	1.2548085451126099	0.6912969350814819	0.5302078723907471	0.5109136700630188	0.7255129218101501	0.8084416389465332	0.028811967000365257	0.4542277157306671	0.17378289997577667	0.22957372665405273	1.4852427244186401	0.5016106367111206	0.9348978400230408	0.7728396654129028	0.3235914707183838	0.2768010199069977	0.697662353515625	0.34584325551986694	0.8621298670768738	0.35622459650039673	0.3694773316383362	0.4106466770172119	0.5595957040786743	0.6950646638870239	1.1153819561004639	0.2724270522594452	0.12230763584375381	0.3589492738246918	0.2381192147731781	0.4614591896533966	0.40563082695007324	0.5882864594459534	0.4466289281845093	0.2974621057510376	0.2286781668663025	0.49424293637275696	0.631969153881073	0.30453765392303467	1.2759180068969727	0.30140042304992676	0.5313835740089417	0.648365318775177	1.264112114906311	0.16585160791873932	0.42632579803466797	0.6401393413543701	1.078263759613037	0.053349658846855164	0.7362691760063171	0.2904020845890045	0.9927307367324829	0.9110578298568726	0.0	0.23646534979343414	1.0987560749053955	1.180991291999817	0.49931368231773376	0.37601301074028015	0.47219085693359375	0.5145075917243958	0.44134098291397095	0.25555211305618286	0.9262288212776184	0.24255183339118958	0.09397625923156738	0.3836347460746765	0.3736821413040161	1.2857398986816406	1.0963081121444702	0.8719395399093628	0.8293169736862183	0.6932125091552734	0.2786073386669159	0.3059072196483612	0.32516565918922424	0.42401859164237976	0.49119704961776733	0.7554097175598145	1.0176595449447632	1.7314558029174805	0.41526293754577637	0.3156123161315918	0.0	1.5124757289886475	0.831902801990509	0.8605089783668518	0.5771174430847168	0.5757858753204346	0.5082635283470154	1.3430168628692627	0.17814621329307556	0.11117265373468399	1.1965560913085938	0.6139811277389526	0.7640777230262756	0.422484815120697	0.6853936910629272	1.1896480321884155	0.6074256300926208	0.630681574344635	0.9303235411643982	1.1823334693908691	0.7711939811706543	0.447308212518692	0.8704583048820496	0.26056334376335144	0.4244840145111084	1.359696626663208	1.0176525115966797	0.327544629573822	0.3920444846153259	0.7973464727401733	1.1942576169967651	0.2739211618900299	0.7161470055580139	0.4773713946342468	0.22581031918525696	0.11971557885408401	0.5459917783737183	0.11487824469804764	0.450133353471756	1.5304224491119385	0.07253725081682205	0.4672403335571289	0.29430240392684937	0.8312430381774902	0.24797239899635315	0.508250892162323	1.1618932485580444	0.7802680134773254	0.3037543296813965	0.18549975752830505	0.41120031476020813	0.3431463837623596	0.8247606754302979	0.2384847104549408	0.3946198523044586	0.35393026471138	0.19921408593654633	0.24248197674751282	0.3746815621852875	0.21024316549301147	0.23173174262046814	0.3886498212814331	0.6520297527313232	0.42049193382263184	0.25038182735443115	0.5783524513244629	0.562918484210968	0.6767855286598206	0.734380304813385	0.7690117359161377	0.787566065788269	0.5674264430999756	0.7124258279800415	0.7775479555130005	0.784834623336792	0.6361013054847717	0.7376561760902405	0.054331518709659576	0.05056435242295265	0.22118538618087769	0.769370436668396	0.39990177750587463	0.4272312521934509	1.2557260990142822	0.5116629600524902	0.2505768835544586	0.33468466997146606	0.7506141662597656	0.46776431798934937	0.4072446823120117	1.5003807544708252	1.0266225337982178	0.7741302251815796	0.4725099205970764	0.5415890216827393	0.6399308443069458	0.3353159725666046	1.1730254888534546	1.2138346433639526	0.7968224883079529	0.24135605990886688	0.43685853481292725	0.5816525816917419	0.4492042064666748	0.2964417338371277	0.41671913862228394	0.696824312210083	0.34303098917007446	0.3693827986717224	0.9221669435501099	0.7187355756759644	0.3204662501811981	0.6619573831558228	0.740722119808197	0.19373354315757751	0.13370133936405182	0.36742714047431946	0.5134866237640381	0.5109560489654541	0.09743200242519379	0.6086888313293457	0.2624085545539856	1.0244629383087158	0.5354150533676147	0.07388779520988464	0.7067016959190369	0.1782003790140152	0.5983719825744629	0.17928531765937805	0.6899082660675049	0.0893905907869339	0.6875991225242615	0.8008451461791992	0.4694669246673584	0.18003588914871216	0.5751475095748901	0.3966080844402313	0.3594338297843933	0.5450472831726074	0.0	0.5957323312759399	1.0488343238830566	0.0855950191617012	0.88565593957901	0.15278102457523346	0.34044596552848816	0.9620989561080933	0.1751520335674286	0.4486430883407593	0.2570382356643677	0.4446486830711365	0.1264018714427948	0.38573384284973145	0.7004102468490601	1.0143227577209473	0.961627185344696	0.09899745136499405	0.336965948343277	0.37780317664146423	0.7213351726531982	0.6232767701148987	1.1079256534576416	0.5935265421867371	0.41271889209747314	0.5343313217163086	0.49449336528778076	0.47558385133743286	0.5271475315093994	0.9439272880554199	0.16825972497463226	0.9379452466964722	0.4600241780281067	0.3034868836402893	0.7964497208595276	0.8707473278045654	1.1424087285995483	0.7355054616928101	0.36601218581199646	0.011105015873908997	0.22025606036186218	0.42361557483673096	0.7762174010276794	0.38523656129837036	0.7618059515953064	1.0440974235534668	0.5192400217056274	0.8128479719161987	0.3237827718257904	0.06914082169532776	0.4379202127456665	0.30932095646858215	0.9916027784347534	0.2970389127731323	0.12244641780853271	0.41201213002204895	0.8234212398529053	0.8745534420013428	0.5348020195960999	1.0616915225982666	0.0	0.48488563299179077	0.4718463122844696	0.9597705006599426	0.31508582830429077	0.5363549590110779	0.18860535323619843	0.3814243972301483	1.1600011587142944	0.4899766743183136	0.9938411116600037	1.019975185394287	0.7916020154953003	0.3176739811897278	0.3507891595363617	0.17637869715690613
0.19100527465343475	0.18931713700294495	0.38222840428352356	0.24791835248470306	1.4566969871520996	0.30234432220458984	0.1741611361503601	1.4874894618988037	0.27147796750068665	0.3454841375350952	0.05989961698651314	0.4212956130504608	0.8070378303527832	0.610893964767456	0.609139084815979	0.502460777759552	0.3046630024909973	0.7050134539604187	0.2324097901582718	0.5312891006469727	0.8629634976387024	0.35160672664642334	0.5264622569084167	0.3918401300907135	0.5569233894348145	0.5161898136138916	0.3189986050128937	0.7742542028427124	0.5472060441970825	0.49188730120658875	0.295751690864563	0.6119780540466309	0.40997838973999023	0.2825339436531067	0.2939072251319885	0.26513537764549255	0.3109975755214691	0.5774422883987427	1.6457058191299438	0.8264127373695374	0.8300917148590088	0.22818446159362793	0.5656112432479858	0.7452726364135742	0.2836572229862213	0.5399332642555237	0.44451504945755005	0.533613920211792	0.4075581729412079	0.8785361051559448	0.7555781602859497	0.41376549005508423	0.7317637205123901	0.7791446447372437	1.035623550415039	0.28922921419143677	0.2569804787635803	1.055593729019165	0.41395485401153564	0.20411749184131622	0.16106006503105164	0.7842311859130859	0.039599038660526276	0.8018998503684998	0.24235913157463074	0.553192675113678	0.5627526044845581	0.41792139410972595	0.01128392107784748	0.47561463713645935	0.3560013175010681	0.5091265439987183	0.21188651025295258	0.6182711720466614	0.536692202091217	0.6213073134422302	0.6236534714698792	0.15250888466835022	0.09864497929811478	0.324646532535553	1.2526164054870605	0.4441951513290405	0.20946753025054932	0.06462864577770233	0.35934168100357056	0.30427104234695435	0.35461950302124023	0.8137149214744568	0.3371140658855438	0.5347523093223572	0.7732659578323364	0.5074403285980225	0.6108125448226929	0.44056186079978943	0.41165006160736084	0.22483807802200317	0.17019255459308624	0.26391926407814026	0.7501721978187561	0.5124735236167908	0.017464634031057358	0.7254952192306519	0.2398039996623993	1.0499610900878906	0.4197123646736145	0.15138930082321167	0.5499396324157715	0.6531832218170166	1.0925639867782593	0.8863145709037781	0.788025438785553	0.46803781390190125	0.4058939218521118	0.473267525434494	0.7723203897476196	0.48535507917404175	0.3499773144721985	0.5967608690261841	0.06889215856790543	0.0837046355009079	1.1645824909210205	0.6365286111831665	0.4506000876426697	0.295605331659317	0.9499654769897461	0.48452287912368774	0.48746365308761597	0.5724897980690002	0.8665592074394226	0.9821922779083252	0.29555973410606384	0.31399810314178467	0.6410175561904907	0.5210924744606018	0.31975945830345154	0.4173402786254883	0.4530618488788605	0.5246102213859558	0.46948713064193726	0.40310782194137573	0.726068913936615	0.1413940191268921	0.7817453742027283	0.3936295807361603	0.6192296147346497	1.0672193765640259	0.49052706360816956	0.4667760729789734	1.0956966876983643	0.638768196105957	0.2248208373785019	0.3079780340194702	0.66499924659729	0.22513076663017273	0.5181233286857605	0.7626931667327881	0.4399900436401367	1.1412880420684814	0.22151581943035126	0.2431889921426773	0.39537280797958374	0.5538998246192932	0.7145868539810181	0.2882293462753296	0.5539392828941345	0.25284186005592346	0.1838654726743698	0.17682424187660217	0.06678927689790726	0.6728206276893616	0.024443723261356354	0.42184045910835266	0.6931045055389404	0.6889305114746094	0.3567448854446411	0.34316524863243103	0.8773053288459778	0.872363269329071	0.19511368870735168	0.26105719804763794	0.42474910616874695	0.167324036359787	0.4821084439754486	0.9735981225967407	0.5404837131500244	0.309751033782959	0.7134535312652588	0.33816269040107727	0.8968939781188965	0.6153132319450378	0.3995741009712219	0.4747503101825714	0.8167032599449158	0.37243321537971497	0.3043934106826782	0.13031929731369019	0.9053727388381958	0.4261130094528198	0.7371519804000854	1.0108894109725952	0.7443148493766785	0.4455718994140625	0.5027152299880981	0.6756930351257324	0.78458571434021	0.6080154180526733	0.43869009613990784	0.1255236268043518	0.1378364861011505	0.6034641265869141	0.12373517453670502	0.4867793917655945	0.17579811811447144	0.1188705563545227	0.0331990085542202	0.32813870906829834	0.32519015669822693	0.6095525026321411	0.3840954005718231	1.1378483772277832	0.3596099019050598	0.25502023100852966	0.2798205614089966	1.1803873777389526	0.21445706486701965	0.596755862236023	0.9751432538032532	1.0297496318817139	0.5366920232772827	0.06719572842121124	0.9858129620552063	0.91131192445755	0.2639554738998413	1.2744086980819702	0.8359424471855164	0.5941780209541321	0.3361840844154358	0.7613536715507507	0.34180182218551636	0.3374340832233429	0.2984730899333954	0.47143667936325073	1.3908871412277222	0.6883343458175659	0.3698456287384033	0.3345898687839508	0.13659094274044037	0.6214140057563782	0.3507104516029358	0.7604788541793823	1.0440514087677002	1.3142648935317993	0.5747760534286499	0.37162962555885315	0.5197834372520447	0.7268238067626953	0.7771967649459839	1.3241605758666992	1.218539834022522	0.16697491705417633	0.24619843065738678	0.8455657362937927	0.5064047574996948	0.35846036672592163	0.8951539397239685	0.2739467918872833	0.37237071990966797	0.3516058921813965	0.3963322639465332	0.7117611169815063	0.4324560761451721	0.5223013162612915	0.9907309412956238	0.4843844473361969	0.10775666683912277	0.4148325026035309	0.2417314499616623	0.6635411381721497	0.3790544867515564	0.9087108969688416	0.1885499656200409	1.444352626800537	0.5426172018051147	0.2675926089286804	0.2701834738254547	0.5664136409759521	0.42293739318847656	0.6562542915344238	0.1806497871875763	0.23470456898212433	0.4853534400463104	0.5060598850250244	0.5559810996055603	0.35090336203575134	0.29465392231941223	0.5421817302703857	1.0239769220352173	0.4431989789009094	0.23986877501010895	0.40101736783981323	0.2598494291305542	0.19539062678813934	1.053135633468628	0.38886141777038574	0.7340933084487915	0.20385167002677917	0.5454426407814026	0.601647138595581	0.47512105107307434	1.6108120679855347	0.3752410113811493	0.34342125058174133	0.6373703479766846	0.8956651091575623	0.3571712076663971	0.5967389345169067	0.08669526875019073	0.9188394546508789	0.4410504400730133	1.400140404701233	0.2724452614784241	0.17240767180919647	0.5395504236221313	0.24845607578754425	0.8669940829277039	0.5127719640731812	0.3811171352863312	0.2224259376525879	0.07995475083589554	0.5302424430847168	1.0350432395935059	0.3628866970539093	0.33103251457214355	0.5285173058509827	1.2094075679779053	0.4331747591495514	1.2506340742111206	0.6073717474937439	0.7147573232650757	0.9047351479530334	0.2835024297237396	0.03492399677634239	0.07975970953702927	0.5616095066070557	0.3397846221923828	0.6180025339126587	0.6960905194282532	0.2526845932006836	1.3887288570404053	0.28501245379447937	0.6398940086364746	0.15636546909809113	0.20988743007183075	0.8322254419326782	0.7614288926124573	0.2712657153606415	0.4037649631500244	0.5230991840362549	0.33119285106658936	0.5659884214401245	0.8654154539108276	0.6581321954727173	0.9333233833312988	0.35623955726623535	0.799898087978363	0.17452435195446014	0.19533412158489227	0.8546291589736938	0.23233594000339508	0.3481418788433075	0.5782387852668762	0.6350487470626831	0.3228047788143158	0.9840844869613647	0.10793211311101913	0.8787647485733032	1.220713496208191	0.7411317825317383	0.6271856427192688	0.48833373188972473	0.2121342420578003	0.8292182087898254	0.26045283675193787	0.725274384021759	0.5962607860565186	0.3729197382926941	0.8932152390480042	0.18689659237861633	0.6916202902793884	0.4005639851093292	0.33605918288230896	0.9652515053749084	0.5858379006385803	1.3796712160110474	0.09003230929374695	0.6008905172348022	1.1229753494262695	0.4357301890850067	1.3209372758865356	0.7865246534347534	0.46309104561805725	0.23641222715377808	0.050649628043174744	0.47634491324424744	0.5511701107025146	0.7861191630363464	0.20834989845752716	0.3627120554447174	0.26972082257270813	0.24881945550441742	0.10139971226453781	0.3284413516521454	0.5942392349243164	0.44124913215637207	0.8110663294792175	1.2425897121429443	0.4540652334690094	0.8389399647712708	0.4888586699962616	0.279960572719574	0.34382128715515137	0.014345278032124043	1.1636946201324463	0.48711958527565	0.6149963736534119	0.3262294828891754	0.6532271504402161	1.1585384607315063	0.3459448516368866	0.1951071172952652	0.24416136741638184	0.09473484754562378	0.5026074647903442	0.36259692907333374	0.9449594020843506	0.31696200370788574	0.3362947702407837	1.1728068590164185	0.15773531794548035	0.009836200624704361	1.2719337940216064	0.8496983647346497	0.6108876466751099	0.6424120664596558	0.38932275772094727	0.5637382864952087	1.4932912588119507	0.5731519460678101	0.7231676578521729	0.9135221242904663	0.283049613237381	0.32229506969451904	0.2850680351257324	0.792251467704773	0.42778217792510986	0.29424986243247986	0.5947158336639404	0.385242760181427	0.36334553360939026	0.2159215211868286	1.0772273540496826	0.551950216293335	0.19771410524845123	0.0013136975467205048	0.1264793574810028	0.20400409400463104	0.13298863172531128	0.2102625072002411	0.18093541264533997	0.4968636929988861	0.7010656595230103	0.3779263496398926	0.8056363463401794	0.18318988382816315	0.6148301959037781	0.3151346445083618	1.0435644388198853	0.8409131169319153	0.29983198642730713	0.5450541973114014	0.06186492741107941	0.3872227668762207	0.7976188063621521	0.21840867400169373	1.1759397983551025	0.8690201044082642	0.22684702277183533	1.503481388092041	0.7427240014076233	0.2538434863090515	0.38235828280448914	0.32116836309432983	0.8350110650062561	0.708842396736145	0.308217853307724	0.35473376512527466	0.31691408157348633	0.22942984104156494	0.29568812251091003	0.8449326753616333	1.1192632913589478	0.4247288405895233	0.4807058274745941	0.27476146817207336	0.35531994700431824	1.0944088697433472	0.1907770186662674	0.6520365476608276	0.22689288854599	0.29094409942626953	0.4631344676017761	0.40113162994384766	0.497279554605484	0.5147435069084167	0.6571657657623291	0.542620837688446	0.40979427099227905	0.3489786982536316	0.8976534008979797	0.7288784980773926	0.37968310713768005	0.6317158341407776	0.8350865244865417	0.7456405758857727	0.48156118392944336	0.5296019911766052	1.1180801391601562	0.3037202060222626	0.1360708326101303	0.4992161989212036	0.5441687107086182	0.4937935769557953	0.4227694272994995	1.1164112091064453	0.6891022324562073	0.28069883584976196	0.175329327583313	0.6984488368034363	0.7385105490684509	0.18253299593925476	0.9703678488731384	0.5202941298484802	0.26978087425231934	1.244009017944336	0.26184558868408203	0.28689277172088623	0.3324897885322571	0.19629046320915222	0.5369035601615906	0.3976551294326782	0.052800506353378296	0.7005271911621094	0.5496548414230347	0.2387935370206833	0.10219314694404602	0.16365426778793335	0.6578805446624756	0.9124049544334412	0.32028254866600037	0.6790695786476135	0.4945355951786041	1.0585196018218994	0.43709444999694824	0.09497223794460297	1.3270589113235474	0.2626999616622925	0.8961535692214966	0.06764915585517883	0.24222339689731598	0.8425788283348083	0.25727441906929016	0.12053452432155609	1.292233943939209	0.05896662548184395	0.2391040325164795	0.3650481104850769	0.07105086743831635	0.30463385581970215	0.36783891916275024	0.1478641927242279	0.7133036851882935	0.29854848980903625	0.5563666820526123	0.5353965163230896	0.4206317663192749	0.5360222458839417	0.3126249611377716	0.18109378218650818	0.5116061568260193	0.5237111449241638	0.5129216909408569	0.7560573816299438	0.6770641803741455	0.4844583570957184	0.5365868806838989	0.07686258852481842	0.1781519651412964	0.6275168061256409	0.5126610398292542	0.28609195351600647	0.5749199390411377	0.7319307327270508	0.38592055439949036	0.35390299558639526	0.6410092115402222	0.5946874618530273	0.442444384098053	0.4297734498977661	0.18349626660346985	0.2603309452533722	0.23540157079696655	0.6334717273712158	0.1703590750694275	0.48665109276771545	0.32211098074913025	0.6640821695327759	0.16268326342105865	0.6823282241821289	0.2287476658821106	0.5050122737884521	0.35867950320243835	0.5243557691574097	0.8054805397987366	0.5975589156150818	0.394810289144516	0.37924256920814514	0.27165892720222473	0.9097946286201477	0.5016556978225708	0.41424325108528137	0.5445656776428223	0.20789749920368195	0.08665137737989426	0.6627998948097229	0.5110677480697632	0.1381787359714508	0.03785410523414612	0.7842477560043335	0.2872679829597473	0.3499864339828491	0.513796329498291	0.5029417276382446	0.5253354907035828	0.8069061040878296	1.4810450077056885	0.32747334241867065	0.4436261057853699	0.37553587555885315	0.21134623885154724	0.14568936824798584	0.7756451964378357	0.05452360212802887	0.19928576052188873	0.5911731719970703	0.6785324811935425	0.5672081708908081	0.5204694271087646	0.5828839540481567	0.7249425649642944	0.42071467638015747	0.2731757164001465	0.3224334120750427	0.22242048382759094	0.3378360867500305	0.8388649821281433	0.6455978751182556	1.1828962564468384	0.10698512196540833	1.3204693794250488	0.1698526293039322	0.43144315481185913	0.32953304052352905	0.293816477060318	0.4638556241989136	0.32872921228408813	0.370072603225708	1.7443830966949463	1.3859412670135498	0.8620108366012573	0.3151780068874359	0.7283846139907837	0.19999933242797852	0.5124388933181763	0.4431803524494171	0.8910208940505981	0.46814554929733276	0.3629663586616516	0.6295221447944641	0.17531362175941467	0.6125657558441162	0.7861595153808594	0.7755383849143982	0.07183071970939636	0.22350084781646729	0.21520745754241943	0.21444860100746155	0.4451890289783478	0.29676660895347595	0.6518269777297974	0.7160134315490723	1.0881216526031494	0.7409383654594421	0.1396639049053192	0.2178034782409668	0.35827547311782837	0.30778175592422485	0.8752368688583374	0.5169428586959839	0.3429778218269348	0.522823691368103	0.9980313777923584	0.541489839553833	0.9933563470840454	0.4483582377433777	0.3492845892906189	0.6415274143218994	0.4043593406677246	0.6317232847213745	0.5398241281509399	0.40423017740249634	0.5355144739151001	0.500914454460144	0.3358713388442993	0.4151120185852051	0.34355324506759644	0.3440745174884796	0.9204303622245789	0.2713196873664856	0.594877302646637	0.39459651708602905	0.25444626808166504	0.2449016273021698	0.18918821215629578	0.64555424451828	0.24120770394802094	0.7230259776115417	0.2639971673488617	0.8952875733375549	0.15943636000156403	0.14187093079090118	0.2995021641254425	0.8476481437683105	0.7435368895530701	0.33828413486480713	0.43803590536117554	0.4101948142051697	0.39412418007850647	0.5034443736076355	0.4973433017730713	0.1345497965812683	0.4080710709095001	0.22842492163181305	0.30556392669677734	0.18369676172733307	0.18915972113609314	0.3620235025882721	0.903268575668335	0.11556351184844971	0.9029174447059631	0.758148729801178	0.7645495533943176	0.6219558715820312	0.23952347040176392	0.72987961769104	0.3552056849002838	0.09903012216091156	0.4433079957962036	0.49379852414131165	0.6798456311225891	0.7759910821914673	0.27351585030555725	0.7445982694625854	0.3962790369987488	0.44914576411247253	0.7206602096557617	0.3070748448371887	0.47493651509284973	0.3316543698310852	0.22594007849693298	0.2031140774488449	0.6093427538871765	1.4958852529525757	0.6412159204483032	0.3962138295173645	0.5179028511047363	0.4895540773868561	0.2229098230600357	0.463452011346817	0.6045709848403931	0.54030442237854	0.7903584241867065	0.24915441870689392	0.21691423654556274	0.8857179880142212	0.733959436416626	0.6179215312004089	1.3080874681472778	0.5294175744056702	0.2113954871892929	0.36267465353012085	0.5106339454650879	0.40901753306388855	0.6131709814071655	0.9993641376495361	0.305207759141922	0.20565859973430634	0.8431571125984192	0.8696681261062622	0.881736159324646	0.44841131567955017	0.4720323979854584	0.22872309386730194	0.4665490686893463	0.4744023084640503	0.38377323746681213	0.4626578986644745	0.6270369291305542	1.1020829677581787	0.45849087834358215	0.5327709913253784	0.7323732972145081	0.31481707096099854	0.5115463137626648	0.23489902913570404	0.4992913603782654	1.167364478111267	0.1253737360239029	0.28550878167152405	0.8484357595443726	0.11332294344902039	0.49151065945625305	0.8365733623504639	0.6175057291984558	0.785293698310852	0.4965079426765442	0.44833290576934814	0.6569044589996338	0.5983117818832397	0.1192428469657898	0.643333911895752	0.5393111705780029	0.3208718001842499	0.9958739280700684	0.5318967700004578	0.1772807538509369	0.451549232006073	0.4646707773208618	1.3682363033294678	0.5540040135383606	0.18426750600337982	0.5827003717422485	0.30364280939102173	0.0930270254611969	0.7028006315231323	0.77935791015625	0.38474854826927185	0.2942972183227539	0.4263104498386383	0.42774495482444763	0.5763081312179565	0.3838616609573364	0.13896550238132477	0.35898786783218384	0.6514184474945068	0.3868009150028229	0.5414023399353027	0.021952493116259575	0.42104363441467285	0.5155190229415894	0.3232503831386566	0.7364393472671509	0.27900898456573486	0.39071643352508545	0.057466547936201096	0.3708445131778717	0.6295419335365295	0.24873623251914978	0.22692979872226715	0.6662111282348633	0.16864457726478577	0.9386990666389465	0.7720426917076111	0.7518214583396912	0.47167959809303284	0.2524961233139038	0.32889607548713684	0.37424591183662415	0.5147611498832703	0.2947391867637634	0.23736955225467682	0.12705564498901367	0.48233628273010254	0.42918404936790466	0.3605286478996277	0.45650315284729004	0.7585934996604919	0.17844617366790771	0.7761558294296265	1.0476689338684082	0.025024577975273132	0.05143265053629875	0.5469154119491577	0.6825964450836182	0.3762129843235016	0.23914498090744019	1.2673439979553223	0.3902057111263275	0.2055942714214325	0.4239272177219391	0.2649940848350525	0.17972970008850098	1.0025094747543335	0.6266083717346191	0.4311446249485016	0.7234212160110474	0.6460897922515869	0.33965936303138733	0.07386323809623718	0.18566523492336273	0.1251973658800125	0.9210488796234131	0.5737875699996948	0.622711181640625	1.1771938800811768	0.6436601877212524	0.6705133318901062	0.3788837790489197	0.08381745219230652	0.44059181213378906	0.5843111276626587	0.8195850849151611	1.4630887508392334	0.47203528881073	1.4085469245910645	0.4093889594078064	0.25091296434402466	0.31923121213912964	0.11458738893270493	0.44964003562927246	0.5149233937263489	0.29143616557121277	0.17074620723724365	0.4679703116416931	0.32719531655311584	0.46520763635635376	0.3402755856513977	1.1807327270507812	0.6197816729545593	0.9565749168395996	0.6207106113433838	0.2927941381931305	0.6007074117660522	1.3903785943984985	0.2796477973461151	0.5242292881011963	0.31554311513900757	1.3230856657028198	0.30462098121643066	0.838426947593689	0.5072667002677917	0.08936173468828201	0.4211214780807495	0.3502969443798065	0.6877492666244507	0.6847230195999146	0.7054088711738586	0.9577934145927429	0.4675811231136322	1.3356809616088867	0.7044105529785156	0.352395236492157	0.5342637896537781	0.6890751123428345	0.26192086935043335	0.6408815383911133	0.466096431016922	0.19947250187397003	1.0782339572906494	0.41725534200668335	0.24638819694519043	1.184916615486145	0.7069473266601562	0.441227525472641	0.23097477853298187	0.5511753559112549	0.27008292078971863	0.3243495225906372	0.2433556318283081	1.0970369577407837	0.5923865437507629	0.2473030686378479	0.23836229741573334	0.21378374099731445	0.7375847101211548	1.2947614192962646	0.6070176959037781	0.8280972838401794	0.7556256651878357	0.6271042823791504	0.37930211424827576	0.21634896099567413	0.8603208065032959	0.7328848242759705	0.3844829201698303	0.8011501431465149	0.5118494033813477	0.09897244721651077	0.6957370042800903	0.9002795219421387	0.2590211033821106	0.5425149202346802	0.3967859148979187	0.13979560136795044	0.5550218820571899	0.48172929883003235	0.8331888914108276	0.5033758878707886	0.5967495441436768	0.6675372123718262	0.42812979221343994	0.0	0.976671576499939	0.28458598256111145	0.2966042160987854	0.622626781463623	0.32513922452926636	0.3514656722545624	0.4198625683784485	0.8516185283660889	0.6115884780883789	0.7622199058532715	0.6786879897117615	0.9845708608627319	0.2049749195575714	0.7196804285049438	0.550358235836029	0.23770956695079803	1.1489520072937012	0.9496533274650574	0.438149094581604	0.7348261475563049	0.6880176067352295	0.332241952419281	0.6989994049072266	0.26903632283210754	0.2600524127483368	0.5983390808105469	0.35176217555999756	0.16113059222698212	0.6112332344055176	0.6212158799171448	1.0007599592208862	0.49589285254478455	0.4511324465274811	0.13806426525115967	0.12142482399940491	0.5970150232315063	0.4433663487434387	0.8853012323379517	0.33924251794815063	0.5460469126701355	0.47211652994155884	0.46780192852020264	0.03049531579017639	0.31608885526657104	0.5550083518028259	0.22281715273857117	0.4047691822052002	0.35776442289352417	1.1069766283035278	0.095610111951828	0.484466016292572	0.7487465739250183	0.4663636386394501	0.21020963788032532	0.38012585043907166	1.140277624130249	0.2901792526245117	0.4487413167953491	0.4645293056964874	0.22626014053821564	0.27964451909065247	0.884082555770874	0.7823649644851685	1.0357223749160767	0.6364641785621643	1.2395495176315308	0.961025595664978	0.9918912053108215	0.6934690475463867	0.1458226591348648	1.3670451641082764	0.3149887025356293	0.8678292632102966	0.2889402508735657	0.3917768895626068	0.561029314994812	0.3871890902519226	0.18606489896774292	0.8986234068870544	0.3707658648490906	0.9921166300773621	0.43011412024497986	0.9610350728034973	1.0936219692230225	0.8532427549362183	0.0481419712305069	0.9513803124427795	0.7464909553527832	0.8722424507141113	0.6467911005020142	0.5086475610733032	0.45664986968040466	1.0130356550216675	0.5116537809371948	0.19140569865703583	0.4013885259628296	0.12903156876564026	1.0831249952316284	1.0879456996917725	0.31925463676452637	0.4594225287437439	1.041137933731079	0.33566126227378845	0.29722902178764343	0.4334825873374939	0.27551430463790894	0.1464398056268692	0.6980810165405273	0.14283263683319092	0.267596036195755	0.4346506595611572	1.4524543285369873	0.40528053045272827	0.2524232268333435	0.3195253610610962	0.2756585478782654	0.31168362498283386	0.2840002775192261	0.604694128036499	0.07778103649616241	0.18941232562065125	0.24273894727230072	1.2106165885925293	0.34692084789276123	0.20031499862670898	0.3705752193927765	0.6982026100158691	0.6927220225334167	0.8524328470230103	0.2423277646303177	0.30669644474983215	0.6988673210144043	0.6018425226211548	0.5531286001205444	0.5477840304374695	0.22643119096755981	1.2406994104385376	0.12016858160495758	0.4995945692062378	1.1989198923110962	0.9161906242370605	0.24753372371196747	0.23429431021213531	0.6415643692016602	0.30459022521972656	0.5160542726516724	0.4994850754737854	0.5911803245544434	0.8047600984573364	0.593995988368988	0.9865508079528809	0.3547891080379486	0.30555203557014465	0.4584214985370636	0.0976448729634285	0.09831717610359192	0.32248109579086304	0.5691943168640137	0.7970649003982544	0.9253576993942261	0.28799694776535034	0.3671053647994995	0.5452587604522705	0.1951102912425995	0.4574216902256012	0.3309248387813568	0.2194371372461319	0.2883389890193939	0.8050682544708252	0.7951611280441284	1.2649093866348267	0.4356953799724579	0.5224441885948181	0.2777137756347656	0.3844870626926422	0.29380396008491516	0.5443481206893921	0.6375131011009216	0.48094797134399414	0.4478604793548584	0.6518903970718384	0.6344590783119202	1.1677520275115967	0.7879657745361328	0.8904027342796326	0.38704121112823486	1.0083832740783691	0.7585367560386658	0.7818237543106079	0.4663061499595642	0.38605502247810364	0.22659559547901154	0.03991229832172394	0.6643933653831482	0.8020386099815369	0.35314878821372986	0.34416764974594116	0.3859161138534546	0.5609926581382751	0.33276617527008057	0.6517759561538696	0.17472001910209656	1.018863558769226	0.5815358757972717	0.6083982586860657	0.4600737392902374	0.646410346031189	0.5531953573226929	0.8287033438682556	0.1949949711561203	0.4000657796859741	0.4356653094291687	0.273428738117218	0.7327099442481995	1.3516366481781006	0.36883145570755005	1.1017857789993286	0.4005160927772522	0.3268197476863861	0.7659541964530945	0.6984246373176575	0.8325452208518982	0.2267283797264099	1.435936450958252	0.34871017932891846	0.6587380170822144	0.4378740191459656	0.6283264756202698	0.3416387438774109	0.37435299158096313	0.6039121150970459	0.5957069396972656	0.2795468270778656	0.7808175086975098	0.3247622847557068	0.29464471340179443	0.6027427911758423	0.26236119866371155	0.23060883581638336	0.204755038022995	0.4518803358078003	0.24627400934696198	0.23604266345500946	0.3483444154262543	0.1710815578699112	0.46254032850265503	0.9526731371879578	0.23731499910354614	0.5603458881378174	0.625555694103241	0.4264802634716034	0.5111213326454163	0.9373878836631775	0.44482600688934326	1.1299816370010376	0.3367350399494171	1.707128643989563	0.3718131184577942	0.7412163615226746	0.7310400009155273	0.21680817008018494	0.8991084694862366	0.32298001646995544	0.42471975088119507	0.7415348291397095	0.47533151507377625	1.1466753482818604	0.42792555689811707	0.943429708480835	0.5134274363517761	0.6394496560096741	0.4207970201969147	0.4285165071487427	0.02040625922381878	0.3626706600189209	0.8802700042724609	0.26232025027275085	0.09642674773931503	0.5461263656616211	0.4009600877761841	0.05150585621595383	0.5018529891967773	0.6096738576889038	0.3138562738895416	0.6098823547363281	0.2938457429409027	0.4361557066440582	0.27310770750045776	0.35288533568382263	0.37694597244262695	0.3419110178947449	0.4927871823310852	0.24214991927146912	0.5760314464569092	0.6694033145904541	0.18451732397079468	0.7478664517402649	0.2310078740119934	1.398686408996582	0.36718425154685974	0.8496474027633667	0.03536970168352127	0.7652546763420105	0.5921261310577393	0.42696845531463623	0.5994945764541626	0.44293251633644104	0.44071996212005615	0.5302506685256958	0.2547436058521271	0.9898176193237305	0.24837303161621094	0.5565496683120728	0.7474726438522339	0.36821508407592773	0.4052189886569977	0.7202833294868469	0.45797213912010193	0.5685077905654907	0.49646326899528503	0.5994046926498413	1.129856824874878	0.5476620197296143	0.6850321292877197	0.8512598276138306	0.760511040687561	0.29233676195144653	0.3050346374511719	0.6469036936759949	0.39780229330062866	0.3557230830192566	0.16862118244171143	0.3284490704536438	0.39442360401153564	0.9814901351928711	0.9246417880058289	0.669683575630188	1.011812686920166	0.5422797799110413	0.5523139834403992	0.6613055467605591	0.822638750076294	0.08221852034330368	0.7211491465568542	0.40971630811691284	0.17985063791275024	0.10944368690252304	0.4906802177429199	0.23425784707069397	0.43219250440597534	0.42251646518707275	0.3336852788925171	0.3343152701854706	0.646599292755127	0.5255514979362488	0.16008426249027252	0.5147758722305298	0.48515015840530396	1.5707776546478271	0.31586527824401855	1.4396384954452515	0.16832023859024048	0.5619341135025024	0.3164314031600952	0.23431003093719482	0.5951226949691772	0.2464783936738968	0.4075019061565399	0.35503944754600525	0.5679508447647095	0.6502358317375183	0.27154552936553955	0.8509721755981445	0.22613099217414856	0.6805666089057922	0.23793856799602509	0.4305720329284668	0.7179391980171204	0.8680265545845032	0.09108283370733261	0.4915787875652313	0.21114134788513184	1.006069302558899	0.3218008279800415	0.18917490541934967	0.8592442274093628	1.0736184120178223	0.367890328168869	0.945426344871521	0.321291446685791	0.9026054739952087	0.6254339218139648	0.20133081078529358	0.8337252140045166	0.3338598608970642	0.4040810465812683	0.8422337770462036	0.6803730726242065	1.5022168159484863	0.7775155901908875	0.3924386501312256	0.09813366085290909	0.953677773475647	0.10162751376628876	0.6804895401000977	0.08299770951271057	0.2532069981098175	0.5081996321678162	0.44941797852516174	0.2656537592411041	0.3264968991279602	0.68670254945755	0.5371417999267578	0.28460386395454407	0.5514384508132935	0.2802460789680481	0.8987065553665161	0.03472476452589035	0.6793491244316101	0.846035361289978	0.8224071860313416	0.7967848777770996	0.35564589500427246	0.20772194862365723	0.10057709366083145	0.5554488897323608	0.5615315437316895	0.09111882746219635	0.18013057112693787	0.5259926319122314	0.19178131222724915	0.3514584004878998	0.5647740364074707	0.36152875423431396	0.04112862050533295	0.36139026284217834	0.663345456123352	1.1706174612045288	0.5156681537628174	0.8299950957298279	0.583040714263916	0.15542620420455933	0.2284201979637146	0.6134994626045227	0.3545800745487213	0.3876367211341858	0.6354547142982483	0.27389055490493774	1.490033507347107	0.7364535927772522	0.19665831327438354	0.49386775493621826	0.8667874932289124	0.021484222263097763	0.15813356637954712	0.2452627569437027	0.8189834952354431	0.12581206858158112	0.0501166507601738	0.8249332904815674	0.30183619260787964	0.23539510369300842	0.9224913120269775	0.502404510974884	0.480840802192688	0.23204582929611206	0.31340399384498596	0.48440873622894287	1.021121621131897	0.7374733090400696	0.10517250746488571	0.47558045387268066	0.19074909389019012	0.9600277543067932	0.29497966170310974	0.1791878640651703	0.8370464444160461	0.9647436141967773	0.5901086330413818	0.5372354984283447	0.35383766889572144	0.6393439173698425	0.14714981615543365	0.3407662808895111	0.7818138599395752	0.19026389718055725	0.3889523148536682	0.23227828741073608	0.1522490531206131	0.11579170823097229	0.7004327774047852	0.4898202419281006	1.038632869720459	0.24062901735305786	0.49900737404823303	1.0030360221862793	0.6177436113357544	0.22293724119663239	0.3779790997505188	0.5927959084510803	0.5006066560745239	0.11769002676010132	0.3745156228542328	0.7139239311218262	0.5383349061012268	0.4735557436943054	0.5975694060325623	0.6100013852119446	0.33579152822494507	0.6544296741485596	0.7266982793807983	0.8214097023010254	0.199855774641037	0.30069470405578613	0.32471561431884766	0.3314518332481384	0.2776321470737457	1.1082195043563843	0.11058951169252396	0.3562791645526886	0.16958096623420715	0.4338618516921997	0.29298439621925354	0.613714873790741	0.46380722522735596	0.45204097032546997	1.1570771932601929	0.539496660232544	0.5705946087837219	0.4649345874786377	0.2268550544977188	0.31550562381744385	0.10310307145118713	0.5932421684265137	0.7181056141853333	0.25258970260620117	0.5279973149299622	0.9957336783409119	0.38746488094329834	0.15914994478225708	0.4606253504753113	0.27443742752075195	0.9004244804382324	0.3866449296474457	0.4270647168159485	0.940416693687439	0.38151827454566956	0.5542739033699036	0.7368436455726624	0.45177945494651794	0.739138662815094	0.39907747507095337	0.9732619524002075	0.030650196596980095	0.29693055152893066	0.8485617637634277	0.8171523809432983	0.30835169553756714	0.4725426137447357	0.2697056531906128	0.17912310361862183	0.523074746131897	0.4180740416049957	0.247224822640419	1.3586046695709229	0.4158589541912079	0.9543272852897644	1.3694790601730347	0.33620911836624146	0.3091827630996704	0.4049432873725891	0.4488544762134552	0.7469630241394043	0.282901406288147	0.6358075737953186	0.24832937121391296	0.6443674564361572	0.8195033669471741	0.1716604381799698	0.36808574199676514	0.4338330924510956	0.9191336035728455	0.5405441522598267	0.15843689441680908	0.4178764820098877	0.40803101658821106	0.47069743275642395	0.27725088596343994	0.13354718685150146	0.44911375641822815	0.33568552136421204	0.7349726557731628	0.24698582291603088	0.5208115577697754	0.408510684967041	0.5060496926307678	0.6016371250152588	0.656606137752533	0.3551497161388397	0.43728330731391907	0.8229878544807434	0.8759116530418396	0.24250435829162598	1.1889286041259766	0.5927217602729797	0.20500753819942474	0.24351517856121063	0.21048451960086823	0.7568691968917847	0.12183133512735367	0.4486399292945862	1.0937373638153076	0.726215124130249	0.5128046274185181	0.34591370820999146	0.32673895359039307	0.18966320157051086	0.34752339124679565	0.5870500802993774	0.48710742592811584	0.3073527216911316	0.554983377456665	0.16523143649101257	0.19850344955921173	0.6756969094276428	0.2180841565132141	0.1776934564113617	0.7797178030014038	0.35728853940963745	0.370883584022522	0.18639518320560455	0.2609098255634308	0.6892390847206116	0.16636104881763458	0.4242630898952484	1.094712495803833	0.7891427874565125	1.0293114185333252	0.21051615476608276	0.45008915662765503	0.3842054605484009	0.12003972381353378	0.3561722934246063	0.5084009766578674	0.6783262491226196	1.1207082271575928	0.20604337751865387	0.352944940328598	0.38757169246673584	0.4391483664512634	0.19748570024967194	0.6380846500396729	0.4155591130256653	0.38973119854927063	0.6708793640136719	1.5568788051605225	0.13571403920650482	0.7098051309585571	0.29710036516189575	0.7136504054069519	0.2821674644947052	0.3223850131034851	0.1911296248435974	0.6580352187156677	0.4710729122161865	0.12992215156555176	0.28572946786880493	0.8031949996948242	0.5714611411094666	1.0422799587249756	0.4390125274658203	0.6384335160255432	0.3311181366443634	0.5858613848686218	0.06479866802692413	0.9790434837341309	0.47337019443511963	0.9377235174179077	0.1192474365234375	0.728391706943512	0.23280683159828186	0.29576799273490906	0.19019567966461182	0.23883843421936035	0.4765643775463104	1.2008519172668457	0.8269004225730896	0.2527739703655243	0.44928038120269775	0.6044675707817078	0.23050062358379364	0.6427033543586731	0.35231441259384155	0.36813902854919434	0.26793766021728516	0.5998595952987671	0.7492552399635315	1.0214546918869019	0.413595050573349	0.5139861106872559	0.22446808218955994	0.14466771483421326	1.6287835836410522	0.11329653114080429	0.23162592947483063	0.5762693881988525	0.33771178126335144	0.28930896520614624	0.6508840918540955	0.7498139142990112	0.6180952787399292	0.35693004727363586	0.5836327075958252	0.46101000905036926	0.30932754278182983	0.7767350673675537	0.036143988370895386	0.2554249167442322	0.16718213260173798	0.38732704520225525	0.2330937385559082	1.0904520750045776	0.19420938193798065	0.7019434571266174	0.5138505697250366	0.14365343749523163	1.5203379392623901	0.6462368965148926	0.18709877133369446	0.08681827783584595	0.8235107660293579	0.7159368395805359	0.5561630725860596	0.9923174381256104	0.4087871015071869	0.8297240734100342	0.08845933526754379	0.6661988496780396	0.23648078739643097	0.35918140411376953	0.3114171624183655	0.4411344528198242	0.5114225745201111	0.34810730814933777	0.7189725041389465	0.8117648959159851	0.23365968465805054	0.2825380861759186	0.17500418424606323	0.40327760577201843	0.3682294487953186	0.6629177927970886	0.5066098570823669	0.30582642555236816	0.5932008624076843	0.34760674834251404	0.30408164858818054	0.30181223154067993	0.14953427016735077	0.3505312502384186	0.7214606404304504	0.6127838492393494	0.6355223059654236	0.37716370820999146	0.3248899579048157	0.05230925977230072	0.28294163942337036	0.2964576482772827	0.12338085472583771	0.699558675289154	0.556533932685852	0.6849868893623352	0.48736387491226196	0.21320722997188568	0.6088361144065857	0.6137786507606506	0.6923149824142456	0.2754451334476471	1.2437939643859863	0.47583311796188354	0.2519035339355469	0.41273123025894165	1.2698817253112793	0.5096300840377808	0.02784515731036663	0.746990978717804	0.6610397100448608	0.8982957005500793	0.4178474247455597	0.21818523108959198	0.29798176884651184	0.4012681543827057	0.6789059042930603	0.5576123595237732	0.14162574708461761	0.4728042483329773	0.2934509515762329	0.7008923292160034	0.13350895047187805	0.5286420583724976	0.6913362741470337	0.5185968279838562	0.3301316797733307	0.3296961188316345	0.41062137484550476	0.3126193583011627	0.6735979914665222	0.2593950629234314	0.8779956698417664	1.070503830909729	0.9036224484443665	0.8374655842781067	0.003263367572799325	0.5332897305488586	0.767158567905426	0.7999233603477478	0.18474216759204865	0.4048340916633606	0.7325109839439392	0.26037588715553284	0.8319571614265442	0.7018183469772339	0.39897745847702026	0.9403320550918579	0.3126651346683502	0.16681598126888275	0.5948532819747925	0.17793916165828705	0.8712040781974792	0.3098404109477997	0.04022352397441864	0.5028337836265564	0.40325209498405457	0.8997049331665039	0.9716463088989258	0.3016085922718048	0.9140576720237732	1.102879285812378	0.30896496772766113	0.3034592568874359	0.38218510150909424	0.3659217655658722	0.21957919001579285	0.8484018445014954	0.3080843687057495	0.33855485916137695	0.35635635256767273	0.0908782109618187	0.7560499906539917	0.2700447142124176	0.47547435760498047	0.2287265956401825	0.5917715430259705	0.5223348736763	0.37464573979377747	0.20079369843006134	1.1797974109649658	0.3292993903160095	0.11238691210746765	0.5501141548156738	0.30935394763946533	0.39076292514801025	0.5822039246559143	0.5107313394546509	0.3030065894126892	0.37517979741096497	0.46058690547943115	0.4852215051651001	0.4111425578594208	0.8667072057723999	0.5548902153968811	1.2308911085128784	0.08265072852373123	0.3630126714706421	0.6672179698944092	0.3013123869895935	0.4763401746749878	0.49335479736328125	1.1308199167251587	0.18445280194282532	0.6408814787864685	0.7224705219268799	0.23222242295742035	0.3396686911582947	0.5714003443717957	0.31870585680007935	0.6398584246635437	0.24325206875801086	0.0917501449584961	0.989969789981842	0.6021221280097961	0.3385108709335327	0.07203706353902817	0.4776235520839691	0.2737090289592743	0.31316399574279785	1.0926989316940308	0.5559307336807251	0.491655170917511	0.792220950126648	0.6738117337226868	0.3066680431365967	0.8179401159286499	0.6093471050262451	0.1450301557779312	0.48285046219825745	0.2007920891046524	1.018473505973816	0.4732041656970978	0.03138592839241028	0.14071977138519287	0.7084782123565674	0.56624436378479	0.3676629662513733	0.5862560272216797	0.7453924417495728	0.5308223366737366	1.0553313493728638	0.5057282447814941	0.9334957599639893	0.34885311126708984	0.12244147062301636	0.4395844340324402	0.41556814312934875	0.9455899000167847	0.8403831720352173	0.5484464168548584	0.8712954521179199	0.3728659749031067	0.43686747550964355	0.4367009103298187	0.4271572530269623	0.4972323477268219	0.6487495303153992	0.5047085881233215	0.5136483907699585	0.12520691752433777	0.5953095555305481	1.0838251113891602	0.21811456978321075	1.6377463340759277	1.0574543476104736	0.08299464732408524	0.6842474937438965	0.7243929505348206	0.10168915241956711	0.22596728801727295	0.7320840954780579	0.2643321752548218	0.37115299701690674	0.5567238330841064	0.5584014058113098	2.1288726329803467	0.44377538561820984	0.14696051180362701	0.015262268483638763	0.3975357115268707	0.2762281596660614	0.35125666856765747	1.0703511238098145	0.21223242580890656	0.524377703666687	0.42217281460762024	1.4013071060180664	0.7991864681243896	0.3130000829696655	0.010507499799132347	0.0913720428943634	0.09879408776760101	0.3362990617752075	0.4608643651008606	0.527979850769043	0.5504833459854126	0.2773703634738922	0.6866798400878906	0.8499749302864075	0.6661190986633301	0.35482358932495117	0.84795081615448	0.3071484863758087	0.011660972610116005	0.1877041757106781	0.392141729593277	0.1619454324245453	0.13585534691810608	0.21237856149673462	0.4008500277996063	0.3011268377304077	0.33097949624061584	0.8281011581420898	0.3461378514766693	0.6685873866081238	0.37860721349716187	0.09197206795215607	0.3786487281322479	0.3848423957824707	0.5774591565132141	0.4019230008125305	0.2999148368835449	0.2570127844810486	0.4497855305671692	0.7075587511062622	0.43231454491615295	0.6328775882720947	0.1250608116388321	0.7253803610801697	0.5168092250823975	0.3708629012107849	0.6291601657867432	0.5268722176551819	1.2618805170059204	0.2875378727912903	0.45026421546936035	0.4441060721874237	0.5741087198257446	0.6608562469482422	0.6428482532501221	0.8170896172523499	0.6566603183746338	0.3713216781616211	0.24605147540569305	0.20129269361495972	0.6270579695701599	0.4943218529224396	0.2668665051460266	0.6680430173873901	0.6893230080604553
0.3974221348762512	0.6552308201789856	0.5581855773925781	1.2444641590118408	0.07488752156496048	0.1457119584083557	0.08970288932323456	0.5001359581947327	0.9792143106460571	0.394223153591156	0.9718244671821594	0.5995848178863525	0.6595032215118408	0.33448779582977295	0.017233503982424736	0.571533739566803	0.9781001806259155	0.15846556425094604	0.6964181065559387	0.4058464765548706	0.6428214311599731	0.30430689454078674	0.27067065238952637	0.1388099193572998	0.15906110405921936	0.2518705725669861	0.8706086277961731	0.7253333330154419	0.2924911379814148	0.4797023832798004	0.9380370378494263	0.5729342699050903	0.13381528854370117	0.6770056486129761	0.4657067358493805	0.331121027469635	0.25535163283348083	0.5204763412475586	0.2811543047428131	0.07715848088264465	0.4271444082260132	0.2728029787540436	0.3327418565750122	0.4009043574333191	0.2885020077228546	0.8787516355514526	0.30151182413101196	0.9434843063354492	0.663993239402771	1.0683557987213135	0.3073718249797821	0.6055375933647156	0.35607898235321045	0.7007066607475281	0.3895609378814697	0.37889528274536133	0.9587867259979248	1.6249141693115234	0.45822298526763916	1.0174037218093872	0.36907872557640076	1.286670446395874	0.8364996314048767	0.5461224317550659	0.4625174105167389	0.3824113607406616	1.145119309425354	0.6813141107559204	0.08405417203903198	0.9854363799095154	0.5396226048469543	0.3177351653575897	1.179557204246521	1.5307517051696777	0.36228060722351074	0.41009336709976196	0.9653604030609131	0.8948311805725098	1.0132092237472534	1.3460761308670044	1.278174638748169	0.3593824505805969	0.5189278721809387	0.2464171051979065	0.7011185884475708	0.552306056022644	0.7025869488716125	0.9238059520721436	0.5597869753837585	0.4648666977882385	0.3008054792881012	0.5632086992263794	0.3799822926521301	0.6509474515914917	0.3159291744232178	1.052862286567688	0.3277398645877838	0.5049103498458862	0.45729050040245056	0.8735336661338806	1.036712646484375	0.8886966705322266	0.4875619411468506	0.7514126896858215	0.7808984518051147	0.8884953856468201	0.16195708513259888	1.109972596168518	0.32350295782089233	0.4432045817375183	0.5725192427635193	1.4532426595687866	0.8785371780395508	0.7864844799041748	0.8116282224655151	0.5360016822814941	0.14915817975997925	0.1635470986366272	1.1264536380767822	0.23733896017074585	1.1973179578781128	0.2596754729747772	1.2323392629623413	1.139816403388977	1.2124351263046265	0.5441866517066956	0.20216818153858185	0.5451143383979797	0.6863207817077637	0.44345495104789734	0.7321469783782959	0.772872269153595	0.2594582140445709	0.4145347476005554	0.3507521152496338	0.3876971900463104	0.6418156027793884	0.48903268575668335	0.7667193412780762	0.3015316426753998	0.2683829069137573	0.3973017632961273	0.0	0.4420824646949768	0.9854721426963806	0.4978504180908203	0.9083747267723083	0.015533997677266598	0.016057923436164856	0.6390136480331421	0.7023317813873291	0.44489234685897827	0.78974449634552	0.6603200435638428	0.35927435755729675	0.3058970272541046	0.3114137649536133	0.041334547102451324	0.41315674781799316	0.40789109468460083	0.8911577463150024	0.5300365090370178	0.4726628363132477	0.3897536098957062	0.30222028493881226	1.0071440935134888	1.0036731958389282	0.3750135898590088	0.32918745279312134	0.2620145082473755	0.3248530328273773	0.3291661739349365	0.4866088032722473	0.5749607086181641	0.39183658361434937	0.48960205912590027	0.6196482181549072	1.1664199829101562	0.5629778504371643	0.38126301765441895	0.6630189418792725	0.33971723914146423	0.5997181534767151	0.9208329319953918	0.5676215291023254	0.32493001222610474	0.4248228669166565	0.20287270843982697	0.9489123821258545	0.6448415517807007	0.27872151136398315	0.14754034578800201	0.7050515413284302	0.760303795337677	0.3584107458591461	1.3027364015579224	0.08346773684024811	0.18037983775138855	0.1149987056851387	0.5142928957939148	0.5845651626586914	0.06296756118535995	0.24553559720516205	0.46865415573120117	0.9690486788749695	0.39932194352149963	0.44538813829421997	0.8773164749145508	0.017195481806993484	0.4763907790184021	0.06949280202388763	0.3073766827583313	0.48463332653045654	0.9823384284973145	0.8401216268539429	0.39928746223449707	0.7974783778190613	0.6678428053855896	0.31295275688171387	0.1751508116722107	0.5279068946838379	0.21396049857139587	0.5715646147727966	0.13442790508270264	0.5647417306900024	0.5326842665672302	0.537457287311554	0.7809377908706665	0.4516289234161377	0.7264904379844666	0.21422569453716278	0.49246326088905334	0.2996675372123718	0.03705205023288727	0.8054561018943787	0.7476969361305237	0.22871005535125732	0.3389022946357727	0.028784990310668945	0.2576482892036438	0.8237686157226562	0.6520581841468811	0.4754936397075653	0.43868935108184814	0.29901573061943054	0.9241951107978821	0.8919626474380493	0.5406273007392883	0.27236419916152954	0.6679253578186035	0.5817400813102722	0.1501103937625885	1.3218574523925781	0.0370456799864769	0.18154728412628174	0.7966069579124451	1.056647539138794	1.1889660358428955	0.1684260368347168	0.2777222990989685	1.1966525316238403	0.645038902759552	0.44442135095596313	0.3557831645011902	0.09521111100912094	0.2849266529083252	0.9646620154380798	0.2005847543478012	0.47156932950019836	0.22099685668945312	1.0286891460418701	0.3538912832736969	0.12546788156032562	0.5806364417076111	0.873502254486084	0.5458096861839294	0.8398352861404419	1.0436080694198608	0.4158923029899597	0.41457605361938477	0.604498565196991	0.9970096945762634	0.6777850985527039	0.2441558539867401	0.7054055333137512	1.1456631422042847	0.43515273928642273	0.3913813531398773	1.2358102798461914	0.7285926342010498	1.4317622184753418	0.4894658923149109	0.2542074918746948	0.6072069406509399	0.3406515121459961	0.20672838389873505	1.6236207485198975	0.36411866545677185	0.5351440906524658	0.16674694418907166	0.046176109462976456	0.2258129119873047	0.3335561752319336	0.6582421660423279	0.8743845820426941	0.31002938747406006	1.0190861225128174	0.26138532161712646	0.289462685585022	0.567997932434082	0.265725314617157	0.4138270616531372	0.7321748733520508	1.2605273723602295	0.7656345963478088	0.2784990668296814	0.36883544921875	0.1784510314464569	0.32603567838668823	0.30295538902282715	0.43409866094589233	0.2795840799808502	0.46116751432418823	0.1553560346364975	0.37748315930366516	0.9824500679969788	0.7062081098556519	1.1359238624572754	0.9544721245765686	0.2736489772796631	1.0462948083877563	0.3347000777721405	0.29955825209617615	0.24472080171108246	0.5913581848144531	0.8705474138259888	0.5248144268989563	0.061366718262434006	0.8692630529403687	0.2941431999206543	0.2225634604692459	0.7781761288642883	0.319853276014328	0.4472486674785614	0.35537582635879517	0.3650965988636017	0.7370737791061401	0.2711558938026428	0.2588447332382202	0.39414045214653015	0.6872344613075256	0.8781960010528564	0.42910367250442505	0.7373855710029602	1.0240617990493774	0.20632416009902954	0.7739447355270386	0.29314032196998596	0.21026012301445007	0.9097529649734497	0.3039350211620331	0.8347987532615662	0.5672102570533752	0.5529412031173706	0.6222781538963318	0.14217160642147064	0.6617130041122437	1.3540188074111938	0.8690411448478699	0.25760647654533386	0.25770819187164307	0.5445605516433716	0.48184144496917725	0.6049321889877319	0.6317352652549744	0.44011133909225464	0.3155844807624817	0.272636353969574	0.048035770654678345	0.7568137645721436	0.30568957328796387	1.0516362190246582	0.8101010918617249	0.30332866311073303	0.3528534770011902	0.43980616331100464	0.7130634784698486	0.4279891848564148	0.12733104825019836	0.22361934185028076	0.4527178704738617	0.7502486109733582	0.21428130567073822	0.14192426204681396	0.9604924321174622	0.39672958850860596	0.3357137143611908	0.2709977924823761	1.0771838426589966	0.7037053108215332	0.4378049969673157	0.6833913326263428	0.5648449659347534	0.5265800952911377	0.4160832166671753	0.9164450168609619	0.7473545670509338	0.29008030891418457	0.17966125905513763	0.2975209951400757	0.4223337769508362	0.00418786471709609	1.0423654317855835	0.17238031327724457	0.2807025611400604	1.050910472869873	0.5659561157226562	1.0240527391433716	0.6949933767318726	0.11724396795034409	0.43898245692253113	0.8971113562583923	0.4549878239631653	0.2714599072933197	0.5955570340156555	0.6444828510284424	0.7057273983955383	0.9030447602272034	0.28087300062179565	0.988318681716919	0.816036581993103	0.9924393892288208	0.6455798745155334	0.5576453804969788	0.5541960000991821	0.2952847480773926	0.4904788136482239	0.44127994775772095	0.6045270562171936	0.6667467355728149	1.00773286819458	1.0829260349273682	1.302573800086975	0.4169710874557495	0.35536468029022217	0.3904649019241333	0.05801139771938324	1.1083500385284424	0.457729697227478	0.5670657753944397	0.6387230753898621	0.3082387149333954	0.22723203897476196	0.6657983064651489	0.3843954801559448	0.1368023157119751	0.12070149183273315	0.4229414761066437	0.016543252393603325	1.011009931564331	0.17536960542201996	0.545486330986023	0.3271738290786743	1.100893259048462	0.9006240367889404	0.4045375883579254	0.9225211143493652	0.5223634243011475	0.06546007841825485	0.26781928539276123	0.8534916639328003	0.3852394223213196	0.5891507267951965	0.7183739542961121	0.19050315022468567	0.3022852838039398	1.2324994802474976	1.0122774839401245	0.6041235327720642	0.16599346697330475	0.8789392709732056	0.37379395961761475	1.1183602809906006	1.3176240921020508	0.24498192965984344	0.9992689490318298	0.3851048946380615	1.4431047439575195	0.5419814586639404	0.44271233677864075	0.7361675500869751	0.19327083230018616	0.9735257029533386	0.6399070024490356	0.6943473219871521	0.40826746821403503	0.4024426341056824	0.5314089059829712	0.34170955419540405	0.3956495225429535	0.34122434258461	0.3884052634239197	0.055534373968839645	0.47805917263031006	0.50886470079422	0.15749149024486542	1.0407402515411377	0.17973627150058746	0.740593671798706	0.17291519045829773	0.4447769820690155	0.5701162815093994	0.30639463663101196	0.73883056640625	0.4647544026374817	0.2461734116077423	0.3054862320423126	0.7356634140014648	0.6230611801147461	0.9025440216064453	0.5216116309165955	1.2901216745376587	0.24516341090202332	0.16778047382831573	0.2883100211620331	0.43677783012390137	0.21887798607349396	0.9018868803977966	0.18913693726062775	0.24673296511173248	1.0845108032226562	0.3980262279510498	0.9223451614379883	0.8555331230163574	0.3355366289615631	0.24231457710266113	0.3296297788619995	0.9214848279953003	0.5281486511230469	0.28942984342575073	0.4029971957206726	1.0180779695510864	0.4898601770401001	0.399008572101593	0.3709051311016083	0.7038537263870239	0.8985866904258728	0.2457180917263031	0.01694689877331257	0.2082958221435547	0.623924970626831	0.5808423161506653	0.39313143491744995	0.4356369078159332	0.49379247426986694	0.24986614286899567	0.5181512236595154	0.7758455276489258	0.5225852131843567	0.37088602781295776	0.4883729815483093	0.46088889241218567	0.5278195738792419	0.16419397294521332	0.7970464825630188	0.380859375	0.7561670541763306	0.16387499868869781	0.384141206741333	0.9238259792327881	0.10253994166851044	1.6180601119995117	0.8739405870437622	0.5327269434928894	1.2010574340820312	0.5029440522193909	0.07250932604074478	0.29490888118743896	0.25862956047058105	0.39157548546791077	0.7977608442306519	0.6627212166786194	0.6363343596458435	0.5908011198043823	0.5046252012252808	0.3887413740158081	0.3402029871940613	0.7360385060310364	0.04119027033448219	0.30241915583610535	0.41752007603645325	0.7809035778045654	0.7030858397483826	0.30835849046707153	0.8674017190933228	0.3289494812488556	0.8345879912376404	0.5318285226821899	0.4854521155357361	0.36480098962783813	0.23517076671123505	1.5828442573547363	0.3529517948627472	0.7781742811203003	0.694547176361084	1.1207071542739868	0.23722262680530548	0.7149760723114014	0.8607246279716492	1.0167944431304932	0.21862438321113586	0.4376387298107147	0.7293910384178162	0.10409458726644516	0.47931140661239624	0.41106125712394714	0.10654592514038086	0.18703903257846832	0.6343899965286255	0.3200332522392273	0.4183970093727112	0.47497135400772095	0.6116381287574768	0.731407105922699	0.3679710626602173	0.17840810120105743	1.0955440998077393	0.9123958349227905	0.22330893576145172	0.579923152923584	0.38866254687309265	0.1924072951078415	0.2155134528875351	1.048690915107727	0.15005695819854736	0.31345224380493164	1.0146136283874512	0.9536359310150146	0.1947709172964096	0.28614678978919983	0.9276609420776367	0.27205613255500793	0.44567131996154785	0.4135470390319824	0.7063851356506348	0.17904908955097198	0.46570950746536255	0.7166211605072021	0.7586010098457336	1.068212866783142	0.700899064540863	0.5168500542640686	0.4691072106361389	0.3107914328575134	0.39318764209747314	0.3472265303134918	0.39534488320350647	0.40661171078681946	0.6433098316192627	0.5131310224533081	0.5327757596969604	0.8020584583282471	0.5992683172225952	0.7855737805366516	0.4825115501880646	0.6029254198074341	0.794995129108429	0.7774317860603333	0.17455729842185974	0.562816858291626	0.7488420009613037	0.551416277885437	0.17591188848018646	0.8721617460250854	0.3124258518218994	0.03390941023826599	1.545048713684082	0.29618531465530396	0.7143991589546204	0.12585361301898956	0.2372080683708191	0.520638108253479	0.534710705280304	0.45629197359085083	0.30062153935432434	0.4680483937263489	0.6685444712638855	0.5371764302253723	1.125045895576477	0.29629725217819214	0.270956814289093	0.49844831228256226	1.249983549118042	0.5670774579048157	0.26906412839889526	0.3547028601169586	0.4873141050338745	0.4999755918979645	0.41311123967170715	0.6353757381439209	0.4699089527130127	0.6268815994262695	0.7848497033119202	0.3089119493961334	0.3707468807697296	0.17627781629562378	0.03936128690838814	0.8911336660385132	0.43089747428894043	1.0289995670318604	0.21795055270195007	0.5977445244789124	0.5716124176979065	0.7353603839874268	0.30679887533187866	0.7231701612472534	1.441744327545166	0.7517648935317993	0.6157426834106445	0.8689727783203125	0.4951099753379822	0.713252067565918	0.8365747928619385	0.7053418159484863	0.3854495882987976	0.2137790322303772	0.6222638487815857	1.1200757026672363	1.1379270553588867	0.38337433338165283	0.47882020473480225	0.0990307629108429	0.5947303771972656	0.7679803371429443	0.7098003625869751	0.2663259506225586	0.5399782657623291	0.0	0.2628122866153717	0.30074170231819153	0.5881950259208679	1.029867172241211	0.4648085832595825	0.3723054528236389	0.19398996233940125	0.5432990193367004	0.5937730669975281	0.7507818937301636	0.6898922324180603	1.1877105236053467	0.7022354602813721	0.3051864802837372	0.4066845774650574	0.12289294600486755	0.20931488275527954	0.15798164904117584	0.8744454383850098	0.30073949694633484	0.4195770025253296	0.9190625548362732	0.15224263072013855	0.3186507225036621	0.15254870057106018	0.9366575479507446	0.32159724831581116	0.2631515860557556	0.7467826008796692	0.4908905029296875	0.41975799202919006	0.5522890090942383	0.27550414204597473	0.2185119241476059	0.9046955108642578	0.10750782489776611	0.44856950640678406	1.071951150894165	0.7673167586326599	0.24869519472122192	0.11533281952142715	0.3064681887626648	0.7180147171020508	0.5461463332176208	0.5630358457565308	0.5527632236480713	0.8334471583366394	0.7193295359611511	0.502679705619812	0.28201478719711304	0.5213354825973511	0.4764940142631531	0.3140743374824524	0.465981662273407	0.6850302219390869	0.6392632126808167	0.64571213722229	0.7364578247070312	1.6153414249420166	0.5794658064842224	0.2575445771217346	0.1719769984483719	0.7850726246833801	0.6373643279075623	0.21338927745819092	0.853998064994812	0.7521464824676514	0.959635853767395	1.0441994667053223	0.2089862823486328	0.05313453823328018	0.48965969681739807	0.655811071395874	0.6286410093307495	0.5541613698005676	0.5774195790290833	0.4206698536872864	0.4666121006011963	0.8905127048492432	0.310708224773407	0.015469169244170189	0.4370996952056885	0.4207746386528015	0.5080558657646179	0.4195394217967987	1.125429391860962	0.6993261575698853	0.618678629398346	0.834037184715271	0.31695282459259033	0.1165275126695633	0.35967114567756653	0.47938627004623413	0.28474706411361694	1.1172103881835938	0.5259361863136292	0.5293063521385193	0.1290552020072937	0.8803132772445679	0.607030987739563	0.7164768576622009	1.0014979839324951	0.6398982405662537	0.3906739354133606	0.08183750510215759	0.1531161069869995	0.13506464660167694	0.5233135223388672	0.3355170786380768	0.4837017357349396	1.0166311264038086	0.9062916040420532	0.4449498653411865	0.3176322877407074	0.8037687540054321	0.45293810963630676	0.6842278838157654	0.3178365230560303	0.43268871307373047	1.0435775518417358	0.532818615436554	0.24628081917762756	0.37215614318847656	0.2757676839828491	0.28273120522499084	0.8976611495018005	0.48215994238853455	0.39490532875061035	0.7249211668968201	0.527672290802002	0.5797958374023438	0.5374298691749573	0.4784890115261078	0.8146445751190186	0.7755632996559143	1.0648967027664185	0.8185882568359375	0.5267807245254517	0.6684392094612122	0.4923968017101288	0.39893731474876404	0.21719200909137726	0.47678619623184204	0.35945218801498413	0.3988161087036133	0.9841589331626892	0.3878900408744812	1.0474796295166016	0.4484419822692871	0.23442180454730988	0.375124454498291	0.3788702189922333	0.40634721517562866	0.4472472071647644	0.21375292539596558	0.36151355504989624	0.555692732334137	0.7359625697135925	0.20338810980319977	0.4332800805568695	0.36830049753189087	0.9493183493614197	1.2528607845306396	0.37168535590171814	1.6799468994140625	1.0670219659805298	0.5720816254615784	0.4323023557662964	0.5100964307785034	0.7496461868286133	0.4252288341522217	0.6294768452644348	0.09284258633852005	0.7438535094261169	0.16486018896102905	0.5163635015487671	0.8915905952453613	0.41123709082603455	0.5460150241851807	0.14643315970897675	0.30970919132232666	0.5283607840538025	0.35977861285209656	0.22864152491092682	0.23769910633563995	0.11205285787582397	0.5209810733795166	0.311442494392395	0.3286665081977844	0.7757427096366882	0.534912109375	0.5716358423233032	0.7177160382270813	0.10008096694946289	0.5098050236701965	0.4573557674884796	0.3301698863506317	0.6506607532501221	0.29123005270957947	0.6295884847640991	0.3392452597618103	0.33964502811431885	0.3042418956756592	0.38712799549102783	0.5166770219802856	0.304668128490448	0.12272968143224716	0.7572564482688904	0.38471361994743347	0.9718766808509827	0.7904115915298462	0.5486873984336853	1.0381731986999512	0.8338000774383545	0.19612528383731842	0.5928921699523926	0.15270477533340454	0.6525542736053467	0.7257623672485352	0.4271404445171356	0.24096502363681793	0.13674888014793396	0.35132724046707153	0.7332435250282288	0.5549771785736084	0.4967494308948517	0.2455526739358902	0.7855340242385864	0.6184648871421814	0.41171762347221375	0.12523674964904785	0.8571117520332336	0.2836543917655945	0.4883119761943817	0.2679848372936249	0.5998639464378357	0.9425056576728821	0.9137006402015686	0.47945326566696167	0.33669474720954895	0.8559896945953369	0.23416297137737274	0.21222244203090668	1.452979564666748	0.31752705574035645	0.6702966690063477	0.23566533625125885	0.40179339051246643	0.5351014733314514	0.8124427795410156	0.3471941351890564	0.21386264264583588	0.568416178226471	0.9144465923309326	0.8955366015434265	0.8122692704200745	0.2597849667072296	0.3711703419685364	0.6361268162727356	0.15440063178539276	0.3007579445838928	0.5840028524398804	0.3486957252025604	0.42242807149887085	0.734699010848999	0.489130437374115	0.501924455165863	0.3269781172275543	0.8866218328475952	0.32599231600761414	1.2391858100891113	0.543979823589325	0.12768486142158508	0.12501057982444763	0.1252640187740326	0.3597256541252136	0.34925979375839233	0.1858859658241272	0.7371967434883118	0.20900174975395203	0.5900102853775024	0.8761900067329407	0.4656051993370056	0.844291627407074	0.34702572226524353	0.33201679587364197	0.5952998995780945	0.6718741655349731	0.5312231779098511	0.6627330780029297	0.4686190187931061	0.7165302634239197	0.2018589973449707	1.1264653205871582	0.817337155342102	0.949699342250824	0.541495144367218	0.8013447523117065	0.17754489183425903	0.25156235694885254	0.7790656685829163	0.3883877992630005	0.4206541180610657	0.5503233671188354	0.9634492993354797	0.973189115524292	0.14032025635242462	1.351094126701355	0.7406397461891174	0.4166201651096344	0.1522161364555359	0.8898295164108276	0.134159654378891	0.096499502658844	0.8810584545135498	0.28874656558036804	0.23776370286941528	0.9275175333023071	0.33611389994621277	0.7440094947814941	0.04600711166858673	0.3591972291469574	0.2827450633049011	0.6160837411880493	0.4755154848098755	0.7590045928955078	0.44390085339546204	0.4639315903186798	0.1428041160106659	0.8362430334091187	0.30254602432250977	0.8951046466827393	0.023029057309031487	0.041040122509002686	0.632400631904602	0.34446319937705994	0.6811818480491638	0.16376212239265442	0.3862400949001312	0.46521809697151184	0.579210638999939	0.04435737803578377	0.26338738203048706	1.285301685333252	0.10128803551197052	0.44183844327926636	0.15221071243286133	0.4206887483596802	0.14485010504722595	1.339093565940857	0.14277410507202148	0.8156723976135254	0.8736596703529358	0.8920837640762329	0.15034490823745728	0.6718708276748657	0.19276809692382812	0.22289706766605377	0.2615056335926056	1.0701723098754883	0.6355524063110352	0.8368536829948425	0.96546870470047	0.47685444355010986	0.6662541627883911	1.3736202716827393	0.9131792783737183	0.5196617841720581	0.6381741762161255	0.7965967655181885	1.0209248065948486	0.11400078982114792	0.6643503904342651	0.8643786311149597	0.30764463543891907	0.9395740032196045	0.479775071144104	0.9733497500419617	0.10404495149850845	0.8548035621643066	1.263999342918396	0.5042256712913513	0.7815442681312561	1.1967737674713135	0.5621706247329712	0.41037285327911377	0.5570210218429565	0.24817949533462524	0.348322331905365	0.14922621846199036	0.5167415142059326	0.10354688763618469	0.6753910779953003	0.9271572828292847	0.10007206350564957	0.5138394236564636	0.2776935398578644	0.308756560087204	0.01727358065545559	0.7550647854804993	0.22362986207008362	0.5777994394302368	0.2599213719367981	0.2945614755153656	0.23392315208911896	0.10692012310028076	0.4615611732006073	0.21725213527679443	0.6834162473678589	0.8454073071479797	0.2573091387748718	0.7120453715324402	0.7719173431396484	0.7527021169662476	0.3695322275161743	0.39518168568611145	0.3842849135398865	0.26121020317077637	0.6947454214096069	0.4509640336036682	1.0711469650268555	0.43887484073638916	0.5070845484733582	0.8783855438232422	0.09770263731479645	0.44138917326927185	0.03415036201477051	0.9107365608215332	0.9841934442520142	0.3599260449409485	1.0281636714935303	0.007521580904722214	0.47359132766723633	0.6878799200057983	0.24056723713874817	0.39274099469184875	1.036542534828186	1.0520436763763428	0.33603137731552124	0.5257583856582642	0.9466807842254639	0.9647265076637268	1.1953123807907104	0.5931289792060852	0.5572774410247803	0.34754687547683716	0.6177160739898682	0.5592985153198242	0.9552104473114014	0.8861426711082458	0.4717887043952942	1.3181629180908203	0.8688251972198486	0.1806841641664505	0.6111862659454346	0.341904878616333	0.26274341344833374	0.4050787687301636	0.4056117832660675	0.5513306856155396	0.537571132183075	0.5748153328895569	0.5898005366325378	0.579727828502655	0.39422711730003357	0.40944647789001465	0.2734903395175934	0.028961874544620514	0.49592018127441406	0.5189142227172852	0.2614632844924927	0.5730819702148438	0.39381909370422363	0.748869776725769	0.2747150659561157	0.7608194351196289	0.6255347728729248	0.2038743495941162	0.6180146336555481	0.5677482485771179	0.28022223711013794	0.4838641881942749	0.731736421585083	0.2715809643268585	0.31574708223342896	0.6678289771080017	1.0955452919006348	0.6785567998886108	0.3247198164463043	0.8378981351852417	0.6746647357940674	0.8439356088638306	0.24998678267002106	0.13853736221790314	0.45233893394470215	0.2337997853755951	0.5572174787521362	0.16788196563720703	0.200826495885849	1.2920992374420166	0.782028317451477	1.0862772464752197	0.8422805070877075	0.19260460138320923	0.2015419900417328	0.5082895755767822	0.22491255402565002	0.7047293782234192	0.2714741826057434	0.20684216916561127	0.895361602306366	0.9543477892875671	0.9356092810630798	0.23326370120048523	0.47850358486175537	0.2828001081943512	1.1869597434997559	0.26361650228500366	0.653057336807251	0.34348055720329285	0.6177940964698792	0.47031480073928833	0.7312166690826416	0.70465487241745	0.6924230456352234	0.2561313211917877	0.3478148579597473	0.39295363426208496	0.1826474666595459	0.09241140633821487	0.3415992856025696	0.8497203588485718	0.4798125624656677	0.7936813831329346	0.45404982566833496	0.4650082588195801	0.03349181264638901	0.835311770439148	0.3616670072078705	0.5372062921524048	0.5577560067176819	0.5349524021148682	0.6377695798873901	0.40672749280929565	1.2368353605270386	0.3443458676338196	0.7145920395851135	0.22313004732131958	0.09504877030849457	0.16878892481327057	0.5540386438369751	1.0044007301330566	0.44755786657333374	0.5588493943214417	0.41905105113983154	0.3638061285018921	1.0116523504257202	0.5244536995887756	0.41180500388145447	0.3805672526359558	0.8291836380958557	0.44945228099823	0.27425917983055115	0.0663890540599823	0.6305556893348694	0.7115327715873718	0.23783956468105316	0.6354127526283264	0.37330377101898193	0.4334017038345337	0.2585819363594055	0.06981252133846283	1.1031091213226318	0.6194014549255371	0.5092368721961975	1.168910264968872	0.9615839719772339	0.37180840969085693	0.2616305947303772	0.2630910277366638	0.6786773800849915	0.030655361711978912	0.45081427693367004	0.5759174823760986	0.8422221541404724	0.419463574886322	0.8174645900726318	0.6930907368659973	0.867777943611145	0.24045595526695251	0.16724154353141785	0.4908873438835144	0.13436004519462585	0.5474156737327576	0.02186041697859764	0.5434277653694153	0.2103678286075592	0.0555916391313076	0.5925440192222595	0.7924365997314453	0.12063490599393845	0.45021551847457886	0.25424113869667053	0.288936585187912	0.045394837856292725	0.5345125794410706	0.1319870501756668	0.8334834575653076	0.6915647387504578	0.2659611403942108	0.23765906691551208	0.3592095971107483	0.4855763018131256	0.5619844794273376	0.40033066272735596	0.26864126324653625	0.6904615163803101	0.5356739163398743	0.8197762370109558	0.6468027830123901	0.928675651550293	0.501732587814331	0.3982640206813812	0.01595448888838291	0.9648861289024353	0.9286819696426392	0.30734023451805115	0.3493107557296753	0.5742159485816956	0.19859324395656586	0.6278383731842041	0.6015174388885498	0.5797243118286133	0.5944653749465942	0.46267232298851013	0.8046042919158936	0.6950855851173401	0.522129476070404	0.2797345519065857	1.130974292755127	0.6635376214981079	0.8790165185928345	0.3237149119377136	0.8626769781112671	0.46471405029296875	0.01038341037929058	0.401991605758667	0.3446035087108612	0.8265517354011536	0.6190106868743896	0.26826012134552	0.3644619584083557	0.7894683480262756	1.3818020820617676	0.65166836977005	0.520451009273529	0.8795769810676575	0.3129650056362152	0.5355699062347412	0.35053104162216187	0.43410634994506836	1.0372012853622437	1.2711620330810547	0.35421642661094666	0.24027378857135773	0.48252561688423157	0.3407129943370819	0.4108874201774597	1.009403109550476	1.0093275308609009	0.40365898609161377	0.8511177897453308	0.3854430913925171	0.6324568390846252	0.17088323831558228	0.922092080116272	1.0954031944274902	0.7712460160255432	0.41469940543174744	0.4014400243759155	0.8295265436172485	1.481769323348999	0.4364243447780609	0.3732717037200928	0.4285600185394287	0.37283557653427124	0.7168654203414917	0.8310407400131226	0.34824660420417786	0.6574537754058838	0.8970348834991455	0.5307108163833618	1.182074785232544	0.38039833307266235	0.5847126841545105	0.3603140711784363	0.8630282878875732	0.3265015482902527	0.06543375551700592	0.10697953402996063	1.0856529474258423	0.3706638514995575	1.0831165313720703	0.3958773612976074	1.0316091775894165	0.25747549533843994	1.0192725658416748	0.718326210975647	0.6458592414855957	0.5272368788719177	0.6071224808692932	1.0517224073410034	0.2999027371406555	1.1897915601730347	0.5662277936935425	0.18885581195354462	0.2806515693664551	0.04593217745423317	0.06703265011310577	0.09122772514820099	1.3415868282318115	0.48554176092147827	0.24538522958755493	0.4428333640098572	0.09935083240270615	0.2269608974456787	0.08334748446941376	0.5432552099227905	0.4874003529548645	0.2674470841884613	0.3258140981197357	0.21029454469680786	0.5254942178726196	0.4771810472011566	0.4811968207359314	0.444217711687088	0.6068487167358398	0.8824870586395264	0.642956554889679	0.6094846725463867	0.594064474105835	0.7148146629333496	0.6439363360404968	0.3700145483016968	1.1636642217636108	1.2409601211547852	0.46199458837509155	0.32395684719085693	0.633647084236145	1.1936947107315063	0.05443544685840607	0.6881092190742493	0.5451525449752808	0.10139736533164978	0.3469211161136627	0.6539895534515381	0.5334080457687378	0.5920818448066711	0.845129132270813	0.25266337394714355	0.3791719973087311	0.29683372378349304	0.7602049112319946	1.0329746007919312	0.8598792552947998	0.4642287492752075	0.3957071304321289	0.7357200384140015	0.49976858496665955	0.33644744753837585	0.987234354019165	1.232714056968689	0.17484892904758453	0.4780241847038269	1.0947672128677368	0.3725649416446686	0.5737184882164001	0.8788583874702454	0.6143375039100647	0.3309189975261688	0.47477197647094727	0.20450398325920105	0.22162127494812012	0.0650191605091095	1.060577392578125	0.3518565893173218	0.7635564208030701	0.5958571434020996	0.422837495803833	0.5011205077171326	0.5063101649284363	0.04545886814594269	0.6061026453971863	1.008306622505188	0.4035976827144623	1.3293622732162476	0.3824109435081482	0.42798933386802673	0.04045499488711357	0.4020146429538727	0.2386431097984314	0.2609383463859558	0.28305941820144653	1.1638580560684204	0.29737818241119385	0.9669289588928223	1.0396995544433594	0.5966174006462097	0.5210453271865845	0.09263032674789429	0.6275928020477295	0.4990420639514923	0.8001692295074463	0.47118860483169556	0.5916829109191895	0.8647154569625854	0.3274163007736206	0.6326225399971008	0.14862489700317383	0.2590768337249756	0.8487787246704102	1.1526412963867188	1.4537968635559082	0.7206764817237854	0.30102795362472534	0.9328130483627319	0.17234882712364197	0.18657495081424713	0.6936854124069214	0.38235607743263245	0.7334126234054565	0.2895791232585907	0.3660036027431488	0.9264443516731262	0.1872977614402771	0.3192563056945801	0.3658331036567688	0.3634400963783264	1.003994345664978	0.6616430878639221	0.12433861196041107	0.6354873180389404	0.35978612303733826	0.7896644473075867	0.34780818223953247	0.7597306966781616	0.5976874232292175	0.26899102330207825	0.6664699912071228	0.7965700030326843	0.7788196206092834	0.02711069956421852	0.2819533944129944	0.8647681474685669	0.5714061260223389	0.8413943648338318	0.5730421543121338	0.6054502725601196	0.2202455997467041	0.5464088320732117	0.6346303820610046	0.26877838373184204	1.2137993574142456	0.36100903153419495	0.13155585527420044	0.25200051069259644	0.2072291076183319	0.5324360728263855	0.07452604174613953	0.5101644396781921	0.7210450768470764	0.8657341003417969	0.6607965230941772	1.2799996137619019	0.35769346356391907	0.6047731041908264	0.6867178678512573	1.61264967918396	0.8971266150474548	1.57016122341156	0.08677054941654205	0.28425392508506775	0.06029287725687027	0.2479562759399414	0.5894607305526733	1.111612319946289	0.478006511926651	0.47294604778289795	0.3805142045021057	0.27219676971435547	0.8266769051551819	0.29921865463256836	0.37820103764533997	0.34540361166000366	0.11437597870826721	0.3838317096233368	0.3073091506958008	0.3844589293003082	0.9043751955032349	0.5646309852600098	0.6960023641586304	0.7397099733352661	0.41965699195861816	0.13889893889427185	0.3094666600227356	0.5544477105140686	0.24567940831184387	0.38878291845321655	0.11215078085660934	0.3196598291397095	0.6948850154876709	0.2333514541387558	0.866558313369751	1.067054271697998	0.31133511662483215	0.7677751779556274	0.17329974472522736	0.6198407411575317	0.37564748525619507	0.11840182542800903	1.4617606401443481	0.6886930465698242	0.568596601486206	0.951511800289154	1.3491504192352295	0.38009408116340637	0.6645597815513611	0.7794641256332397	1.4515050649642944	0.056475721299648285	0.5909989476203918	0.23299162089824677	0.2143135368824005	0.19910016655921936	0.482305109500885	0.4345840811729431	0.5486354231834412	0.5285549759864807	0.0673118457198143	0.35693275928497314	0.5432029962539673	0.7630754113197327	1.2474844455718994	1.1881822347640991	0.16997888684272766	0.41181695461273193	0.5729423761367798	0.39402857422828674	0.1676393747329712	0.3249233663082123	1.099057674407959	0.5044116377830505	0.1310235857963562	0.48146626353263855	1.193304181098938	0.22922229766845703	1.4505199193954468	0.08973187953233719	0.05521395057439804	0.9654439687728882	0.07135285437107086	1.2424575090408325	0.5731422901153564	0.17292356491088867	1.0244827270507812	0.5659962892532349	0.29110753536224365	0.5112073421478271	0.32563623785972595	0.5347267985343933	0.8481035232543945	0.4600626528263092	0.1815386712551117	0.35221046209335327	0.5718050599098206	0.7481353282928467	0.11850615590810776	1.1855703592300415	0.2708497643470764	0.5615469217300415	0.7630051970481873	0.6210896968841553	0.5365946888923645	0.6771280169487	0.06415058672428131	0.3493521213531494	0.150398388504982	0.2594517469406128	0.7214884757995605	0.23582877218723297	0.4085465371608734	0.6349490880966187	0.111723892390728	0.8594875335693359	0.42359817028045654	0.26399606466293335	0.5427476167678833	0.37800168991088867	0.1452803909778595	0.7938884496688843	0.16501685976982117	0.2367982566356659	0.7437377572059631	0.479616641998291	0.49227800965309143	0.20422524213790894	0.4345252811908722	0.38569632172584534	0.3020308315753937	0.047333501279354095	0.5867473483085632	1.059153437614441	0.14450496435165405	1.0442086458206177	0.7939178943634033	0.6590438485145569	0.5727843046188354	0.6668304204940796	0.8358062505722046	0.04667596146464348	0.44260722398757935	0.1422417014837265	0.3046100437641144	1.0361347198486328	0.6439774036407471	0.6236287951469421	0.597390353679657	0.37402915954589844	0.26637527346611023	0.9822931885719299	0.4170962870121002	1.0873078107833862	0.4447171986103058	0.32874277234077454	0.5446678996086121	0.5461879968643188	0.4397442936897278	1.1241302490234375	0.36013808846473694	0.04378272593021393	0.41730770468711853	0.31255799531936646	0.44621533155441284	0.5517205595970154	0.7398629784584045	0.394211083650589	0.31793472170829773	0.1996271014213562	0.759080708026886	0.4756794273853302	0.2353343665599823	1.1082429885864258	0.0	0.38581645488739014	0.36125168204307556	0.9238290190696716	0.2351655513048172	0.3648321032524109	0.4809371829032898	0.9844518899917603	0.14667290449142456	0.6847865581512451	0.4853169322013855	0.9534987211227417	1.075600504875183	0.16904912889003754	0.7379329800605774	0.9161421060562134	0.797383725643158	0.4945946931838989	0.4137251675128937	0.434074342250824	0.6976664066314697	0.3672003149986267	0.41319790482521057	0.6724462509155273	0.2627907693386078	0.028215499594807625	0.49673977494239807	0.29118549823760986	1.3755725622177124	0.9575309753417969	0.7068772315979004	0.622368574142456	0.8055804967880249	0.3116551339626312	0.4430398941040039	0.18704241514205933	0.1791970431804657	0.3839959502220154	0.60695481300354	1.5236949920654297	1.6852819919586182	0.134567528963089	0.41344642639160156	0.0653594434261322	1.4050567150115967	0.7532427310943604	0.9510204792022705	0.5029832720756531	0.6063940525054932	0.4220404326915741	1.6144342422485352	0.08661322295665741	0.009397484362125397	0.934501051902771	0.6057634353637695	1.038596272468567	0.20861764252185822	0.5214434266090393	0.8839774131774902	0.6442670226097107	0.5997881293296814	0.9697605967521667	0.8878124952316284	0.7075971961021423	0.37936931848526	0.9002729654312134	0.3860578238964081	0.9473820328712463	1.3335378170013428	1.307065486907959	0.3067919909954071	0.2746115028858185	0.7779256105422974	1.2514501810073853	0.4046195447444916	1.175481915473938	0.23172001540660858	0.2739379107952118	0.0884653627872467	0.6269533634185791	0.3426467478275299	0.38815680146217346	0.8869574069976807	0.20648954808712006	0.5475870370864868	0.24430617690086365	0.5553181171417236	0.3146463632583618	0.456966370344162	1.2128524780273438	1.1468110084533691	0.4110657870769501	0.3286377787590027	0.4815698564052582	0.4520176947116852	1.10043466091156	0.2954624891281128	0.604924738407135	0.2542322874069214	0.39399948716163635	0.2884403169155121	0.4978038966655731	0.14498268067836761	0.5166190266609192	0.48801663517951965	0.7569386959075928	0.6579962968826294	0.34821975231170654	0.5101312398910522	0.44265252351760864	0.273544579744339	0.7341960668563843	0.573459267616272	0.6572355031967163	0.6318002343177795	0.7024314403533936	0.6365219354629517	0.6796905994415283	0.40240973234176636	0.7964661121368408	0.2021632194519043	0.09003694355487823	0.23680168390274048	1.020002007484436	0.24617046117782593	0.2592085599899292	0.997168779373169	0.7098717093467712	0.3590945899486542	0.5191183686256409	0.4006475508213043	0.3642124533653259	0.2048463225364685	1.213401436805725	0.9519959688186646	0.6823257803916931	0.517837643623352	0.5779786109924316	0.34909144043922424	0.49950939416885376	0.9775398969650269	1.244800329208374	0.8520283699035645	0.3970564305782318	0.4232650697231293	0.3749486207962036	0.4892408847808838	0.32245370745658875	0.6624287366867065	0.6984607577323914	0.481585294008255	0.4928230345249176	0.6663220524787903	0.6192848682403564	0.33919891715049744	0.9549140334129333	1.0389324426651	0.0869540125131607	0.102552630007267	0.3283759355545044	0.5004487633705139	0.4398112893104553	0.24624763429164886	0.5938706994056702	0.5159022808074951	0.7663443684577942	0.8678611516952515	0.11538918316364288	0.9955028295516968	0.08869918435811996	0.7668378949165344	0.22524625062942505	0.5871155858039856	0.06406889110803604	1.0467504262924194	0.9136339426040649	0.390098512172699	0.2797744870185852	0.6736629009246826	0.3885869085788727	0.25644564628601074	0.43181949853897095	0.046685636043548584	0.9765560626983643	1.1367535591125488	0.10177573561668396	0.6898329854011536	0.20445841550827026	0.25773096084594727	0.8855017423629761	0.10451044887304306	0.5529472827911377	0.4163668751716614	0.38663581013679504	0.0	0.30935701727867126	0.9633055329322815	0.9225889444351196	0.7483232021331787	0.17412865161895752	0.32146283984184265	0.3155214786529541	1.0300929546356201	0.8840607404708862	0.7780078649520874	0.48467114567756653	0.30102798342704773	0.7156134843826294	0.36948421597480774	0.5653386116027832	0.37690454721450806	1.030172348022461	0.17137596011161804	0.6282080411911011	0.4728510081768036	0.4393218159675598	0.8292639851570129	0.40980902314186096	0.9513534307479858	0.7284036874771118	0.16623017191886902	0.15045815706253052	0.31830906867980957	0.4329102635383606	0.9755682945251465	0.42758601903915405	1.0442514419555664	1.1123231649398804	0.4905827045440674	0.9451714158058167	0.0785946249961853	0.01604856364428997	0.4617186486721039	0.18370763957500458	1.0179133415222168	0.3558861315250397	0.46357107162475586	0.4422183036804199	0.6968172788619995	0.7268065214157104	0.5209301114082336	1.048359990119934	0.30288994312286377	0.6320140957832336	0.26016101241111755	0.9111946821212769	0.29462361335754395	0.5485864281654358	0.25435930490493774	0.5996989011764526	1.0382405519485474	0.9311314821243286	0.8878939747810364	0.8112935423851013	0.4974536597728729	0.3792377710342407	0.4958576560020447	0.2828458547592163
0.2778701186180115	0.09436915069818497	0.3223606050014496	0.275145560503006	1.0846563577651978	0.2419814169406891	0.2614028751850128	1.1163041591644287	0.4756796658039093	0.28889498114585876	0.5329809784889221	0.3278345763683319	1.5856761932373047	0.5076441764831543	0.2338748574256897	0.8739673495292664	0.40052610635757446	0.5308833718299866	0.639404296875	0.574761688709259	0.6118821501731873	0.5404077768325806	0.10552529990673065	0.3714255392551422	0.4420163631439209	0.5292338728904724	0.08709592372179031	0.8866199254989624	0.6135321855545044	0.46258819103240967	0.8378934264183044	0.6349607706069946	0.21384024620056152	0.22882302105426788	0.5041549801826477	0.33974993228912354	0.3657110333442688	0.8202614784240723	0.4585201144218445	0.5532099604606628	0.6998522877693176	0.2190004587173462	0.41209471225738525	0.70501309633255	0.23972100019454956	1.163411259651184	0.30233606696128845	0.4030207693576813	0.35079479217529297	0.8869990706443787	0.9254366159439087	0.5297068357467651	0.3973485231399536	0.8465102314949036	0.47914719581604004	0.20777380466461182	0.32428690791130066	1.2823293209075928	0.47568586468696594	0.3605969250202179	0.09737454354763031	0.9497189521789551	0.1530275046825409	0.644085168838501	0.26025673747062683	0.32150352001190186	0.990476131439209	0.5114437341690063	0.049707114696502686	0.34666144847869873	0.2922380566596985	0.1732940375804901	0.9614747762680054	1.2498688697814941	0.3995790481567383	0.225247323513031	0.738161563873291	0.35044094920158386	0.7201496958732605	0.726737380027771	1.4601470232009888	0.2034151554107666	0.1775430291891098	0.24490231275558472	0.7005892395973206	0.3975488543510437	0.30455923080444336	0.795727014541626	0.4600426256656647	0.310770720243454	0.5000780820846558	0.6922256350517273	0.47284120321273804	0.7227117419242859	0.3608281910419464	0.4573059678077698	0.2382678985595703	0.21745716035366058	0.5461543798446655	0.5903745889663696	0.2513706386089325	1.030094027519226	0.09883730858564377	0.8179284930229187	0.8207141160964966	0.2015218585729599	0.49044474959373474	0.6400798559188843	0.41093331575393677	0.897279679775238	0.6495030522346497	0.6108025908470154	1.2562756538391113	0.4742622375488281	0.9411852359771729	0.6886327862739563	0.5554712414741516	0.8343979120254517	0.4834825098514557	0.017836323007941246	0.9161182641983032	0.7027699947357178	0.6238304376602173	0.2810390591621399	1.2620491981506348	0.48341649770736694	0.3125123679637909	0.3581092059612274	0.39066383242607117	1.3078060150146484	0.19659897685050964	0.2201182097196579	0.5165034532546997	0.6192988157272339	0.4615187644958496	0.4140361547470093	0.7102921009063721	0.5046120285987854	0.5659449696540833	0.44841381907463074	0.5833479762077332	0.27962300181388855	0.5397911071777344	0.313785195350647	0.7157421708106995	0.6756256222724915	0.8131495714187622	0.5642324090003967	0.9455106258392334	0.697252631187439	0.2894207835197449	0.4091542959213257	0.9417575597763062	0.07568034529685974	0.4468429684638977	0.8011606931686401	0.3745654821395874	0.5890651941299438	0.3855935335159302	0.2744791507720947	0.5434069633483887	0.6888092756271362	0.35415250062942505	0.2871667146682739	0.3381552994251251	0.4679553210735321	0.1821284145116806	0.2760849893093109	0.16384205222129822	0.12178292870521545	0.21422095596790314	0.47092872858047485	0.44747671484947205	0.5612772107124329	0.728975772857666	0.47789573669433594	0.40988364815711975	0.8827221393585205	0.3595750033855438	0.3315798044204712	0.5200687050819397	0.14114148914813995	0.3491457402706146	0.8556373119354248	0.5983998775482178	0.12903724610805511	0.5229692459106445	0.22095534205436707	0.5560731291770935	0.4183647036552429	0.6236040592193604	0.49028244614601135	0.7941246032714844	0.2951216995716095	0.39584535360336304	0.49008554220199585	0.6073076128959656	0.32363566756248474	0.5190596580505371	0.7217220067977905	0.598841667175293	0.13805125653743744	0.29210054874420166	0.7038174867630005	1.288317322731018	0.44274845719337463	0.3351059854030609	0.2348935753107071	0.0024722591042518616	0.4514833688735962	0.0874958410859108	0.5887773633003235	0.22777248919010162	0.5455731153488159	0.28180912137031555	0.21952882409095764	0.4201563000679016	0.7257795333862305	0.36065953969955444	0.6319220662117004	0.5125162601470947	0.2939196228981018	0.4718746840953827	0.8651546835899353	0.26223960518836975	0.49629688262939453	0.9717682600021362	0.7336623668670654	0.27810660004615784	0.3288780450820923	0.6563307046890259	0.5722590684890747	0.24348293244838715	1.329723834991455	1.1402610540390015	0.650985836982727	0.286310076713562	0.6173057556152344	0.33850258588790894	0.5618568062782288	0.6970416903495789	0.43521013855934143	1.179093360900879	0.6197664737701416	0.45844340324401855	0.35296183824539185	0.5918412804603577	0.46852362155914307	0.243144229054451	0.6046124696731567	0.9242328405380249	1.093583106994629	1.1796090602874756	0.19055837392807007	0.31064778566360474	0.8305240869522095	1.7029790878295898	0.8337980508804321	0.6662377119064331	0.5095986127853394	0.5683605074882507	0.7813069224357605	0.5253769159317017	0.5252174139022827	0.4560576379299164	0.344526469707489	0.3936762511730194	0.16672509908676147	0.3630802631378174	0.713318943977356	0.642717719078064	0.5054243803024292	0.7645215392112732	0.23549222946166992	0.38783374428749084	0.13310383260250092	0.2612622380256653	0.900626003742218	0.2582879364490509	0.42999258637428284	0.151765376329422	1.0639526844024658	0.16488976776599884	0.20496784150600433	0.4161771833896637	1.224869966506958	0.21459044516086578	0.4814099669456482	0.1729399561882019	0.7435005903244019	0.6318654417991638	0.8281520009040833	0.3501153886318207	0.26360344886779785	0.43860137462615967	0.29837554693222046	1.029671311378479	0.44536420702934265	0.1971915066242218	0.19239559769630432	0.19815322756767273	0.06006071716547012	0.7738732695579529	0.7637743353843689	0.902471125125885	0.15234218537807465	0.4063278138637543	0.16703633964061737	0.277839720249176	0.9513072967529297	0.1279376596212387	0.08265065401792526	0.5610039830207825	1.1187167167663574	0.4106931686401367	0.5148996114730835	0.224488765001297	0.5650744438171387	0.753739595413208	0.8614513874053955	0.16244778037071228	0.19292844831943512	0.48263517022132874	0.35085976123809814	1.3419106006622314	0.5516853332519531	0.4180728495121002	0.3670460283756256	0.4383661150932312	0.37787678837776184	1.8509881496429443	0.311710387468338	0.18504221737384796	0.4436943233013153	0.9558925032615662	0.3823356330394745	1.1591796875	0.07514096051454544	0.7768287658691406	0.6080176830291748	0.2818087041378021	0.06237884983420372	0.31373685598373413	0.3996404707431793	0.289210706949234	0.48579201102256775	0.5672386884689331	0.5487431287765503	1.2007858753204346	0.318843275308609	1.1125361919403076	0.40411263704299927	0.156246155500412	0.8798133730888367	0.8973037004470825	0.15355639159679413	0.4273217022418976	0.2382798194885254	0.4511047601699829	0.786483108997345	1.0897541046142578	0.9435746669769287	0.23388054966926575	0.27248573303222656	0.8489528298377991	0.1512741893529892	0.6137571930885315	1.5287270545959473	0.37045443058013916	0.3359728455543518	0.42295074462890625	0.5086580514907837	0.42110663652420044	0.9269022941589355	0.2992924451828003	0.7693637609481812	0.6715279817581177	0.5097765326499939	0.7536810040473938	1.010027527809143	0.49713993072509766	0.6180240511894226	0.7026548385620117	0.4768628776073456	0.4725564122200012	0.2447139322757721	0.48224425315856934	0.280827134847641	0.16126655042171478	0.4349537789821625	0.25981318950653076	0.6662775278091431	0.23858897387981415	0.691164493560791	0.5205710530281067	0.8994481563568115	0.7991155385971069	0.40026265382766724	1.4751365184783936	0.8054900765419006	0.3007469177246094	0.5173512697219849	0.24339346587657928	0.6044324040412903	0.40942883491516113	0.4663757383823395	0.527957022190094	0.27818137407302856	0.3481771647930145	0.2510025203227997	0.27505922317504883	0.29497405886650085	1.0048209428787231	0.051606837660074234	0.7667759656906128	0.9002556800842285	0.6429539918899536	0.4907018542289734	0.514743983745575	0.1092279925942421	0.28510788083076477	0.23672044277191162	0.8787174820899963	0.605584442615509	0.5078698396682739	0.2772016227245331	0.686050295829773	1.1905267238616943	0.30866968631744385	0.29286327958106995	0.2437746524810791	0.147652268409729	0.6008821725845337	0.3543570041656494	0.4193264842033386	0.46555036306381226	0.4602894186973572	0.8143032193183899	0.48096197843551636	0.19704578816890717	1.2118120193481445	1.0493946075439453	1.4780348539352417	0.7746330499649048	0.35609719157218933	0.4444156885147095	0.9780811667442322	0.32448774576187134	0.8597654700279236	0.691564679145813	0.1845223605632782	0.34465381503105164	0.12209778279066086	0.7947571277618408	0.25409430265426636	0.23041334748268127	0.6102944016456604	0.4078192114830017	0.4048669934272766	0.24674122035503387	0.48268553614616394	0.5945649743080139	0.2414117455482483	0.485515832901001	0.6243560910224915	0.20967678725719452	0.33690062165260315	0.642636775970459	0.2670583128929138	0.2811567783355713	0.9230942130088806	0.44308382272720337	0.7108205556869507	0.3316582143306732	0.6695224046707153	0.009556633420288563	0.7637902498245239	1.1398167610168457	0.42224058508872986	0.7571082711219788	0.6205426454544067	0.19034534692764282	0.807982325553894	0.5382091403007507	0.8335826992988586	1.1172820329666138	0.36008307337760925	1.5228289365768433	0.6890157461166382	0.23190069198608398	0.38130855560302734	0.5425649285316467	1.1874501705169678	0.7949746251106262	0.22819997370243073	0.45282232761383057	0.319658100605011	0.6233000755310059	0.3325560986995697	0.7552159428596497	0.6984502673149109	0.3365355134010315	0.039368048310279846	0.4121595323085785	0.7414230704307556	0.5861659049987793	0.3912554681301117	0.7463573813438416	0.564946174621582	0.36432695388793945	0.2842268943786621	0.24594709277153015	0.45427387952804565	0.46658381819725037	0.3431069552898407	0.5943983793258667	0.28092098236083984	0.3894205689430237	0.527649998664856	1.0525264739990234	0.4692266285419464	1.6645687818527222	0.4944837987422943	0.733318567276001	0.26890262961387634	0.5452640056610107	0.9016993045806885	0.49888065457344055	0.013021638616919518	0.6931236982345581	0.2584240734577179	0.18154723942279816	0.5769283771514893	0.9112899303436279	0.8318104147911072	0.34954991936683655	0.19068023562431335	0.5512163639068604	0.6903367042541504	0.18270111083984375	0.5894896984100342	0.7249307036399841	0.24548593163490295	0.3774949908256531	0.3335747718811035	0.4796909689903259	0.9652785062789917	0.16563120484352112	0.3353390395641327	0.13316962122917175	0.17961660027503967	0.690100908279419	0.4139156639575958	0.4398220181465149	0.17023791372776031	0.4850941598415375	0.5241742730140686	0.8670518398284912	0.6939052939414978	0.5071547031402588	0.6917630434036255	0.8699589967727661	0.3757687211036682	0.06572240591049194	1.0624947547912598	0.2717803716659546	0.9840914607048035	0.13554507493972778	0.25163349509239197	0.5488607287406921	0.7280526757240295	0.7542052268981934	1.1756701469421387	0.419127494096756	0.3050711750984192	0.5156916379928589	0.0328250527381897	0.4778807461261749	0.45801395177841187	0.18039357662200928	0.7459408044815063	0.6326037645339966	0.6173017621040344	0.5914535522460938	0.6341912150382996	0.4962397515773773	0.30302879214286804	0.06806761771440506	0.4536159932613373	0.48811307549476624	0.7006270289421082	0.683326005935669	0.8202913403511047	0.45505934953689575	0.5054301023483276	0.15068009495735168	0.3360297977924347	0.7291198968887329	0.3528256416320801	0.29164648056030273	0.3971470892429352	1.1392420530319214	0.30647918581962585	0.31396982073783875	0.8501341342926025	0.733281672000885	0.2988941967487335	0.5870542526245117	0.3939633369445801	0.2150876820087433	0.23430220782756805	0.5717971920967102	0.11049400269985199	0.30359628796577454	0.33492833375930786	0.14524611830711365	0.21599094569683075	0.5277679562568665	0.3172357380390167	0.45608648657798767	0.3967171609401703	0.35610824823379517	0.7081406712532043	0.7028897404670715	0.41137173771858215	0.4360315799713135	0.1224343404173851	1.02213716506958	0.2821456789970398	0.8692388534545898	0.6892524361610413	0.3017156720161438	0.16777531802654266	1.3119922876358032	0.12062758207321167	0.1941651999950409	0.15649795532226562	0.42949748039245605	0.2503977119922638	0.41530975699424744	0.48687127232551575	0.4401729106903076	0.4468131959438324	0.502638041973114	0.9532371163368225	0.3544764816761017	0.25194427371025085	0.7391085624694824	0.11473631113767624	0.34088578820228577	0.5769721865653992	0.19845446944236755	0.3240666389465332	0.5020556449890137	0.4766901731491089	0.41963309049606323	0.3893895745277405	0.5230287909507751	0.8331212997436523	0.5598763227462769	0.44721898436546326	0.2913103401660919	0.25881892442703247	0.5112578272819519	0.575480580329895	1.0555188655853271	0.6881179213523865	0.458161324262619	1.2932679653167725	0.8172996044158936	0.4374029338359833	0.50496506690979	0.48697882890701294	0.9291133880615234	0.44387397170066833	0.25305813550949097	1.1008617877960205	1.1184494495391846	1.1860440969467163	0.23708176612854004	0.48925191164016724	0.38813889026641846	0.45087480545043945	0.42153334617614746	0.5890972018241882	1.0675733089447021	0.59571772813797	0.6179392337799072	0.15377461910247803	0.6746646165847778	0.36625048518180847	0.619419515132904	0.3425631523132324	0.445489764213562	0.2575923800468445	0.07838603109121323	0.31078168749809265	0.4822025001049042	0.8415160179138184	0.6507856845855713	0.5272467136383057	0.8975979089736938	0.20993469655513763	0.19473406672477722	0.24845342338085175	0.1528088003396988	0.6511696577072144	0.45532935857772827	0.39750608801841736	0.3849595785140991	0.7020350694656372	0.517236590385437	0.7517042756080627	0.5797654390335083	0.3233298063278198	1.20531165599823	0.3133408725261688	0.7542295455932617	0.49860692024230957	0.5859366059303284	1.156919240951538	0.8529826402664185	0.5026945471763611	0.39575180411338806	0.6177010536193848	0.08477803319692612	0.8211880922317505	0.6566651463508606	0.43952491879463196	0.5363913774490356	0.10992395132780075	0.2879309058189392	0.5580783486366272	1.2491434812545776	0.2653183937072754	0.6006532907485962	0.23631300032138824	0.48675936460494995	0.27903681993484497	0.2431492656469345	0.3137127757072449	1.133241891860962	0.5850163698196411	0.3123546242713928	0.3839758336544037	0.6725571155548096	0.42963117361068726	0.5170172452926636	0.3872412145137787	0.2589651048183441	0.47312605381011963	0.20800603926181793	0.4106977581977844	0.15390487015247345	0.15888705849647522	0.5837739109992981	0.8421655297279358	0.33213168382644653	0.7151652574539185	1.0786479711532593	0.7546699047088623	0.7389246821403503	0.24994760751724243	0.6943204402923584	0.3530076742172241	0.18124951422214508	0.6804486513137817	0.21695584058761597	0.42497527599334717	0.5624212026596069	0.41841912269592285	0.6224590539932251	0.6167833209037781	0.0941588506102562	0.6196922659873962	0.802105188369751	0.6663215160369873	0.2972194254398346	0.2396707534790039	0.5465410947799683	0.5786030888557434	1.6014502048492432	0.5590519905090332	0.37254780530929565	0.6780366897583008	0.29843375086784363	0.27638372778892517	0.3740081787109375	0.44109460711479187	0.27575594186782837	0.523482084274292	0.6273961663246155	0.12979502975940704	0.8063346743583679	0.6225979924201965	0.27406930923461914	1.5458853244781494	0.4500609338283539	0.34176528453826904	0.26206284761428833	0.5823589563369751	0.5696099400520325	0.7177850008010864	1.2845079898834229	0.46710750460624695	0.4147980809211731	1.284912109375	0.42399269342422485	0.6671473383903503	0.357440322637558	0.41500338912010193	0.6541353464126587	0.5252230167388916	0.5923857092857361	0.36693528294563293	0.6966521739959717	0.84132981300354	0.8718453049659729	0.2524551749229431	0.3016776740550995	0.5309535264968872	0.35653990507125854	0.16221509873867035	0.3681020140647888	0.6352435946464539	1.1146669387817383	0.4093478322029114	0.18958598375320435	0.4951147139072418	0.11169344186782837	0.3560600280761719	0.6548676490783691	0.583278238773346	0.9099422693252563	0.5961822271347046	0.5073632597923279	0.6675602197647095	0.7569541931152344	0.3922920525074005	1.0597232580184937	0.3824639320373535	0.3734270930290222	0.7230090498924255	0.6089848279953003	0.05014041066169739	0.3724091649055481	0.33018961548805237	0.8192368149757385	0.9557903409004211	0.19961392879486084	0.43206220865249634	0.41792649030685425	0.7277319431304932	0.5160626769065857	0.7297762036323547	0.3826994001865387	0.4179094433784485	0.2824294865131378	0.5411986708641052	0.3934314548969269	0.441257506608963	0.30427178740501404	0.19045886397361755	0.9054418206214905	0.2013915628194809	0.501921534538269	0.01648043654859066	0.2557041347026825	0.8422400951385498	0.14368875324726105	0.3568762242794037	0.5057369470596313	0.3278123736381531	0.21406055986881256	0.7736026644706726	0.7053608894348145	0.5515836477279663	0.6417607069015503	0.8751544952392578	0.5565111041069031	0.9599334001541138	0.8689920902252197	0.6567724347114563	0.8954750895500183	0.31637412309646606	0.6624146103858948	0.4457421600818634	0.7298678159713745	0.65730220079422	0.1969248354434967	0.331236869096756	0.8903495073318481	0.2789638042449951	0.23312519490718842	0.6060543656349182	0.3457932770252228	0.11173230409622192	0.9141595363616943	0.44593578577041626	0.48861467838287354	0.5804082751274109	0.3545245826244354	1.313093900680542	0.6281346082687378	0.4765291213989258	0.43195822834968567	0.5167953968048096	0.28122228384017944	0.4379248321056366	0.2810264527797699	0.08946015685796738	0.23519578576087952	0.6896272897720337	0.5166218876838684	0.8143619894981384	0.6934213638305664	0.28162214159965515	0.09233999252319336	0.35272955894470215	0.3524740934371948	1.3162723779678345	0.25848865509033203	0.42938143014907837	0.7768633365631104	0.6589940190315247	0.6783469915390015	0.40401774644851685	0.3078189492225647	0.4476127624511719	0.5542987585067749	1.0084160566329956	0.7567689418792725	0.22724978625774384	0.469598650932312	0.35444507002830505	0.25481122732162476	0.3767092227935791	0.3879885971546173	0.24712136387825012	0.4892224669456482	0.19367246329784393	0.3330213129520416	0.4992830455303192	0.32993656396865845	0.3995002508163452	0.28833144903182983	0.4859970808029175	1.076093316078186	1.1756505966186523	0.4657154083251953	0.6609475016593933	0.9892914295196533	1.107558012008667	0.48662737011909485	0.5808453559875488	0.7724776268005371	0.8573113679885864	0.23074474930763245	0.3823838233947754	0.21581467986106873	0.3966880440711975	0.4222508668899536	0.6523953080177307	0.6345438957214355	0.4119955599308014	1.2232335805892944	0.8778207302093506	0.4447006583213806	1.0345157384872437	1.011803150177002	0.29223358631134033	0.46972984075546265	0.5673050284385681	0.23641127347946167	0.682052493095398	0.7096203565597534	0.8452007174491882	0.8735508322715759	0.7699898481369019	0.2501213550567627	1.0617356300354004	0.6309066414833069	0.5017099380493164	0.3942747116088867	0.40045100450515747	0.39591872692108154	0.4058148264884949	0.5048163533210754	1.5188535451889038	1.041152000427246	0.1346614509820938	0.5938460230827332	0.35847851634025574	0.44426092505455017	1.0631155967712402	0.23688504099845886	0.8848557472229004	0.6316649317741394	0.918311595916748	0.2598084509372711	0.11969912797212601	0.6022372245788574	0.5386370420455933	0.5962437987327576	0.5216125249862671	0.23045310378074646	0.6514050960540771	0.5561937689781189	1.0990955829620361	0.37795063853263855	0.5329844355583191	0.36935919523239136	0.034324221312999725	0.7190042734146118	0.4685189723968506	0.8909050226211548	0.5725255012512207	0.46344971656799316	0.7350318431854248	0.8169888854026794	0.3241298794746399	0.9377545118331909	0.3582468628883362	0.45928138494491577	0.7786002159118652	0.23657962679862976	0.28527531027793884	0.31141185760498047	0.7620524168014526	0.6269900798797607	0.6376411318778992	1.059185266494751	1.166240930557251	0.24925273656845093	1.042773962020874	0.4949099123477936	0.2644176185131073	0.8951432108879089	0.8795554041862488	0.4207419157028198	0.5028696060180664	0.34068089723587036	0.15512029826641083	0.958471417427063	0.135783389210701	0.35851141810417175	1.0206403732299805	0.07631942629814148	0.14194853603839874	0.8720977306365967	0.3165602385997772	0.5569543242454529	0.8969353437423706	0.344902366399765	0.335027277469635	0.5216104388237	0.41231095790863037	0.6145551204681396	0.36333906650543213	0.17273779213428497	0.9313191771507263	0.6754921674728394	0.6995023488998413	0.21929457783699036	0.45242199301719666	0.33749476075172424	0.18618783354759216	0.45782625675201416	0.28651559352874756	1.0622000694274902	0.0	0.3668431043624878	0.8906891942024231	0.07499958574771881	0.25547102093696594	0.035845447331666946	0.8338972330093384	0.3332822620868683	0.3717522919178009	0.7961195111274719	0.16440549492835999	0.46395352482795715	0.43451249599456787	0.5506024956703186	0.8486489057540894	0.6735038161277771	0.8887996077537537	1.3845860958099365	0.5993220806121826	0.5015299916267395	0.29890844225883484	1.449775218963623	0.12663349509239197	0.6342129111289978	0.2918373942375183	0.36574310064315796	0.2145986258983612	1.0239261388778687	0.17978711426258087	0.7789266109466553	0.6086970567703247	0.9803792834281921	0.9608200788497925	1.26590096950531	0.8018832206726074	0.8560028672218323	0.22858309745788574	0.856306791305542	0.8259559869766235	0.493794709444046	1.058847427368164	0.5453414916992188	0.23474380373954773	1.2874666452407837	0.316738098859787	0.49850645661354065	0.08628275990486145	0.4733460247516632	1.2893009185791016	0.8937192559242249	0.9066941142082214	0.43346843123435974	0.6607236862182617	0.2936212122440338	0.4311745762825012	0.451482892036438	0.6386587023735046	0.3032437562942505	0.4082515835762024	0.2029697299003601	0.18848109245300293	0.9650996327400208	0.9256573915481567	0.35188451409339905	0.4499504864215851	0.578572154045105	0.10521094501018524	0.21933329105377197	0.4128009080886841	0.529798150062561	0.350406289100647	0.48397886753082275	0.1761939972639084	0.9589598178863525	0.4996952712535858	0.3252091109752655	0.09599931538105011	0.7937664985656738	0.39968615770339966	0.8502115607261658	0.3849988281726837	0.338234543800354	0.6006037592887878	0.41658347845077515	0.7884703874588013	0.5970526337623596	0.19829601049423218	0.8832370638847351	0.4096360206604004	0.4470817446708679	1.1628212928771973	0.7608798742294312	0.3655524253845215	0.4603779911994934	0.5813503861427307	0.6186963319778442	0.9487340450286865	0.49926772713661194	1.1295084953308105	0.24783900380134583	0.5112065672874451	1.042787790298462	0.310664564371109	0.4358307719230652	0.802681565284729	0.18611571192741394	0.29093316197395325	0.2320115715265274	0.6665055751800537	1.3111252784729004	1.1342597007751465	0.4472232460975647	0.2905464470386505	0.31204038858413696	0.4092004597187042	0.5850447416305542	0.9016971588134766	0.4588479995727539	0.2456454187631607	0.8253631591796875	0.7314106225967407	0.5759766697883606	0.6278133988380432	0.6151599884033203	0.4280344843864441	0.2158176302909851	0.5550344586372375	0.2336297333240509	0.9393690824508667	0.6292245388031006	0.5931894779205322	0.39110052585601807	0.5248405933380127	0.7988316416740417	0.351642906665802	0.5253137946128845	0.4979509711265564	0.5957076549530029	0.7089836001396179	0.6753748655319214	0.2171461433172226	0.45813077688217163	0.18032728135585785	0.07328104972839355	0.6866390109062195	0.7319847941398621	0.18644091486930847	0.6007406711578369	0.2747805118560791	0.6218041181564331	0.49884742498397827	0.5546396970748901	0.33213967084884644	0.712963342666626	0.33386552333831787	0.6940577626228333	0.6534366011619568	0.6652669310569763	0.8737072944641113	0.6275351643562317	0.6030684113502502	0.10375726222991943	0.4790411591529846	0.21941745281219482	0.8719896674156189	0.7489380240440369	0.2700332999229431	1.1119827032089233	0.5812183618545532	0.8216958045959473	0.7936829328536987	0.661551296710968	0.41684040427207947	0.44955435395240784	0.5387475490570068	0.4609088897705078	0.31184160709381104	0.17299644649028778	0.6915950179100037	0.6312291622161865	0.38820233941078186	0.6143337488174438	0.24532465636730194	0.3273223638534546	1.0192290544509888	0.24352823197841644	0.38362258672714233	0.909089207649231	0.4852907061576843	0.21760180592536926	0.5841255784034729	0.6970776319503784	0.41525667905807495	0.17504681646823883	0.20262345671653748	0.17191383242607117	0.0911763608455658	0.319874107837677	0.26444727182388306	1.0272716283798218	0.5296822786331177	0.5498013496398926	0.32393884658813477	0.4612511396408081	0.34971779584884644	1.119806170463562	0.4053207039833069	0.6330704689025879	0.4954976737499237	0.39728525280952454	0.529787540435791	0.2535107731819153	1.1793348789215088	0.2721768319606781	0.49293437600135803	0.1763443648815155	0.17898674309253693	0.815679132938385	0.6528128385543823	0.89845871925354	0.537928581237793	0.26156044006347656	0.3526005148887634	0.885667085647583	0.25617966055870056	0.3511846959590912	0.40331247448921204	0.4759054183959961	0.12153149396181107	0.435713529586792	0.3835879862308502	0.016674354672431946	0.3437347114086151	0.5335572957992554	0.5097959041595459	0.6418579816818237	0.34439077973365784	0.35211727023124695	0.31803861260414124	0.11280756443738937	0.616054356098175	0.542502224445343	0.3449094593524933	0.24179185926914215	0.8503888845443726	0.26312682032585144	0.24540571868419647	0.6326481103897095	0.2800208330154419	0.6707733273506165	0.11458009481430054	0.5470569729804993	0.12430693954229355	0.6145262122154236	0.5932987332344055	0.9018034338951111	0.4322849214076996	0.19160401821136475	0.20345379412174225	0.6576095223426819	0.1264609694480896	0.3906536400318146	0.2204788625240326	0.515130877494812	0.7302490472793579	0.1465044617652893	0.3416266143321991	0.9435632824897766	0.4223385155200958	0.45481497049331665	0.2794302701950073	0.7993025779724121	0.7804110646247864	0.524707019329071	0.49420464038848877	0.7336232662200928	0.9088274240493774	0.2893502712249756	0.034507595002651215	0.5369614362716675	0.7144870162010193	0.17577290534973145	0.2444910854101181	0.4432014226913452	0.7536880373954773	0.31334295868873596	0.9127672910690308	0.7641586065292358	0.95095294713974	0.3822689354419708	0.4861648678779602	0.7384474277496338	1.362477421760559	0.2161778211593628	0.42685073614120483	0.8997904658317566	0.34634536504745483	0.07653290033340454	0.5800679326057434	0.46002185344696045	0.5036178827285767	0.5442794561386108	0.6136807203292847	0.7131634950637817	0.7057645916938782	0.43142566084861755	0.024448979645967484	0.4366145730018616	0.978212296962738	1.1413815021514893	0.08549778163433075	1.333466649055481	0.18459734320640564	0.6852502822875977	0.5927848815917969	0.31741786003112793	0.6051391363143921	0.23006850481033325	0.3864271938800812	0.34335634112358093	1.1052284240722656	1.899134635925293	0.4784996807575226	0.7468104958534241	0.8308268785476685	0.45158082246780396	0.4572254717350006	0.2214767187833786	0.4806656837463379	1.1604405641555786	0.8638741970062256	0.5154742002487183	0.31368792057037354	0.943160355091095	0.08547186851501465	0.39216092228889465	1.2452256679534912	1.3922783136367798	0.2731267809867859	1.2430217266082764	0.34047824144363403	0.6601476669311523	0.4782693386077881	0.2653789818286896	0.44069865345954895	0.80159592628479	0.44341015815734863	0.6120238304138184	0.8937178254127502	1.372474193572998	0.6919408440589905	0.3833369016647339	0.3883694112300873	0.4589729905128479	0.8099067211151123	0.9857027530670166	0.21532316505908966	0.8963862657546997	0.34881532192230225	0.6232624650001526	0.582545280456543	0.09852798283100128	0.7278043031692505	0.8075395822525024	0.5886135101318359	0.6945355534553528	0.2426767647266388	0.4793504476547241	0.2161201387643814	0.4660256505012512	0.8553033471107483	0.4292925000190735	1.1283429861068726	0.49661779403686523	0.3856317698955536	0.24696409702301025	0.48691239953041077	0.39755409955978394	0.07510270178318024	0.4270346164703369	0.7568603157997131	0.5696985125541687	0.5223917961120605	0.6092906594276428	0.5374306440353394	0.10983537137508392	0.24952399730682373	0.5675045251846313	1.0431504249572754	0.42894360423088074	0.6930855512619019	0.755007803440094	0.008619032800197601	0.20967192947864532	0.32207512855529785	0.33643174171447754	0.5428476929664612	0.5611413717269897	0.15738950669765472	0.9310342669487	0.5979040265083313	0.14466284215450287	0.6711025834083557	0.6626590490341187	0.08708331733942032	0.516711950302124	0.6149536371231079	0.4323408007621765	0.3550926446914673	0.09597460180521011	0.834175705909729	0.4286079704761505	0.20593447983264923	0.9958377480506897	0.5512219667434692	0.30348509550094604	0.12431147694587708	0.6026232242584229	0.41727080941200256	0.9291131496429443	0.9361812472343445	0.04099060595035553	0.42586684226989746	0.15812863409519196	0.8364741206169128	0.4189285635948181	0.5025061964988708	0.782034158706665	0.5833256840705872	0.5896992683410645	0.3371954560279846	0.2831062078475952	0.6075708270072937	0.4202554225921631	0.31007254123687744	1.0935165882110596	0.3230246901512146	0.3356938064098358	0.2241019904613495	0.4761788249015808	0.17228356003761292	0.5578258037567139	0.6389502286911011	0.5214729309082031	0.26814568042755127	0.7361138463020325	0.571963906288147	0.6891685724258423	0.3345821797847748	0.6148591041564941	0.6330991983413696	0.4759991466999054	0.1368066668510437	0.23900790512561798	0.34162360429763794	0.2911210358142853	0.6544101238250732	0.5416932106018066	0.5435311198234558	0.08880792558193207	0.7705258727073669	0.9175665378570557	0.5703939199447632	0.7054450511932373	0.37854933738708496	0.6114515662193298	0.25015437602996826	0.25302478671073914	0.5038042068481445	0.4568280577659607	0.20143379271030426	0.2831641435623169	0.17275533080101013	0.6507180333137512	1.1345974206924438	0.5490482449531555	0.532489001750946	0.5856235027313232	0.3218415081501007	0.490346759557724	0.30576419830322266	0.3331437408924103	0.47411787509918213	0.3965703547000885	0.5686183571815491	0.9254789352416992	0.34522682428359985	0.4591178894042969	1.1946274042129517	0.35183849930763245	0.2833341360092163	0.8353150486946106	0.29276981949806213	0.6045806407928467	0.37948721647262573	0.3437564969062805	0.7573527693748474	0.22950886189937592	0.653069019317627	0.4449050724506378	0.4745994210243225	1.0369739532470703	0.285376638174057	1.0392584800720215	0.29293471574783325	0.655420184135437	0.650387704372406	0.5276473760604858	0.3653855621814728	0.2640170753002167	0.28874558210372925	0.2956353425979614	0.3985809087753296	0.6577088832855225	0.3929503262042999	0.8915500640869141	0.4618210792541504	0.6389265656471252	0.9073690176010132	0.13525785505771637	0.5209245085716248	0.30116960406303406	0.7285799980163574	0.7949191331863403	0.44904625415802	0.5147749781608582	0.21057122945785522	0.6163249015808105	0.5685115456581116	0.33683091402053833	0.8953150510787964	0.487041175365448	0.5792060494422913	0.49906426668167114	0.24916695058345795	0.2126867175102234	0.2538713216781616	0.3066726624965668	0.2710827589035034	0.5484872460365295	0.6824725270271301	0.4118559956550598	0.5784850716590881	0.3052006661891937	0.49263688921928406	0.30209606885910034	0.6516345739364624	0.5131070017814636	0.22242185473442078	0.3169587254524231	0.08765857666730881	0.5128868222236633	1.0875639915466309	0.6387665271759033	0.7733365893363953	0.6034557819366455	0.38415729999542236	0.5006201863288879	0.489689439535141	0.5689096450805664	0.37127864360809326	0.6328160166740417	0.5737717747688293	0.5926552414894104	0.502972424030304	0.24708205461502075	0.6679182052612305	0.9271624088287354	0.7033662796020508	0.47674575448036194	0.18640783429145813	0.1551087349653244	0.5535913705825806	0.4541352093219757	0.26775944232940674	0.7765901684761047	0.19336184859275818	0.23275698721408844	0.8702978491783142	0.11378644406795502	0.5502214431762695	0.1367117464542389	0.43700045347213745	0.746999979019165	0.2627299726009369	0.2985248565673828	0.3549623489379883	0.5771192908287048	1.1723999977111816	0.3108753561973572	0.3159782588481903	0.5516279935836792	0.4544465243816376	0.4225023090839386	0.3547901213169098	0.5694828033447266	1.1139639616012573	0.07122913002967834	0.062408462166786194	0.2435179352760315	0.4843355417251587	0.17368511855602264	0.26470500230789185	0.9281538724899292	0.6092408895492554	0.6021177172660828	0.7014605402946472	0.2410251349210739	0.6015824675559998	0.23649007081985474	0.6466657519340515	0.8928263187408447	0.3585813045501709	0.21002498269081116	0.5711032152175903	0.3893721103668213	0.17314760386943817	0.5068991184234619	0.9602895379066467	0.8809128403663635	0.7837055921554565	0.511788547039032	0.8785480260848999	0.23085130751132965	0.4932793974876404	0.2921628952026367	0.4090835452079773	0.5573440194129944	0.6164793968200684	0.3586573600769043	0.745754063129425	0.32150939106941223	0.3399568796157837	0.24013957381248474	0.21609076857566833	0.2166026532649994	0.886887788772583	0.8021405339241028	0.41934454441070557	0.6247521042823792	0.4080824553966522	0.15946318209171295	0.48081985116004944	0.5180283188819885	0.2996846139431	0.5983718037605286	0.4178982973098755	0.3091683089733124	1.376655101776123	0.3425120413303375	1.0435692071914673	0.621789813041687	0.21880212426185608	0.4690110385417938	0.20056499540805817	0.2937101423740387	0.38214004039764404	0.23165279626846313	0.43621891736984253	0.5941944122314453	1.2004773616790771	0.13936340808868408	0.27186068892478943	0.4711002707481384	0.32079240679740906	0.2685328722000122	0.5691418647766113	0.22790084779262543	0.22487352788448334	0.22361460328102112	0.45467087626457214	0.02724773809313774	0.7814062833786011	0.15357562899589539	1.4336339235305786	0.06644003093242645	0.19939261674880981	0.8725622296333313	0.6664233207702637	0.5782262682914734	0.012824596837162971	1.1883115768432617	0.49971896409988403	0.4695773422718048	0.894219160079956	0.421586275100708	0.6600157022476196	0.003588499268516898	0.5775290727615356	0.29396727681159973	0.3550899028778076	1.0822523832321167	0.3445945084095001	0.732358455657959	0.4498174488544464	0.5986103415489197	0.6612712740898132	0.1017933264374733	0.23224696516990662	0.45539727807044983	0.14987218379974365	0.4225602149963379	0.219701886177063	0.4861272871494293	0.4164436459541321	0.8072543144226074	0.22326593101024628	0.04420648142695427	0.2895168662071228	0.39114630222320557	0.3057849109172821	0.7800748944282532	0.5311473608016968	0.6088042259216309	0.10311815142631531	0.27825072407722473	0.741119921207428	0.4882974326610565	0.37325528264045715	0.5316213965415955	0.025071922689676285	0.4243621826171875	0.6973028182983398	0.6014240980148315	0.12545309960842133	0.609599232673645	0.8443377614021301	0.7290331721305847	0.5893198251724243	1.1708800792694092	0.4685373604297638	0.530056357383728	0.662037193775177	0.5704141855239868	1.0482155084609985	0.41921743750572205	0.8487248420715332	0.3857007920742035	0.7355306148529053	0.6007823944091797	0.33873456716537476	0.26681920886039734	0.8417102694511414	0.7515729665756226	0.5039199590682983	0.14321604371070862	0.3598771393299103	0.30417120456695557	0.7829522490501404	0.30189248919487	0.8755303025245667	0.8512804508209229	0.8268969655036926	0.3291129469871521	0.33025437593460083	0.23356202244758606	0.31437376141548157	0.6321563124656677	0.3951629400253296	1.6160612106323242	1.279410481452942	0.6690573692321777	0.419460654258728	0.01722237840294838	0.7733066082000732	0.9718959331512451	0.5088460445404053	0.25992444157600403	0.3487547039985657	0.5659258365631104	0.46406805515289307	0.19970974326133728	0.5194541215896606	0.66196209192276	0.9201490879058838	0.6495647430419922	0.19764083623886108	0.601305365562439	0.3047018349170685	0.4724608361721039	0.6197492480278015	0.1517874300479889	0.062200866639614105	0.4115317463874817	0.6950040459632874	1.1171091794967651	0.3671618103981018	1.0581650733947754	1.2878389358520508	0.44512858986854553	0.3637877106666565	0.6386874318122864	0.36290159821510315	0.6719807386398315	0.5838742852210999	0.9349457621574402	0.4654706120491028	0.5153607130050659	0.11940926313400269	1.0369446277618408	0.3193669319152832	0.5038493871688843	0.2749958634376526	0.5061181783676147	0.6867771744728088	0.32015734910964966	0.2912638485431671	0.6468864679336548	0.21526148915290833	0.4101998805999756	0.965214729309082	0.5306255221366882	0.5213671922683716	0.30940037965774536	0.4114271402359009	0.3648974299430847	0.3358953893184662	0.723780632019043	0.3078608512878418	0.38028860092163086	0.6387405395507812	0.6525954008102417	0.5188578963279724	0.07295069843530655	0.7891230583190918	0.3951983153820038	0.14294517040252686	0.342758446931839	0.2796139121055603	0.9104070067405701	0.3701587915420532	0.805432915687561	0.36259379982948303	0.22947095334529877	0.2662754952907562	1.1331226825714111	0.5196446776390076	0.7784277200698853	0.23662114143371582	0.4014553427696228	0.6449124217033386	0.7174704074859619	0.25851234793663025	0.365636944770813	0.5342183113098145	0.3919728696346283	0.6081930994987488	0.7823140621185303	0.4907578229904175	0.6108399033546448	0.6087937355041504	0.5160313844680786	0.7286179065704346	0.6490148901939392	0.8551344275474548	0.44186457991600037	0.7665408849716187	0.46851223707199097	0.8719342947006226	0.6583624482154846	0.18655088543891907	0.18970414996147156	0.4934186637401581	0.5741467475891113	0.3903072476387024	0.38828906416893005	0.6755867600440979	0.697905421257019	1.2778548002243042	0.6706752777099609	0.3219093084335327	0.23434747755527496	0.19200843572616577	0.3942107558250427	0.21801915764808655	0.887598991394043	0.8298740386962891	0.2944047451019287	0.527252197265625	0.10979383438825607	0.42838194966316223	0.32020124793052673	0.2532605528831482	0.7833852171897888	0.6300650238990784	0.23595717549324036	1.3132927417755127	0.012470036745071411	0.7469238042831421	0.6335054636001587	0.48703712224960327	0.747765839099884	0.7348318696022034	0.07966577261686325	0.9542960524559021	0.8367882370948792	0.23620402812957764	0.07770656794309616	0.3618713319301605	0.5896404981613159	0.3598393201828003	0.5429750680923462	0.2486935257911682	1.7378398180007935	0.24162837862968445	0.12975455820560455	0.3102622628211975	0.285136878490448	0.26933279633522034	0.42203664779663086	0.5029897093772888	0.4516654908657074	0.2759081721305847	0.29415321350097656	0.7831383943557739	0.8042421340942383	0.671021580696106	0.3116580545902252	0.3635023832321167	0.22469967603683472	0.5068953633308411	0.34331414103507996	1.2296440601348877	0.285783976316452	0.3484915494918823	0.37984132766723633	0.42828160524368286	0.8517912030220032	0.4792230725288391	0.8071129322052002	0.09107509255409241	0.17235001921653748	0.37621641159057617	0.11514490097761154	0.324029803276062	0.1510990411043167	0.8775942325592041	0.0759475827217102	0.543130099773407	0.8076415061950684	0.6730332970619202	0.2316344827413559	0.534976065158844	0.3761848509311676	0.6829324960708618	0.4167768955230713	0.4589543640613556	1.1864820718765259	0.5112221837043762	0.589100182056427	0.07814137637615204	0.2579662501811981	0.7740666270256042	0.43494606018066406	0.57358717918396	0.18947485089302063	0.5660995244979858	0.574571967124939	0.3939201235771179	0.769761323928833	0.4912603199481964	0.9448410868644714	0.18316896259784698	0.4637106955051422	0.32058101892471313	0.5417388677597046	0.6053851246833801	0.5857121348381042	0.41736146807670593	0.6210435628890991	0.6736355423927307	0.2972296178340912	0.07110098749399185	0.4888306260108948	1.0631574392318726	0.27961838245391846	0.3280479907989502	0.37677180767059326
0.5426649451255798	0.4138215482234955	0.3890652060508728	0.7551127672195435	1.0064548254013062	0.08906030654907227	0.37206870317459106	0.9761544466018677	0.7670217156410217	0.2163238227367401	0.7492196559906006	0.5077078938484192	1.4799633026123047	0.42488276958465576	0.4282160997390747	0.4333786070346832	0.7224383354187012	0.42859363555908203	0.4802800714969635	0.4514710605144501	0.6120697855949402	0.4580864906311035	0.35232219099998474	0.22711065411567688	0.5112449526786804	0.8982126116752625	0.6909835338592529	1.3370704650878906	0.6135351657867432	0.47414225339889526	1.0026445388793945	0.16353589296340942	0.44933730363845825	0.3001787066459656	0.4406796097755432	0.1663627326488495	0.3014255464076996	0.6260364055633545	0.4018719494342804	0.6936976313591003	0.38544905185699463	0.3350851535797119	0.3608337342739105	0.7443109154701233	0.2981777489185333	1.0292295217514038	0.2573777139186859	0.5562052130699158	0.22795017063617706	0.5367977023124695	0.44912344217300415	0.32317718863487244	0.6505022644996643	0.6421418190002441	0.5773726105690002	0.17361411452293396	0.7846785187721252	1.0167375802993774	0.5348474383354187	0.3686251938343048	0.13329172134399414	0.9516317844390869	0.5670563578605652	0.7331753373146057	0.46732133626937866	0.5564494132995605	1.4117738008499146	0.6446571946144104	0.07044976949691772	0.41409623622894287	0.6316433548927307	0.26314422488212585	0.3202328383922577	1.0247102975845337	0.38933125138282776	0.6378266215324402	0.4494852125644684	0.4799456298351288	0.5076786279678345	1.2965476512908936	1.3508390188217163	0.30253368616104126	0.3822086751461029	0.30820921063423157	0.44518691301345825	0.14425987005233765	0.4122084975242615	0.96848064661026	0.31721246242523193	0.18289759755134583	0.599793016910553	0.7430119514465332	0.1767805814743042	0.47627225518226624	0.7102742791175842	0.5988242626190186	0.3131389319896698	0.28944700956344604	0.6627170443534851	0.5490180850028992	0.4875234067440033	1.1308183670043945	0.5548272728919983	0.7368388175964355	0.3374393880367279	0.6011097431182861	0.3554915189743042	0.7051090598106384	0.565262496471405	0.5096619129180908	0.5295829176902771	0.5633289813995361	1.1021623611450195	0.9000185132026672	0.679690420627594	0.48785528540611267	0.6065560579299927	0.810650110244751	0.5036212205886841	0.20927423238754272	1.4005277156829834	0.4920186400413513	0.4498101472854614	0.618718147277832	0.5056849718093872	0.4743196368217468	0.3247772455215454	0.18566679954528809	0.7730557918548584	0.2763955295085907	0.1696959137916565	0.36850714683532715	0.36392542719841003	0.5639095902442932	0.6375698447227478	0.406070351600647	0.6943443417549133	0.3014802932739258	0.8548070192337036	0.30434390902519226	0.37773948907852173	0.32567349076271057	0.25072455406188965	0.39886125922203064	0.38648322224617004	0.19274793565273285	0.7433339953422546	0.5587344765663147	1.126993179321289	0.8061860799789429	0.42609432339668274	0.25816330313682556	0.7557098865509033	0.1027269959449768	0.3228364586830139	0.4746643602848053	0.3236469030380249	1.0521970987319946	0.28881096839904785	0.17870573699474335	0.9490635395050049	0.349791944026947	0.6132433414459229	0.46894267201423645	0.27501019835472107	0.5060752630233765	0.5206397175788879	0.3088999390602112	0.07032763957977295	1.0452868938446045	0.42222434282302856	0.5571821331977844	0.5750571489334106	0.6968482136726379	0.40245065093040466	0.4184327721595764	0.6746861934661865	0.86685711145401	0.4566252529621124	0.2963207960128784	0.6640582084655762	0.5687307119369507	0.5621518492698669	0.8107362985610962	0.5726308822631836	0.5402356386184692	0.37109440565109253	0.1849646270275116	0.826383113861084	0.19048449397087097	0.601862907409668	0.28376758098602295	0.7450591921806335	0.302837997674942	0.45484593510627747	0.6742150783538818	0.4600142240524292	0.26260119676589966	0.2788708508014679	0.5438038110733032	0.44208821654319763	0.7664986252784729	0.6218692660331726	0.4159888029098511	0.4701235592365265	0.2702538073062897	0.4634385406970978	1.0197527408599854	0.3490665555000305	0.4846554100513458	0.20465628802776337	0.560612678527832	0.23004819452762604	0.3645571172237396	0.57405686378479	0.49596384167671204	0.8212641477584839	0.4030187726020813	0.5435667634010315	0.5241596698760986	0.3657388389110565	0.2254563570022583	0.5266631245613098	0.41095635294914246	0.21458248794078827	0.46885550022125244	0.4896387457847595	0.563678503036499	0.3398141860961914	0.32117486000061035	0.47595351934432983	0.28352612257003784	0.38857439160346985	1.1960313320159912	0.9524620771408081	0.7384119033813477	0.3090968430042267	0.7266173362731934	0.5056136846542358	0.2807886004447937	0.750907301902771	0.3952089846134186	0.8756346702575684	0.43020281195640564	0.23995454609394073	0.3767409026622772	0.641669511795044	0.9681085348129272	0.31480321288108826	0.5757977366447449	0.5514959096908569	0.7071316242218018	1.0991761684417725	0.5095585584640503	0.5725153088569641	0.8006212115287781	0.699036180973053	0.9110249876976013	0.6808161735534668	0.19046975672245026	0.7297625541687012	0.8118596076965332	0.4870987832546234	0.5846263766288757	0.28535541892051697	0.33093929290771484	0.7774449586868286	0.18211479485034943	0.591964602470398	0.559787929058075	0.7579839825630188	0.4551829695701599	0.2644572854042053	0.22514036297798157	0.24250000715255737	0.28257763385772705	0.6963390707969666	0.5433841347694397	0.27737972140312195	0.5195817351341248	0.2666099965572357	1.0377919673919678	0.4639647901058197	0.21815389394760132	0.3087681531906128	0.5872067213058472	0.28845280408859253	0.8680174350738525	0.044581957161426544	0.8774276971817017	0.7766257524490356	0.3402995467185974	0.23932147026062012	0.47322404384613037	0.45415931940078735	0.33814483880996704	0.7467663288116455	0.2651596665382385	0.5631309747695923	0.6625605821609497	0.22059427201747894	0.2841108739376068	0.804387629032135	0.3466891646385193	0.39941853284835815	0.10255330801010132	0.2371838092803955	0.7076569199562073	0.24561133980751038	1.50521719455719	0.26558396220207214	0.4791872501373291	0.562458872795105	0.6752373576164246	0.649063229560852	0.18510308861732483	0.3858111798763275	0.7509132623672485	0.5335882902145386	1.3811379671096802	0.3002476096153259	0.21842823922634125	0.20550809800624847	0.7719505429267883	0.4221460819244385	0.33279234170913696	0.3930759131908417	0.530000627040863	0.564185619354248	0.3638336658477783	1.214867353439331	0.405636191368103	0.25441238284111023	0.32166269421577454	0.8124262094497681	0.5478862524032593	0.6355640888214111	0.26052218675613403	0.762159526348114	0.42537587881088257	0.26902878284454346	0.6009957194328308	0.3831409811973572	0.5972996354103088	0.24229513108730316	0.5378003716468811	0.7346904277801514	0.43148887157440186	0.6647322177886963	0.29142189025878906	0.9878226518630981	0.8892638087272644	0.41757386922836304	0.5134813189506531	0.8476096391677856	0.19791018962860107	0.37120771408081055	0.4020746052265167	0.38883692026138306	0.4102792739868164	0.46064436435699463	1.163085699081421	0.23226222395896912	0.3220733404159546	0.6352440714836121	0.46076861023902893	0.42185020446777344	0.45584699511528015	0.6174439191818237	0.4704982340335846	0.1994343250989914	0.3515615463256836	0.608123779296875	0.5893157720565796	0.20106516778469086	0.4960111975669861	1.363346815109253	0.14075137674808502	0.6106059551239014	1.2145003080368042	0.31114232540130615	0.61891770362854	0.8366552591323853	0.20934008061885834	0.4121900200843811	0.26933056116104126	0.36856263875961304	0.48027563095092773	0.4741157293319702	0.3180729150772095	0.47835689783096313	0.983170747756958	0.18373817205429077	1.3797550201416016	0.5891860723495483	0.9069753885269165	0.9042273759841919	0.34146779775619507	1.084552526473999	1.2178585529327393	0.303007036447525	0.6121795773506165	0.42726629972457886	0.26074811816215515	0.680201530456543	0.5568997859954834	0.8005849123001099	0.8809531331062317	0.5575397610664368	0.3148743808269501	0.4480493366718292	0.26515865325927734	1.2316746711730957	0.04499281570315361	0.4638717770576477	0.8558174967765808	0.5490515232086182	0.8482674956321716	0.5385186672210693	0.4986957907676697	0.12027941644191742	0.14594203233718872	1.2880744934082031	0.3065465986728668	0.5060291290283203	0.6475194692611694	0.5629720687866211	0.6479705572128296	0.6077146530151367	0.3209564685821533	0.32671892642974854	0.5838918685913086	0.7613508105278015	0.8715215921401978	0.5272430777549744	0.35751065611839294	0.4966977536678314	1.2793701887130737	1.0194971561431885	0.2562926411628723	1.165521264076233	0.8852239847183228	0.8954968452453613	1.11317777633667	0.4256323575973511	0.4993618130683899	0.8851880431175232	0.5370137691497803	0.4546031057834625	0.5329280495643616	0.7943631410598755	0.22055450081825256	0.20647232234477997	0.6376490592956543	0.27665597200393677	0.2873036861419678	0.32407933473587036	0.4638200104236603	0.3853824734687805	0.12903498113155365	0.6494588851928711	0.43219104409217834	0.32247787714004517	0.7523812055587769	0.5150401592254639	0.12311046570539474	0.5205897092819214	0.356841117143631	0.19119691848754883	0.3986969292163849	0.9151382446289062	0.2750602662563324	0.567490816116333	0.35896384716033936	0.7208967208862305	0.46819058060646057	0.9029854536056519	1.179732084274292	0.13679583370685577	0.4373001158237457	0.43354982137680054	0.6128950119018555	0.9232044816017151	0.477981835603714	0.5056493878364563	0.45918306708335876	0.35892120003700256	1.314099907875061	0.5190743803977966	0.4141807556152344	0.43783724308013916	0.248737633228302	1.0179829597473145	0.6570547819137573	0.23796933889389038	0.3450569808483124	0.4723913073539734	0.3232106864452362	0.31468650698661804	0.43818891048431396	0.6817837953567505	0.492654949426651	0.1303553730249405	0.48077431321144104	0.24014589190483093	0.8417170643806458	0.6666115522384644	0.42612123489379883	0.251852810382843	0.3789241313934326	0.25827503204345703	0.7940905690193176	0.334534227848053	0.3305266797542572	0.32650187611579895	0.2768600285053253	0.09607163071632385	0.4265202283859253	0.6776856780052185	0.8559679985046387	0.4235435724258423	1.0484931468963623	0.4446272552013397	0.3488699793815613	0.22319617867469788	0.3463820219039917	0.8336392641067505	0.7106721997261047	0.1314390003681183	0.6484895944595337	0.8932439088821411	0.4312171936035156	0.6801081299781799	0.44403940439224243	0.3458336889743805	0.26596730947494507	0.5230597853660583	0.3665317893028259	0.5956260561943054	0.1753249168395996	0.35432273149490356	0.8044754266738892	0.6146470904350281	0.3568083643913269	0.4419652819633484	0.7817145586013794	1.1139273643493652	0.33816835284233093	0.7064292430877686	0.7224701046943665	0.4904189109802246	0.47733551263809204	0.3808012902736664	0.41376134753227234	0.515798807144165	0.34424376487731934	0.35527440905570984	0.6845804452896118	0.7398874759674072	0.5949886441230774	0.5424927473068237	1.0674947500228882	0.3524395227432251	0.2653267979621887	0.9120160341262817	0.20356906950473785	0.9069403409957886	0.20117506384849548	0.22030657529830933	1.13773512840271	0.6308161020278931	0.5523245334625244	1.5824835300445557	0.19987361133098602	0.7886111736297607	0.5682710409164429	0.12306446582078934	0.3795102536678314	0.5105644464492798	0.43712252378463745	0.8952192664146423	0.5211768746376038	0.7252371311187744	0.5266305208206177	0.5850743651390076	0.4171592593193054	0.2883368730545044	0.6930419206619263	0.6781187057495117	0.5653616189956665	0.40825513005256653	0.26110777258872986	0.9525783658027649	0.6428858041763306	0.29738056659698486	0.1669156849384308	0.6015412211418152	0.5392199754714966	0.13785114884376526	0.4712643623352051	0.17415070533752441	0.4643499553203583	0.35028091073036194	0.42674726247787476	0.4700329601764679	0.41236716508865356	0.3372346758842468	0.3831341862678528	0.6012002825737	0.9737309217453003	0.2063763290643692	0.5118633508682251	0.3477974534034729	0.6639753580093384	0.01010800339281559	0.6150864362716675	0.17078310251235962	0.5113434791564941	0.4457959234714508	0.6194059252738953	0.41645658016204834	0.35632285475730896	0.6151421666145325	0.47720301151275635	0.7790718078613281	0.43364667892456055	0.7233016490936279	0.9953175783157349	0.6452509164810181	0.9586814641952515	0.528104305267334	0.18260866403579712	0.35008788108825684	1.3484400510787964	0.3165593147277832	0.24891874194145203	0.42983478307724	0.7649435997009277	0.1968393474817276	0.4557707607746124	1.018371343612671	0.4182486832141876	0.34631940722465515	0.7571651935577393	1.421525478363037	0.3833204507827759	0.3096483051776886	0.4381239414215088	0.4994998276233673	0.688025712966919	0.5138782858848572	0.40851616859436035	0.37837785482406616	0.36861535906791687	0.535735547542572	0.14428135752677917	0.47316446900367737	0.8800591826438904	0.40218567848205566	0.44930222630500793	0.32922136783599854	0.2916468679904938	0.8290943503379822	0.656685471534729	0.5164023041725159	0.8057262897491455	0.5004649758338928	0.40356412529945374	0.8235746622085571	0.3122507929801941	0.5410283207893372	0.5610689520835876	0.30455854535102844	0.600005567073822	0.4842985272407532	0.5755339860916138	1.1360009908676147	0.4262184798717499	0.8034464716911316	0.18588276207447052	0.48765382170677185	0.4704926013946533	0.6104356050491333	0.46285587549209595	0.6061517596244812	0.4026336073875427	0.5866279006004333	0.2892243564128876	0.40488356351852417	0.3940190076828003	0.9834523797035217	0.7425950169563293	0.2003195881843567	0.42979538440704346	0.3259483277797699	0.10719046741724014	0.5596814751625061	0.7047284245491028	0.7929729223251343	0.29394739866256714	0.36945831775665283	1.1928350925445557	0.5867820382118225	0.13568954169750214	0.2813055217266083	0.3616233468055725	0.5591181516647339	0.9171736836433411	0.4924730956554413	1.0636576414108276	0.9490244388580322	0.4425080120563507	0.9717395305633545	0.5208641886711121	0.317684531211853	0.7267116904258728	0.3854660093784332	0.49015581607818604	0.9334319233894348	0.746552050113678	0.9013410210609436	0.6508486866950989	0.6861439943313599	0.5318085551261902	0.5520273447036743	0.2751944065093994	0.7935469746589661	0.2952299118041992	0.5665447115898132	0.322476327419281	0.48448503017425537	0.3006819188594818	0.45324552059173584	0.7822426557540894	0.6029969453811646	0.6234884858131409	0.35027819871902466	0.8614633083343506	0.5059612393379211	0.4395216107368469	0.493203729391098	1.0331841707229614	0.7837283611297607	0.318581223487854	0.2068774402141571	0.40271756052970886	0.5195237398147583	0.44850873947143555	0.389561265707016	0.39941921830177307	0.6075488924980164	0.40515631437301636	0.5195604562759399	0.14182431995868683	0.16567984223365784	0.543376088142395	0.59371417760849	0.35265636444091797	0.34138667583465576	0.5868827104568481	1.1991785764694214	0.4654492437839508	0.2419937551021576	0.664301335811615	0.3098330497741699	0.21206703782081604	0.7143725156784058	0.5287122130393982	0.2349836379289627	0.6726529002189636	0.45003509521484375	0.5003593564033508	0.6218883991241455	0.40099841356277466	0.9047589302062988	0.4853173792362213	0.7321596145629883	0.2532637417316437	0.3032752573490143	0.4058789908885956	0.4328867793083191	0.9636037349700928	1.2955375909805298	0.6299625039100647	0.7378036975860596	0.6501810550689697	0.14957575500011444	0.4155707359313965	0.3831420838832855	0.519899308681488	0.536111056804657	0.4784364402294159	0.36627307534217834	0.6822397708892822	0.5254091024398804	0.4626013934612274	2.214040756225586	0.35527917742729187	0.13741186261177063	0.5629997253417969	0.722650408744812	0.6494351029396057	0.2507040500640869	0.9208293557167053	0.20267504453659058	0.2970537543296814	0.803789496421814	0.8068974614143372	0.6203434467315674	0.42405152320861816	0.24563324451446533	0.7854557633399963	0.21129754185676575	0.46903979778289795	0.2592276632785797	0.6542255878448486	0.5736403465270996	0.8986194133758545	0.13094374537467957	0.16116341948509216	0.6604300737380981	0.48372289538383484	0.8244224190711975	0.3802967369556427	0.7235544919967651	1.1787667274475098	0.8617785573005676	0.35470643639564514	0.5762308835983276	0.1372406780719757	0.473588228225708	0.720832347869873	0.9869552850723267	1.116997241973877	0.4780139625072479	0.5347269773483276	0.5135062336921692	0.44076037406921387	0.5721450448036194	1.033107042312622	0.8014562129974365	0.3959815502166748	0.7241032719612122	0.4690779447555542	0.5847352743148804	0.6259435415267944	0.5486782789230347	0.6667034029960632	0.3598402738571167	0.104612335562706	0.6174654960632324	0.7003422379493713	1.137923240661621	0.7486249208450317	0.5881047248840332	0.5947319865226746	0.7152440547943115	0.5395088195800781	0.5519920587539673	0.4950695037841797	0.6417092680931091	0.1797924041748047	0.2215682566165924	1.0902947187423706	0.2857570946216583	0.516655683517456	0.40364566445350647	0.2676585912704468	0.6330739855766296	0.17400968074798584	0.5293108820915222	0.612726092338562	0.5596879124641418	0.31789281964302063	0.679021418094635	0.43736085295677185	0.7336302399635315	0.8271023035049438	0.8494190573692322	0.5268333554267883	0.5256947875022888	0.9262871146202087	0.5983185768127441	0.8909918069839478	0.43192431330680847	0.5658925175666809	0.5098770260810852	0.34440356492996216	0.5781965851783752	0.24854408204555511	0.5116726756095886	0.5366190075874329	0.2780301570892334	0.48152342438697815	0.6504276990890503	0.3385903239250183	0.20443083345890045	0.39874181151390076	0.5683071613311768	0.8878942728042603	1.1589512825012207	0.4950847923755646	1.2127097845077515	0.5294025540351868	0.384883314371109	0.9492198824882507	0.41031354665756226	0.4239681363105774	0.5684047341346741	0.4194217026233673	0.20398421585559845	0.3981447219848633	0.1917557567358017	0.4926062226295471	0.5167338848114014	0.33363887667655945	0.2870403230190277	0.05369190499186516	0.3119989335536957	0.41991403698921204	0.8198277950286865	0.39736881852149963	0.26523658633232117	0.6700774431228638	0.40174466371536255	0.5255116820335388	0.4664277136325836	0.6481643915176392	0.3937574326992035	0.8015342354774475	1.0680882930755615	0.8037453293800354	0.3981844484806061	0.5309261679649353	0.46444883942604065	0.746123194694519	0.4115411341190338	0.6844618320465088	0.2968906760215759	0.5689896941184998	0.6808001399040222	0.42707353830337524	0.47870317101478577	0.3129192590713501	0.580446720123291	0.6113758087158203	0.5853736400604248	0.8491106629371643	0.5323266983032227	0.7272483110427856	0.6080383062362671	0.8941120505332947	1.2015442848205566	0.3664150536060333	0.44575950503349304	0.808448851108551	1.16941237449646	0.3777818977832794	0.336841344833374	0.25041741132736206	0.2646792531013489	0.29891422390937805	0.25755980610847473	0.7643902897834778	0.29695290327072144	1.306372880935669	0.9601517915725708	0.3805393576622009	1.4000194072723389	0.723057746887207	0.342203289270401	0.5856158137321472	0.3507927358150482	0.5166221261024475	0.4610763192176819	0.2936136722564697	0.4761989712715149	0.44300365447998047	0.823551595211029	0.1952739655971527	0.49789339303970337	0.8502443432807922	0.5916813015937805	0.4848273694515228	0.3674936294555664	0.24803699553012848	0.7785326838493347	0.29598820209503174	1.1595853567123413	0.7052483558654785	0.3761388063430786	0.2309061735868454	0.7659590840339661	0.5548335909843445	1.2718639373779297	0.3632553219795227	0.4585067629814148	0.379372775554657	0.6711335182189941	0.2186039239168167	0.2662167549133301	0.49737387895584106	0.3788439631462097	0.5036941170692444	0.2624734938144684	0.2273024320602417	0.5023589730262756	0.41869834065437317	0.659024715423584	0.39550045132637024	0.619995653629303	0.1806304007768631	0.6240054368972778	0.41438746452331543	0.6269556283950806	0.6900750398635864	0.91628098487854	0.6252971887588501	0.4967454671859741	0.5765412449836731	0.32920601963996887	0.5637539029121399	0.253129243850708	0.4076748490333557	0.5033491849899292	0.39260685443878174	0.4089798927307129	0.6076174974441528	0.3013877868652344	0.8780660033226013	0.4505869746208191	1.001011610031128	0.8525401949882507	0.44756871461868286	0.8541436195373535	0.6250216364860535	0.1516036093235016	1.1212007999420166	0.7200673818588257	0.23947563767433167	0.5605486631393433	0.5290347933769226	0.8487261533737183	1.004299283027649	0.23540689051151276	0.39056268334388733	0.669062614440918	0.627975583076477	0.15005013346672058	0.7701599597930908	0.5050482749938965	0.895411491394043	1.1075376272201538	0.2050604224205017	0.5891811847686768	0.4185214936733246	0.44099530577659607	0.336409330368042	0.44771021604537964	0.3045060634613037	0.4637959599494934	0.33941054344177246	0.19972898066043854	0.3116303086280823	0.45616161823272705	0.5173476934432983	0.14945945143699646	0.3447781503200531	0.15238970518112183	0.8350151777267456	0.11701707541942596	0.3326919972896576	0.6671735644340515	0.3712701201438904	0.355011522769928	0.6668058037757874	0.5063332319259644	0.45115649700164795	0.5002495646476746	0.6118842959403992	0.2874003052711487	0.9472752809524536	0.4492573142051697	0.7230722904205322	0.4488614797592163	0.33094897866249084	0.7543877959251404	1.0734533071517944	0.7862303256988525	0.40134501457214355	0.3472951650619507	0.7706583738327026	0.5401883125305176	0.6043025255203247	0.1719421148300171	0.42645931243896484	0.5706019401550293	0.7272216081619263	0.8520642518997192	0.8068588972091675	0.5218971371650696	0.5002744197845459	0.7865649461746216	0.9441208243370056	1.2581926584243774	0.48509982228279114	0.6805312633514404	0.965347409248352	0.8698311448097229	0.33039626479148865	0.513428270816803	1.0489962100982666	0.35630401968955994	0.8947997093200684	0.4040490388870239	0.5408678650856018	0.41421639919281006	0.6515722274780273	1.5913231372833252	0.774086058139801	0.21319782733917236	0.79116290807724	0.558464765548706	0.2553573548793793	0.2005668431520462	0.30579158663749695	0.3591545522212982	0.21093325316905975	0.5589095950126648	0.1219770759344101	0.5937665104866028	0.8770079612731934	1.1281259059906006	0.31366899609565735	0.5265583992004395	0.37583526968955994	0.4516638219356537	0.7829038500785828	0.1835840344429016	0.4034219980239868	0.4205583333969116	0.6491164565086365	0.22638843953609467	0.7780928611755371	0.5025960206985474	0.15473325550556183	0.592377781867981	1.2353216409683228	0.24488575756549835	0.49391043186187744	0.5644071102142334	0.5712445974349976	0.649821400642395	0.24119825661182404	0.5671905875205994	0.17729991674423218	0.42760446667671204	1.1152210235595703	0.590095043182373	0.30072107911109924	1.0044206380844116	0.5852676033973694	0.18807709217071533	0.2527614235877991	0.6477767825126648	0.3875177800655365	0.7467964887619019	0.753259539604187	0.5255851149559021	0.2234645038843155	0.44455304741859436	0.7049413919448853	0.14090898633003235	0.2567405104637146	0.8454360961914062	0.5763538479804993	0.2369697242975235	0.48340606689453125	0.5007155537605286	1.398374080657959	1.0083884000778198	0.5561873912811279	0.17250382900238037	0.40139880776405334	0.6213826537132263	0.703683614730835	0.9496778249740601	0.36093682050704956	0.27998653054237366	0.6948593854904175	0.575311005115509	0.3787088096141815	0.6488094329833984	0.35960111021995544	0.29234758019447327	0.34082719683647156	0.6031676530838013	0.5210888981819153	0.8485463261604309	0.360770046710968	0.3770011365413666	0.551923930644989	0.6761921644210815	1.1042648553848267	0.5072617530822754	0.5202508568763733	0.6982365250587463	0.621595561504364	0.5450823903083801	0.45930251479148865	0.46039363741874695	0.173225536942482	0.2669288218021393	0.7230704426765442	0.5487486124038696	0.3097015917301178	0.14154498279094696	0.4587711989879608	0.4191944897174835	0.5480836629867554	0.6074594259262085	0.0899018794298172	0.3040160536766052	1.0184663534164429	0.4984481930732727	0.33794400095939636	0.7374772429466248	0.8628986477851868	0.24843966960906982	0.8174063563346863	0.14899562299251556	0.2013600468635559	0.24383389949798584	0.5319609642028809	0.33161479234695435	0.8800296783447266	0.46164852380752563	1.1468584537506104	0.4246137738227844	0.967232346534729	0.12807583808898926	0.6701251268386841	0.36936813592910767	0.4292947053909302	0.9809507131576538	0.4270588159561157	0.7559406757354736	0.20373353362083435	1.0241849422454834	0.5772058963775635	0.8088124990463257	0.8295131921768188	0.27788224816322327	0.23401422798633575	0.6425825357437134	0.13461321592330933	0.39797845482826233	0.3784489929676056	0.8704471588134766	0.3881226181983948	0.6800351142883301	0.6542167067527771	0.6274764537811279	0.31688743829727173	0.2928773760795593	0.22776338458061218	0.4850162863731384	0.32329311966896057	0.6510972380638123	0.3761480450630188	0.4344218373298645	0.323724627494812	0.3419747054576874	0.4285355508327484	0.2643927037715912	1.5872852802276611	0.5502270460128784	0.9694937467575073	0.6703594923019409	0.29355454444885254	0.5727475881576538	0.43698227405548096	0.6205043792724609	0.6054735779762268	0.9394332766532898	0.5508739948272705	0.9200337529182434	0.5291298627853394	0.6741759777069092	0.9050859212875366	0.543827474117279	0.38246551156044006	0.4527443051338196	0.6114932894706726	0.23408009111881256	0.42643415927886963	0.25529810786247253	0.5474632382392883	1.0524152517318726	0.3435906767845154	0.31719541549682617	0.223924458026886	0.5302038788795471	0.5202836990356445	0.22321535646915436	0.45652469992637634	0.44998180866241455	0.3767581880092621	0.3785819411277771	0.15832863748073578	0.42708492279052734	0.6721862554550171	0.6169995665550232	0.539474368095398	0.694919228553772	0.41644400358200073	0.2716817259788513	0.710483968257904	0.6781662106513977	1.1645084619522095	0.24995912611484528	0.5430078506469727	0.4063027501106262	0.6055346727371216	0.4366176128387451	0.41978129744529724	1.083361268043518	0.4819420874118805	0.2948422431945801	0.710583508014679	0.22254447638988495	0.35830461978912354	0.5219456553459167	0.46061110496520996	1.0371668338775635	0.11708050966262817	0.30498141050338745	0.7675625085830688	0.5609652400016785	0.6222509741783142	0.3291577398777008	0.3780970871448517	0.2962339222431183	0.2610885798931122	0.6795395612716675	0.5617225766181946	0.8195028305053711	0.23072737455368042	0.22759917378425598	0.5240693688392639	0.492754191160202	0.5200295448303223	0.21070729196071625	0.13277402520179749	0.3067881762981415	0.4477040767669678	1.4601490497589111	0.7151888608932495	1.4666954278945923	0.9148430228233337	0.746550977230072	0.4910774827003479	1.2390100955963135	1.072922945022583	0.8570992350578308	0.3890077471733093	0.40380826592445374	0.20243336260318756	0.47987091541290283	0.35242772102355957	0.8549028038978577	0.3507656753063202	0.2134993076324463	0.17758764326572418	0.6905096173286438	0.4703035056591034	0.654047429561615	0.7843449115753174	0.8489343523979187	1.248125672340393	0.0543675422668457	1.0629700422286987	0.20893776416778564	0.884395956993103	0.6463192701339722	0.42823389172554016	0.8658843040466309	0.5538579225540161	0.2016753852367401	0.3588853180408478	0.7997704744338989	1.1301335096359253	0.4105076193809509	0.6997823119163513	1.1348729133605957	0.2904115319252014	0.36051222681999207	0.11422131955623627	0.61477130651474	0.8094015717506409	0.3720943331718445	0.5570195317268372	0.2558407783508301	0.5462331175804138	0.40888550877571106	0.3351874053478241	0.7509332299232483	0.9387162327766418	0.3319387137889862	0.897820770740509	0.8195011019706726	0.7460188269615173	0.2927541136741638	0.5324954986572266	0.6335911750793457	0.5309231877326965	0.6206491589546204	0.465452641248703	0.7886178493499756	0.5812209248542786	0.5698213577270508	0.22124749422073364	0.3461737632751465	0.5136434435844421	0.7407805919647217	1.1406021118164062	0.20816156268119812	0.6946122646331787	0.5289992690086365	0.499404639005661	0.3445148468017578	0.32485315203666687	0.6006162762641907	0.5284751057624817	0.3734123408794403	0.31556057929992676	0.12145081162452698	0.5595098733901978	0.45855313539505005	0.4113885164260864	0.8060668706893921	0.6093717813491821	0.8410772681236267	0.38052496314048767	0.1369660198688507	0.5500317811965942	0.8427495360374451	0.3179317116737366	0.3922324776649475	0.4058133363723755	0.16551753878593445	0.7519213557243347	0.6301851272583008	0.2134990394115448	0.5335964560508728	0.5899031758308411	0.4368746280670166	0.2632712423801422	1.0755482912063599	0.6585564613342285	0.7653890252113342	0.3691086173057556	0.3722381293773651	0.21116507053375244	0.3475682735443115	1.031860113143921	0.5723876953125	0.4772751033306122	0.434604674577713	0.4444141089916229	0.5163818597793579	0.269569993019104	0.7793132066726685	0.7133198380470276	0.4222070276737213	0.8761534094810486	0.5152409672737122	0.7171564102172852	0.47639384865760803	0.3161401152610779	0.16504377126693726	0.6397039294242859	0.3981112241744995	1.2061126232147217	0.5305440425872803	0.409307062625885	0.4348810911178589	0.40787360072135925	0.6946759819984436	0.6430110931396484	0.8861415386199951	0.11410370469093323	0.5848297476768494	0.24066773056983948	0.9777752161026001	0.36401352286338806	0.5750934481620789	0.26750606298446655	0.685294508934021	0.4222593903541565	0.6516817212104797	0.30303144454956055	0.19901350140571594	0.2442629039287567	0.18442632257938385	0.8750193119049072	0.25938910245895386	0.38109105825424194	0.6854283213615417	1.1940957307815552	0.17314061522483826	0.5855538249015808	0.8126932978630066	0.3571871817111969	0.3263886272907257	1.1109678745269775	0.43255454301834106	0.48095086216926575	0.466144323348999	0.28110015392303467	0.489263653755188	0.2967517673969269	0.5116603970527649	0.42971497774124146	0.3753952980041504	0.32117730379104614	0.5175073742866516	0.8312858939170837	0.3643358647823334	0.17674444615840912	0.3729584813117981	0.9699523448944092	0.6853430867195129	0.6540756821632385	0.4156421720981598	0.4502463638782501	0.5582963228225708	0.29211851954460144	0.524547278881073	0.36814698576927185	0.39058059453964233	0.9673313498497009	0.4080544114112854	0.8707830309867859	0.9636460542678833	0.7774648666381836	0.7442938685417175	0.5099918246269226	0.4820147752761841	0.31499332189559937	0.4564948081970215	0.36400526762008667	0.5297002792358398	0.8912479877471924	0.4583950936794281	1.3136723041534424	0.3714066445827484	0.8062194585800171	1.1112701892852783	0.4648297131061554	0.7852963805198669	1.0709614753723145	0.43700331449508667	0.38406234979629517	0.3151533603668213	0.2514919340610504	0.7085145115852356	0.2226078063249588	0.5229681134223938	0.7690942883491516	0.8444875478744507	0.7592248320579529	0.748335599899292	0.6329891681671143	0.41820210218429565	0.43519753217697144	0.7667961120605469	0.7140598297119141	0.5647293329238892	0.2833813428878784	0.4851987957954407	0.31192201375961304	0.3398014008998871	0.4603034257888794	0.13000310957431793	1.5098105669021606	0.7440580129623413	0.4995584189891815	1.1869909763336182	0.23596036434173584	0.39423906803131104	0.7196909785270691	0.5858965516090393	0.6197349429130554	0.2101236879825592	0.4195953905582428	0.17000743746757507	0.8241274952888489	0.6846792101860046	0.7521114349365234	0.7382701635360718	0.5572432279586792	0.5704302787780762	0.2971420884132385	0.08906907588243484	0.4921320974826813	0.11628583073616028	0.10167261958122253	0.3788395822048187	0.6045196652412415	1.0639430284500122	0.7106937170028687	0.6545768976211548	0.4110192358493805	0.22211188077926636	0.47851383686065674	0.6312192678451538	0.9669848084449768	0.1973777860403061	0.2782348692417145	0.019495129585266113	0.8919272422790527	0.5024299025535583	1.1664563417434692	0.7913668155670166	0.32860514521598816	0.4629421830177307	0.34347498416900635	0.6366747617721558	0.8643522262573242	0.1622849702835083	0.3498305678367615	0.5703436732292175	0.5517644286155701	0.435499370098114	0.24778881669044495	0.7757102251052856	0.5738859176635742	0.9238908290863037	0.8117596507072449	0.34629693627357483	0.40479475259780884	0.6129608154296875	0.5424820780754089	0.27192699909210205	0.3750823438167572	0.24613036215305328	0.3108465075492859	0.7457135915756226	0.32336777448654175	0.4900873005390167	0.6848820447921753	0.30382558703422546	0.5033339262008667	0.18119321763515472	0.23534297943115234	0.23828572034835815	0.3107345402240753	0.8055949211120605	0.5480157136917114	0.42620351910591125	0.45267394185066223	0.2168099731206894	0.959082305431366	0.38923144340515137	0.887927770614624	1.3932877779006958	0.2426002323627472	0.573006808757782	0.4292643666267395	0.7856223583221436	0.22864192724227905	0.7713465690612793	0.7586094737052917	0.4483531713485718	0.38272807002067566	0.6811168789863586	0.16084757447242737	1.063283920288086	0.262386679649353	0.8175276517868042	0.7324603199958801	0.4709044396877289	0.26157689094543457	0.4935998320579529	0.3134545087814331	0.12812015414237976	0.5141991972923279	0.8395456075668335	0.8123876452445984	1.2520419359207153	0.31037527322769165	0.8717114925384521	0.7601876854896545	0.575345516204834	0.2821783423423767	0.43085619807243347	0.8284027576446533	0.5705605745315552	0.39431101083755493	0.8349658846855164	0.5878841876983643	1.3299522399902344	0.29636961221694946	0.27414920926094055	0.6143794059753418	1.182877540588379	0.6136758327484131	0.4015592336654663	0.732060968875885	0.22391803562641144	0.19307395815849304	0.11435261368751526	0.36695730686187744	0.4277845323085785	0.3910953402519226	0.2376842200756073	0.43495139479637146	0.9373434782028198	0.4973534345626831	0.20589682459831238	0.7721802592277527	0.3663795292377472	0.8344327807426453	0.18859635293483734	0.44220295548439026	0.1999690681695938	0.2770344018936157	0.6861112117767334	0.7434804439544678	0.9189309477806091	0.6308269500732422	0.36703935265541077	0.2116529643535614	0.16897910833358765	0.3150961101055145	0.5090513825416565	0.36967793107032776	0.18465013802051544	0.1387416124343872	0.2909962236881256	0.31771403551101685	0.7307631373405457	0.2676122486591339	0.4715786278247833	1.0321075916290283	0.21362453699111938	0.5107967853546143	0.4169187545776367	1.058711290359497	0.10106299817562103	1.114295482635498	0.707987904548645	0.8434446454048157	0.9267768263816833	0.8409890532493591	0.7992209792137146	0.1514512449502945	0.33973851799964905	0.18466822803020477	0.3068951368331909	1.0394110679626465	0.5318090319633484	0.3576350808143616	0.5872642397880554	0.6247867345809937	0.3811141848564148	0.4431416988372803	0.29686814546585083	0.7549760341644287	0.2881472706794739	0.2813071608543396	0.6556457281112671	0.7063284516334534	0.43697506189346313	0.889457106590271	0.4583226442337036	0.7753371596336365	0.4546177387237549	0.2789880037307739	0.3370874226093292	0.1783338040113449	0.4167628586292267	0.6597636938095093	0.15163424611091614	0.3664796054363251	0.4333992302417755	0.42797574400901794	0.5270281434059143	0.7894354462623596	0.9192507266998291	0.3154810667037964	0.544187068939209	0.5344166159629822	0.19148151576519012	0.4769997000694275	0.7010127305984497	0.39956220984458923	0.37036389112472534	1.0374659299850464	0.5654915571212769	0.7129188776016235	0.29200267791748047	1.0206421613693237	0.9298670887947083	0.9638751745223999	0.7724097371101379	0.45083510875701904	0.6543359160423279	0.3308095335960388	0.5144200921058655	0.29087579250335693	0.3841145634651184	0.5958212614059448	0.40616974234580994	0.07643180340528488	0.3519408404827118	0.282446950674057	1.091392159461975	0.29984065890312195	0.5628373026847839	0.6709985733032227	0.787659764289856	0.3845813572406769	0.25219783186912537	0.1359504759311676	0.3095531463623047	0.4615621268749237	0.4065658748149872	1.3297988176345825	0.8778435587882996	0.41728872060775757	0.3833180069923401	0.495449960231781	0.3346201777458191	0.6420140266418457	0.1506226658821106	0.7285498380661011	0.578029215335846	0.5975072383880615	1.4270414113998413	0.36028599739074707	0.5662654638290405	0.8044862151145935	1.3501492738723755	0.4900219440460205	0.30892640352249146	0.8624398112297058	0.6658615469932556	0.9145957231521606	0.7830802202224731	0.22335991263389587	0.3290348947048187	0.18308734893798828	0.35801464319229126	0.9285315275192261	0.5649421215057373	0.9313825964927673	1.2905759811401367	0.6234843730926514	0.28354015946388245	0.3585156202316284	0.6438233852386475	0.625933825969696	0.39005976915359497	1.0222209692001343	0.6368240714073181	0.3020060360431671	0.26141151785850525	0.7488768100738525	0.28572624921798706	0.5050445199012756	1.171949863433838	0.3541853427886963	0.4061794877052307	0.5305160284042358	0.44030582904815674	0.5591604709625244	0.6452527642250061	0.40398144721984863	0.43361765146255493	0.5693674683570862	0.48973387479782104	0.5260006785392761	0.4891854524612427	1.1286975145339966	0.34394606947898865	0.44894394278526306	0.4568735957145691	0.2732256352901459	0.5450226068496704	0.5369665026664734	0.5105758309364319	0.5399020910263062	0.510320246219635	0.45821720361709595	0.6560540795326233	0.29948627948760986	0.19798900187015533	0.7846091985702515	0.4904433786869049	0.8273371458053589	0.7785612344741821	0.29007333517074585	0.4487040042877197	0.821453332901001	0.24003326892852783	0.11432646960020065	0.4437028467655182	0.4902138411998749	0.8067578673362732	0.5324443578720093	0.83971107006073	0.5483318567276001	0.6564110517501831	0.14976049959659576	0.23846498131752014	0.8355538249015808	0.4221563935279846	0.5412642359733582	0.559106707572937	0.1713770031929016	0.2869759500026703	0.6826407313346863	0.724677324295044	0.391491174697876	0.7400527596473694	0.35947465896606445	0.6767194271087646	0.3242369294166565	0.4106898009777069	0.6289785504341125	0.8120225071907043	0.40306851267814636	0.17856255173683167	0.41618573665618896	0.19039124250411987	0.29080110788345337	0.7774805426597595	0.6204586625099182	0.489865779876709	0.07534979283809662	0.5703952312469482	0.7063594460487366	0.43137335777282715	0.6028062105178833	1.3953803777694702	0.22414855659008026	0.6535291075706482	0.3107554316520691	0.5328923463821411	0.3896755576133728	0.23459148406982422	0.5785703063011169	0.3187538683414459	0.5736948251724243	0.7720884680747986	0.2613674998283386	0.7113684415817261	0.42092427611351013	0.8130530118942261	0.934113085269928	0.8610373735427856	0.08828640729188919	1.1154992580413818	0.28473085165023804	0.6632753014564514	0.2426149845123291	0.5517546534538269	0.6310713887214661	0.5114166140556335	0.5637866258621216	0.14646613597869873	1.394944667816162	0.31981217861175537	0.1152813732624054	0.5089805126190186	0.20193547010421753	0.5208861231803894	0.589255154132843	0.4877902567386627	0.8525494337081909	0.1406305581331253	0.4350314140319824	0.8282440900802612	0.589834988117218	0.7279561758041382	0.5523532629013062	0.5677664875984192	0.27678918838500977	0.3451482951641083	0.39786413311958313	0.7755816578865051	0.5558623671531677	0.7315341234207153	0.24136126041412354	0.2552574872970581	0.5807674527168274	0.4583064019680023	0.5569407939910889	0.3728761076927185	0.27286896109580994	0.4365712106227875	0.6243429780006409	0.34847384691238403	0.20269274711608887	0.36088284850120544	0.9654592871665955	0.4712353050708771	0.4307023584842682	1.1065406799316406	0.3239259421825409	0.6307578682899475	0.35864466428756714	0.49740758538246155	0.2772962152957916	0.4714229106903076	0.7825645804405212	0.38070544600486755	0.2145264446735382	0.4585552513599396	0.3271717131137848	0.4651468098163605	0.21519425511360168	0.7555599808692932	0.15331275761127472	0.6828436851501465	0.5282779932022095	0.4332718849182129	0.8567730188369751	0.43217769265174866	1.5179239511489868	0.6312984824180603	0.7771621942520142	0.4578034579753876	0.5773409605026245	0.31409788131713867	0.4523845613002777	0.43838033080101013	0.5062291622161865	1.1099183559417725	0.6074870824813843	0.3544040322303772	0.8253469467163086	0.7149597406387329	0.38231170177459717	0.35849514603614807	0.3435111343860626
0.555342435836792	0.5120388269424438	0.7547756433486938	0.3431013524532318	0.9319276213645935	0.21943962574005127	0.4724275469779968	1.2118638753890991	0.7798874378204346	0.34376055002212524	0.2571711838245392	0.43051353096961975	0.8567120432853699	0.7092491388320923	0.5331375002861023	0.2195996642112732	0.3403664529323578	0.7863976359367371	0.6702532768249512	0.3401000499725342	1.0196254253387451	0.21716035902500153	0.6961573958396912	0.39371997117996216	0.3142743706703186	0.6600550413131714	0.7684301137924194	1.3087610006332397	0.45123913884162903	0.6647286415100098	0.22175146639347076	0.6382319927215576	0.6410621404647827	0.2541813254356384	0.2532646656036377	0.4051658511161804	0.2892487049102783	0.5653295516967773	0.793581485748291	0.949701726436615	0.24014568328857422	1.2774105072021484	0.4656341075897217	0.640145480632782	0.1588306874036789	0.1597016453742981	0.45695146918296814	0.7211852073669434	0.5839651226997375	0.9244421124458313	1.2608524560928345	0.5528473258018494	0.8720593452453613	0.7168790698051453	0.6060285568237305	0.3506681025028229	0.31906309723854065	0.15942001342773438	0.7947158813476562	0.2944222688674927	0.2080010324716568	0.6397424936294556	0.9003787636756897	0.7134274840354919	0.5752643346786499	0.2999723255634308	1.1366626024246216	0.406965970993042	0.37036824226379395	0.3507762849330902	0.4738888442516327	0.47130435705184937	1.235350251197815	0.8389561176300049	0.6932733058929443	0.5485117435455322	0.38260531425476074	0.14893507957458496	0.7451445460319519	1.2183982133865356	0.6391005516052246	0.35881009697914124	0.2375350296497345	0.23329834640026093	0.44662609696388245	0.19208070635795593	0.9323011636734009	1.0781134366989136	0.6152143478393555	0.4197806417942047	0.4469907879829407	0.8539607524871826	0.11103922128677368	0.5341043472290039	0.9390364289283752	0.09320588409900665	0.48332035541534424	0.41343626379966736	0.6084272265434265	0.1884765923023224	0.05366191267967224	0.2598777711391449	0.3745043873786926	0.5708094835281372	0.5740628242492676	0.795214831829071	0.5204001069068909	0.6956241726875305	0.6728094816207886	0.5373004674911499	0.48918023705482483	0.49007630348205566	0.8390241861343384	0.3298047184944153	0.5033025145530701	0.6541707515716553	0.3542845845222473	0.7279223799705505	1.0002261400222778	0.6956167817115784	1.2820786237716675	0.38360080122947693	0.7346177101135254	0.43177807331085205	1.0168206691741943	0.8008951544761658	0.27880334854125977	0.5732994079589844	0.6410088539123535	0.14850471913814545	0.27865859866142273	0.4160304069519043	0.3343401849269867	0.12089281529188156	0.7609270215034485	0.40083977580070496	0.6378214955329895	0.43429034948349	0.6826962828636169	0.44278445839881897	0.49309685826301575	0.035762153565883636	1.009209156036377	0.42179614305496216	0.5816470384597778	1.4006340503692627	0.6952866911888123	0.1454971879720688	0.5562726259231567	0.3879576325416565	0.1670006960630417	0.23170697689056396	0.21555660665035248	0.8592233061790466	0.39965206384658813	0.48005908727645874	0.26222801208496094	0.7823681235313416	0.16846495866775513	0.4592773914337158	0.8602460622787476	0.6708647608757019	0.23533794283866882	0.43640798330307007	0.6049637794494629	0.4637962579727173	0.011925572529435158	0.2486175298690796	1.487442135810852	1.2515348196029663	0.5098116397857666	0.34726500511169434	0.25194475054740906	0.9159250259399414	0.6252071857452393	0.187453955411911	0.5639486908912659	0.3674817979335785	0.43124255537986755	0.2588939964771271	0.4488494098186493	0.6961358785629272	0.8027274012565613	0.9466936588287354	0.7574042677879333	0.8543853163719177	0.5249936580657959	0.5581547617912292	1.38470458984375	0.4171948730945587	0.5523443222045898	0.21646566689014435	0.8491474390029907	0.550298810005188	0.49610844254493713	1.0026236772537231	0.6773750185966492	0.29037827253341675	0.5737117528915405	0.9130364060401917	0.8532257676124573	0.3732602596282959	0.6046998500823975	0.667212188243866	0.35545554757118225	0.89234459400177	0.8792505264282227	0.39506903290748596	0.8550113439559937	0.8683928847312927	0.1761598140001297	0.6191696524620056	0.18126273155212402	0.18596051633358002	0.4238789975643158	0.7087538242340088	0.8703941702842712	0.6053115129470825	0.5099664330482483	0.8878321647644043	0.07896752655506134	0.4148237407207489	0.05614467337727547	0.793188214302063	0.2689809501171112	0.4062458574771881	0.69129478931427	0.9193776249885559	0.6824746131896973	0.8289343118667603	0.6693013310432434	0.4588696360588074	0.2547139525413513	1.444907784461975	0.523405134677887	0.516533374786377	0.40606850385665894	0.6083601117134094	0.75445157289505	0.21842409670352936	0.549028754234314	0.7241636514663696	0.3330002725124359	0.4057792127132416	0.5630486011505127	0.40124836564064026	1.0454833507537842	0.2786256670951843	0.2316373586654663	0.5430526733398438	0.41296908259391785	0.7827218174934387	0.3353147804737091	0.9372143745422363	0.6754860877990723	0.552671492099762	0.25927525758743286	1.109578013420105	1.4863091707229614	0.22040021419525146	0.6926822066307068	0.4639257788658142	0.5576519966125488	0.46661779284477234	0.8295352458953857	0.24821756780147552	0.7109160423278809	0.227796271443367	0.46096497774124146	0.6577346324920654	0.8298791646957397	0.4451410174369812	1.3383142948150635	0.6282886862754822	0.3848826289176941	0.5990872383117676	1.0190114974975586	0.9202706217765808	0.36246681213378906	0.3567950129508972	0.7314165234565735	1.3918178081512451	0.555351972579956	0.4070596992969513	0.8993698358535767	0.15981310606002808	0.3989543914794922	0.7087432146072388	0.48681631684303284	0.42899641394615173	0.6001594662666321	0.350432813167572	0.6513980031013489	0.3843093812465668	0.4936753809452057	0.9041590690612793	0.7947701215744019	0.4752521216869354	0.8908193111419678	0.8547228574752808	0.31156161427497864	0.7256919145584106	0.3637050688266754	0.849124550819397	0.5112552046775818	0.10246171057224274	0.1808474361896515	0.1294807642698288	0.6418851613998413	1.348868727684021	0.49613410234451294	0.5304429531097412	0.6485303640365601	0.7264306545257568	1.0265893936157227	1.6021915674209595	0.42804959416389465	0.47792693972587585	0.6995915174484253	0.4886125922203064	0.6316601634025574	0.596387505531311	0.5709438920021057	0.8445255756378174	1.0939404964447021	0.26267609000205994	0.3768453299999237	0.35207226872444153	0.6758321523666382	0.8968018293380737	0.5609821081161499	0.26915785670280457	0.23508426547050476	0.6724015474319458	1.0165510177612305	0.483029842376709	0.8491306304931641	0.9800257682800293	0.4973125755786896	0.6572333574295044	0.13418368995189667	0.3210996687412262	0.21867872774600983	0.39528268575668335	0.24580641090869904	0.7169650793075562	0.4953995943069458	0.44629761576652527	1.3257660865783691	0.30377012491226196	0.5691234469413757	0.4508258104324341	0.3705361783504486	1.1122881174087524	0.8347082138061523	0.12458857893943787	0.46785953640937805	0.49964630603790283	0.15060320496559143	0.40160027146339417	0.8144773244857788	0.20395612716674805	0.206390842795372	0.1802007555961609	0.9624334573745728	0.3930175304412842	0.8447244763374329	0.9282046556472778	0.24649617075920105	0.19634604454040527	0.5377465486526489	0.4146377146244049	0.553472638130188	0.9001328945159912	0.24856074154376984	1.026627779006958	0.95163494348526	0.4740316867828369	0.5619998574256897	0.34152600169181824	0.35128894448280334	1.0286294221878052	0.47548097372055054	0.4391668140888214	0.22813501954078674	0.45909684896469116	1.1060017347335815	0.45303481817245483	0.8214552402496338	0.5848559141159058	0.7023488879203796	0.957216739654541	0.42584434151649475	1.5277516841888428	0.34446147084236145	0.5271520018577576	0.3801189661026001	0.6304542422294617	1.0130778551101685	0.7229201197624207	0.24448543787002563	0.6987499594688416	0.3084045946598053	0.5449097156524658	0.44752299785614014	0.32458704710006714	0.38041096925735474	0.8167612552642822	0.19511401653289795	0.24742990732192993	0.6540170907974243	0.23617541790008545	0.4921722710132599	0.2880086898803711	0.4806543290615082	0.8693566918373108	0.5346741676330566	0.4289597272872925	0.7440810203552246	0.617851972579956	0.33711427450180054	0.5682123303413391	0.9538137912750244	0.40674254298210144	0.5762967467308044	0.4653877317905426	0.6198171377182007	0.5553461313247681	0.8590935468673706	0.699980616569519	0.2541184723377228	0.2859850823879242	0.6816221475601196	0.3997619152069092	0.22007711231708527	0.4511101245880127	0.4434696435928345	0.6273216009140015	0.5781195163726807	0.47476720809936523	0.5934218168258667	0.9852921962738037	0.6847261190414429	0.4661031663417816	0.4151323437690735	0.46446967124938965	0.7036129236221313	0.49900704622268677	0.6008462309837341	0.5338068604469299	0.4919615089893341	0.2962673604488373	1.2535874843597412	0.6318850517272949	0.6928437948226929	0.2557927370071411	0.31365951895713806	0.42483213543891907	0.703949511051178	0.4823434352874756	1.1116790771484375	0.6332859992980957	0.3259059190750122	0.7858352661132812	0.23885409533977509	0.5679031610488892	0.7890345454216003	0.4819173812866211	0.36644068360328674	0.9529446363449097	0.45166015625	0.23013049364089966	0.7871944308280945	0.3327822983264923	0.4134467840194702	0.7789294719696045	0.7815062999725342	0.5681841969490051	0.20826692879199982	0.9795113205909729	0.23195061087608337	0.21269971132278442	0.6067247986793518	0.8468018174171448	1.634505271911621	0.9001385569572449	0.612119734287262	1.179918885231018	0.654553234577179	0.2327461987733841	0.5131630897521973	0.516347348690033	0.6722320318222046	0.98964524269104	0.24346475303173065	0.4731837511062622	0.2956252098083496	0.1718093752861023	0.28869566321372986	0.568213164806366	0.5374229550361633	0.5518140196800232	0.7246934771537781	0.48669055104255676	0.5519092679023743	0.8466094732284546	0.2354312539100647	0.3924192190170288	0.6900737881660461	0.24864241480827332	0.5252414345741272	0.5349060893058777	0.7165735960006714	0.4145698845386505	0.42591312527656555	0.1211761012673378	0.3945770859718323	0.34499552845954895	0.5562648773193359	0.6960305571556091	0.3744102418422699	0.5694029927253723	0.9002712368965149	0.8360134363174438	0.2742598354816437	0.5284537076950073	0.5976743698120117	0.5730848908424377	0.5540235638618469	0.6923443078994751	0.7625856399536133	0.6596540808677673	0.47348833084106445	0.5477122664451599	0.6353709697723389	0.419182151556015	0.45630455017089844	0.4546481966972351	0.7276960611343384	0.47415798902511597	0.9437270760536194	0.4522232711315155	0.39371347427368164	1.359923243522644	0.23072868585586548	0.7740856409072876	0.20816537737846375	0.3428041934967041	0.5879974365234375	0.651368260383606	0.3001771569252014	0.7327399849891663	0.622967541217804	0.29767346382141113	0.2196592390537262	0.13900946080684662	0.43887895345687866	0.6130440831184387	0.5360634326934814	0.6511120796203613	0.5050523281097412	0.7026122808456421	0.4619293808937073	0.2675359845161438	0.6290565133094788	0.3255217373371124	0.7892099618911743	0.12159039080142975	0.5099286437034607	0.8186628818511963	0.5004396438598633	1.0220060348510742	0.6091353297233582	0.8306196928024292	0.22320011258125305	0.6995591521263123	0.1027744933962822	0.2654653787612915	0.6198456287384033	0.5603356957435608	0.8023431897163391	0.43506166338920593	0.6666349172592163	0.609072744846344	0.4483906924724579	0.577800452709198	0.5216028690338135	0.7716314196586609	0.05389188230037689	0.7474751472473145	0.5678161978721619	1.075974702835083	0.5896657705307007	0.698226273059845	0.2254190444946289	0.7950844764709473	0.8191240429878235	0.5569244623184204	0.45966264605522156	0.3675425052642822	0.3651280999183655	0.5962100028991699	0.4428061246871948	0.27418920397758484	1.2340726852416992	0.4838119149208069	0.7847288250923157	0.5987487435340881	0.48208948969841003	1.1167699098587036	0.12896835803985596	0.7170042991638184	0.27706220746040344	0.32236534357070923	0.21038445830345154	0.8789809942245483	0.21063753962516785	0.39445969462394714	0.501754641532898	0.48239243030548096	0.413400799036026	0.6162771582603455	0.31386375427246094	1.0141303539276123	0.2519870400428772	0.22319334745407104	0.5236021876335144	0.3915788233280182	0.7083582282066345	0.6619843244552612	0.48843589425086975	0.20567896962165833	0.07854825258255005	1.0574321746826172	1.0064783096313477	0.3977237939834595	0.52299964427948	0.4359605312347412	0.2823890447616577	0.6094515919685364	0.678130567073822	0.6205574870109558	0.5680892467498779	0.6173681020736694	1.2923636436462402	0.430031955242157	0.46874135732650757	0.3697366416454315	0.18020063638687134	0.5641144514083862	0.5806485414505005	0.3174195885658264	0.4102247357368469	0.321849524974823	0.9914257526397705	0.1733073592185974	0.48918911814689636	0.9165312647819519	0.7487359046936035	0.5583842396736145	0.3622351586818695	0.36719799041748047	0.15086369216442108	0.2556450068950653	0.7188795208930969	0.9934295415878296	0.7021870613098145	0.6074128150939941	0.6210913062095642	0.33628177642822266	0.17971916496753693	0.3434033989906311	0.41475820541381836	0.5405038595199585	0.9052339196205139	0.7595797777175903	0.259846031665802	0.7822796106338501	1.4414551258087158	0.3426719903945923	0.5346676111221313	0.33888721466064453	1.0543040037155151	0.433428019285202	0.7244825959205627	0.4007554352283478	0.6066573262214661	0.5106151700019836	0.266049861907959	0.529607892036438	0.7341764569282532	0.9044011831283569	1.359765887260437	0.4508005976676941	0.2799268066883087	0.759819746017456	0.42943301796913147	0.30849698185920715	0.6983503103256226	0.36660656332969666	0.728158175945282	0.9085003137588501	0.17447274923324585	0.18088991940021515	0.2840116620063782	0.3230085074901581	0.6571222543716431	0.6473737955093384	0.5406550168991089	0.49348801374435425	0.34431901574134827	0.300782173871994	1.3082587718963623	0.4133741557598114	0.4649166464805603	0.5616371631622314	0.7956771850585938	0.55733323097229	0.688319206237793	0.6368963718414307	0.7545889019966125	0.7446935176849365	0.5603713393211365	0.30102506279945374	0.238601416349411	0.4079335927963257	0.5147629976272583	0.16747421026229858	0.6973069906234741	0.7678370475769043	0.22944195568561554	0.5396566390991211	0.4297965168952942	0.46833428740501404	0.7869933247566223	0.3855839669704437	0.24297195672988892	0.66712486743927	0.29462823271751404	0.37595346570014954	0.4390001893043518	0.9459824562072754	0.5799716114997864	0.5861461758613586	0.5694625377655029	0.4682530462741852	0.38592034578323364	0.5747172236442566	0.5338320136070251	0.7196504473686218	0.459601491689682	0.3730260729789734	0.2766666114330292	0.18591749668121338	0.19462502002716064	0.3448355793952942	1.4517537355422974	0.09228485077619553	0.5805371999740601	0.6775690913200378	0.9791667461395264	0.17045460641384125	0.17732201516628265	0.5600603222846985	0.3388311266899109	0.31653764843940735	0.4716157019138336	0.46440389752388	0.224502831697464	0.6488077640533447	0.39861440658569336	0.5995758175849915	0.8892688751220703	0.3215823769569397	0.6568979620933533	0.35229822993278503	0.3446453809738159	0.2484900802373886	0.15762904286384583	0.48120686411857605	0.5638328790664673	0.10759970545768738	0.9478005766868591	0.3277575671672821	0.37371164560317993	0.9398030042648315	0.3420743942260742	0.4426378309726715	0.3533574938774109	0.5213901996612549	0.48486384749412537	0.5548122525215149	0.9002079367637634	0.9999422430992126	0.6178134679794312	0.37421944737434387	1.1920219659805298	0.576801598072052	0.46435678005218506	0.6626201868057251	0.33688783645629883	0.7280706167221069	1.0957458019256592	0.49297064542770386	0.3448129892349243	0.6146056652069092	0.979305624961853	0.62159663438797	0.8930394649505615	0.32118329405784607	0.38893961906433105	0.6296361684799194	0.48373833298683167	0.5055738091468811	0.6896108388900757	0.7201160788536072	0.5782377123832703	0.8951389789581299	0.5552164912223816	0.5016331672668457	0.554479718208313	0.4095972180366516	0.49849095940589905	0.648573100566864	0.7419511079788208	0.48064979910850525	0.8340026140213013	0.3204307556152344	0.8365586400032043	0.2574407458305359	0.402055025100708	0.29828307032585144	0.34846270084381104	0.29516103863716125	0.8551536202430725	0.8341887593269348	0.37255027890205383	1.078974962234497	0.28865811228752136	0.5555635690689087	0.3256029188632965	0.2871955633163452	0.4308750629425049	0.4773547053337097	0.7975913882255554	0.7114031314849854	0.31881606578826904	0.6108449697494507	0.7841616272926331	0.1862858384847641	0.5316922068595886	0.2927719056606293	0.21267275512218475	0.9457508325576782	0.6522241830825806	0.5202273726463318	0.4582093358039856	0.6176505088806152	0.6316366791725159	0.47353607416152954	0.5743486285209656	0.2163103073835373	0.34703490138053894	0.329137921333313	0.34528079628944397	0.18523982167243958	0.06645983457565308	0.27800124883651733	0.5443544983863831	1.1510564088821411	0.8830640912055969	0.8697277307510376	0.5676544904708862	0.1917964220046997	0.49670663475990295	0.738667905330658	0.4080857038497925	0.6707399487495422	0.8218247294425964	0.484702467918396	0.3054003119468689	0.2961809039115906	0.8330861330032349	0.3361535668373108	0.37506887316703796	0.7848597168922424	0.32193851470947266	0.38473984599113464	0.9950994849205017	0.40846705436706543	0.7883220314979553	0.37484583258628845	0.5139384269714355	0.2780638039112091	0.11550506949424744	0.6205335855484009	0.13341593742370605	0.4871135950088501	0.5723317861557007	0.486035019159317	0.1897849291563034	0.18379829823970795	0.35947385430336	0.38134700059890747	0.2719833254814148	1.388457179069519	0.36103200912475586	0.2046450525522232	0.9262274503707886	0.43964090943336487	0.2752448618412018	0.1387946903705597	0.666752815246582	0.38569483160972595	0.5085796117782593	0.697675347328186	0.29374945163726807	0.09902234375476837	0.2660379111766815	0.06248379498720169	0.600525438785553	0.8054577112197876	0.7671086192131042	0.2998395562171936	0.5519853830337524	0.21298891305923462	0.5871699452400208	0.5146862268447876	0.44330310821533203	0.6878548860549927	0.5769749283790588	1.2342191934585571	0.39596235752105713	1.0989934206008911	0.5253639221191406	0.2319169044494629	0.25125735998153687	0.6134907603263855	0.35574251413345337	0.36391085386276245	0.1540670096874237	0.7119988799095154	0.5854171514511108	0.2833035886287689	0.430711567401886	0.3450116515159607	0.9400295615196228	0.7122851610183716	0.5238099098205566	0.5694523453712463	1.0449271202087402	1.0887854099273682	0.8417342305183411	0.6974886059761047	0.608310341835022	0.34980475902557373	0.39587563276290894	0.2800109088420868	0.8071410059928894	0.2308855503797531	0.14460806548595428	0.8605583906173706	0.3713637888431549	0.6202237010002136	0.19965410232543945	0.4274647831916809	0.6874621510505676	0.2459356039762497	0.9559505581855774	0.3722756505012512	0.3463990390300751	0.22753936052322388	0.36737146973609924	0.32391202449798584	0.38222044706344604	0.39299753308296204	0.5194432139396667	0.7967367768287659	0.3221185505390167	0.24952173233032227	1.0195592641830444	1.2519019842147827	0.9551867246627808	0.4700886607170105	0.5196722149848938	0.26793819665908813	0.6362077593803406	0.9719560742378235	0.22897730767726898	0.7437163591384888	0.20175576210021973	0.433836430311203	0.7690922021865845	0.49987396597862244	0.8319324851036072	0.2676540017127991	0.4053688049316406	0.424705445766449	0.6813514232635498	0.20423737168312073	0.3423405885696411	0.45942556858062744	1.0392789840698242	0.5737910866737366	0.2114466428756714	0.4267600476741791	0.3766133487224579	0.0945616066455841	0.5452454686164856	0.44652408361434937	0.5860532522201538	0.045133963227272034	0.6302515864372253	0.8096082210540771	0.5270006060600281	0.6182299852371216	0.2607479393482208	0.680610179901123	0.45005807280540466	0.4973674416542053	0.48661091923713684	0.6060242652893066	0.6350823044776917	0.31827792525291443	0.6185281872749329	0.5374189615249634	0.5754253268241882	0.39227861166000366	1.1254355907440186	0.7706194519996643	0.7839351296424866	0.5182501673698425	0.2447468340396881	0.5558005571365356	1.1250568628311157	0.4335632026195526	0.2632155418395996	0.5621790289878845	0.5519441962242126	0.16964924335479736	0.5899770855903625	0.47550320625305176	0.3910224437713623	0.6829675436019897	0.32690250873565674	0.7502076029777527	0.28584668040275574	0.44302916526794434	0.3619823753833771	0.8868629336357117	0.18419335782527924	1.2731465101242065	0.7404606342315674	0.3241799473762512	0.6481322646141052	0.2866407036781311	0.7425695657730103	0.20326057076454163	0.22375881671905518	0.538498044013977	0.6784506440162659	0.49273407459259033	0.5003364682197571	0.5894799828529358	0.43332740664482117	0.8487781882286072	0.16554200649261475	0.23128770291805267	0.44506826996803284	0.7895007729530334	0.9844824075698853	0.26874983310699463	0.06540749967098236	0.39545753598213196	0.3665764331817627	1.5568345785140991	1.3239774703979492	0.42819276452064514	0.6504238247871399	0.5586578845977783	0.13570787012577057	1.0245800018310547	1.0840766429901123	0.500886082649231	0.6830841302871704	0.5408794283866882	1.0282360315322876	1.0310198068618774	1.0311428308486938	0.6257046461105347	0.80954909324646	0.7037745714187622	0.7399348020553589	0.6161954402923584	0.22159576416015625	0.24221079051494598	0.45795199275016785	0.7227569818496704	0.3648161292076111	0.6461164355278015	0.28880804777145386	0.6736804842948914	0.4633663296699524	1.3266724348068237	0.23268727958202362	0.7135645151138306	0.15159301459789276	0.3864419460296631	0.9580361843109131	0.41170209646224976	0.9859181046485901	0.6582732796669006	0.21346846222877502	0.13057084381580353	1.023983359336853	0.8076030611991882	0.5401906967163086	0.7620856165885925	1.2286843061447144	0.6349090337753296	0.579480767250061	1.3553416728973389	0.7494620680809021	0.5326128005981445	0.4271458387374878	0.4292539954185486	0.4286973774433136	0.5700674653053284	0.29173728823661804	0.18251217901706696	0.29080697894096375	0.42982983589172363	0.9096067547798157	0.39078640937805176	0.35526803135871887	0.800942063331604	0.6977271437644958	1.0840668678283691	0.30768463015556335	0.6510742902755737	0.3556470274925232	0.6684848070144653	0.26439258456230164	0.6772435307502747	0.5452861785888672	0.27021723985671997	0.6709980964660645	0.9197255969047546	0.26898491382598877	0.41931167244911194	0.28394556045532227	0.3833218216896057	0.41169530153274536	0.48128119111061096	0.6739577651023865	0.38043633103370667	0.30243900418281555	0.7855627536773682	0.45933544635772705	0.4482397735118866	1.0744473934173584	0.7430999875068665	0.13633441925048828	0.472685307264328	0.11029165238142014	0.389690101146698	0.672926664352417	0.42715540528297424	0.15306927263736725	0.2749992907047272	0.41779229044914246	0.8147327899932861	0.2691408395767212	0.32943838834762573	0.7309780120849609	0.12129795551300049	0.15243420004844666	0.671172559261322	0.7677421569824219	0.39014914631843567	1.2160992622375488	0.5991050004959106	0.2770995497703552	0.5482950210571289	0.5284607410430908	0.21087825298309326	0.3670368492603302	0.8875212073326111	0.12113165855407715	0.9723331332206726	0.5790743827819824	0.32511162757873535	0.44631049036979675	0.3529985249042511	0.33665135502815247	0.3898993730545044	0.394054651260376	0.7485796213150024	0.48308882117271423	0.6077101826667786	0.36159414052963257	0.4667561948299408	0.7665960788726807	0.6181221604347229	0.7109206318855286	0.6211144924163818	0.5461500287055969	0.8573199510574341	0.6771106123924255	0.551830530166626	0.38582855463027954	0.5102049112319946	0.23454052209854126	0.5273234248161316	0.8266871571540833	0.44685667753219604	0.38763242959976196	0.8246081471443176	0.636111319065094	0.912868320941925	0.1879090815782547	0.45763421058654785	0.32441797852516174	1.8398891687393188	1.5549167394638062	1.598567247390747	0.4376194477081299	0.3492037355899811	0.5157807469367981	0.8371760249137878	0.4845205247402191	0.4040845036506653	0.27352455258369446	1.1085611581802368	0.5278050899505615	0.8106980919837952	0.3689715564250946	0.7684475779533386	0.7742170095443726	0.8974446654319763	0.45548349618911743	0.3969137668609619	0.4746811091899872	0.5332598686218262	0.4910410940647125	0.6649981737136841	0.6052840352058411	0.2301860749721527	0.44595372676849365	0.6598041653633118	0.3636220097541809	0.8085790872573853	0.9268052577972412	0.3236422836780548	0.8196197748184204	0.16743478178977966	0.83130943775177	0.6564751863479614	0.728721022605896	0.6148516535758972	0.29986119270324707	0.6618292331695557	0.4384055733680725	0.1736508160829544	0.3619709610939026	0.14133821427822113	0.5621382594108582	0.2804318368434906	0.19589067995548248	0.9842360615730286	0.551052451133728	0.5991988182067871	0.16855397820472717	1.0347113609313965	0.4813227355480194	0.9705277681350708	0.4214571714401245	0.8195445537567139	0.32949522137641907	0.5138891935348511	0.4784519672393799	0.3461819291114807	0.6694653630256653	0.4504781663417816	0.6002918481826782	0.7189127802848816	0.7415781021118164	1.1179925203323364	0.7243891954421997	1.0533217191696167	0.90750652551651	0.1608242392539978	0.3469026982784271	0.6534578800201416	0.36763352155685425	0.4507193863391876	0.25741106271743774	0.36144202947616577	0.19150236248970032	0.9439281225204468	0.22208824753761292	0.19254934787750244	0.8871865272521973	0.632826030254364	0.2359081506729126	0.40728920698165894	0.7156031727790833	0.6635770797729492	0.1938595026731491	0.3986305594444275	0.506962239742279	0.19975808262825012	0.49117735028266907	0.6825472116470337	0.4206687808036804	0.5627795457839966	0.31827759742736816	0.5399308204650879	0.37668177485466003	1.2454113960266113	0.604651153087616	0.33763110637664795	0.7963249683380127	0.7821108102798462	0.4927646517753601	0.7209144234657288	0.684073269367218	0.6919831037521362	0.27825814485549927	0.3837825059890747	0.1900297999382019	0.4991818070411682	0.5445718169212341	0.319296658039093	0.20643579959869385	0.5142139792442322	0.2381567656993866	0.6729254126548767	0.5787598490715027	0.4052329659461975	0.33139556646347046	0.397622287273407	0.6796472072601318	0.5988951325416565	1.3081332445144653	0.6954666972160339	0.6429605484008789	0.9686115384101868	1.0888631343841553	0.5378671288490295	0.38939011096954346	0.6568206548690796	0.3381229043006897	0.277511864900589	0.3619413673877716	0.2337636649608612	1.0331045389175415	0.575583279132843	0.5083473920822144	0.4860243499279022	0.6259405612945557	0.46202224493026733	0.39866912364959717	0.3766629993915558	0.6817899942398071	0.517701268196106	0.5491246581077576	0.23910674452781677	1.0181612968444824	0.6781439781188965	0.43342891335487366	0.4772624373435974	0.9524112939834595	0.2838260233402252	0.8187248706817627	0.5606348514556885	0.7522457838058472	0.5981615781784058	0.765610933303833	1.3426382541656494	0.1705741435289383	1.3374552726745605	1.2575154304504395	0.05311393737792969	0.5027418732643127	0.17705091834068298	0.612528920173645	0.288995623588562	0.39068347215652466	0.30071043968200684	0.7111667990684509	0.516008198261261	0.5130673050880432	0.4043877422809601	0.5427488088607788	0.6179092526435852	0.20806065201759338	0.41506412625312805	0.5499415397644043	1.2009978294372559	0.6841224431991577	0.14029496908187866	0.26598164439201355	0.9300174713134766	1.4072933197021484	0.4444485306739807	0.526465117931366	0.5041493773460388	0.26739081740379333	1.0482559204101562	0.9053490161895752	0.8125239610671997	0.5316157341003418	0.7567185759544373	0.5852258801460266	0.6934728622436523	0.6500464081764221	0.8962167501449585	0.3283499479293823	0.518288791179657	0.46358785033226013	0.2356942743062973	0.11970939487218857	0.6957893371582031	0.431266188621521	0.5226477384567261	0.2217216044664383	0.2352902591228485	0.6661271452903748	0.5450884699821472	0.5929270386695862	0.6399630308151245	0.1879339963197708	0.7446562647819519	0.6128024458885193	0.44814932346343994	0.039924390614032745	0.4768977463245392	0.7909451723098755	0.3377015292644501	0.7499778270721436	0.5352728366851807	0.7511696219444275	0.40672680735588074	0.47081685066223145	0.7575379014015198	0.7649819850921631	0.9348862767219543	0.2220059484243393	0.4205324649810791	0.42891430854797363	0.43383124470710754	0.4264289140701294	0.3486347496509552	0.4905257225036621	0.12993744015693665	0.42372483015060425	0.4432528614997864	1.7257124185562134	0.29469650983810425	1.0480092763900757	0.373046875	1.0554189682006836	0.3976415693759918	0.3843557834625244	0.41758406162261963	0.4001704454421997	0.6672533750534058	0.26674336194992065	1.0303945541381836	0.45136362314224243	0.27591755986213684	0.6967226266860962	0.7879798412322998	0.3273329436779022	0.2271580994129181	0.20071496069431305	0.6761952638626099	1.1419250965118408	0.3941033184528351	1.2174012660980225	0.3362515866756439	0.6237363219261169	0.5942476391792297	0.42878854274749756	0.33070555329322815	0.4291989207267761	1.149864912033081	0.177814781665802	0.5979663133621216	0.3181390166282654	0.44681409001350403	0.504248321056366	0.5585682392120361	1.6054431200027466	0.39591503143310547	0.8797240853309631	0.8609461784362793	0.9801058769226074	0.49022790789604187	0.4838699698448181	0.4751858413219452	0.701935887336731	0.29260700941085815	0.2398812472820282	0.0625869408249855	0.21868903934955597	0.2951480448246002	0.4438316524028778	0.8798816800117493	0.5775262117385864	0.5696373581886292	0.24992898106575012	0.6797138452529907	0.38295862078666687	0.6998022794723511	0.4463499188423157	0.4184741973876953	0.18571041524410248	0.6021758913993835	0.6920533180236816	0.7825823426246643	0.6487232446670532	0.25831425189971924	0.5002427697181702	0.6335453391075134	0.42377084493637085	0.7020607590675354	0.5152428150177002	0.41617855429649353	0.39689889550209045	0.328851580619812	1.0747181177139282	0.4323558509349823	0.5225121378898621	0.3272011876106262	0.40409713983535767	0.7061688303947449	1.1580371856689453	0.5554788708686829	0.545944333076477	0.6206225156784058	0.7480498552322388	0.5437380075454712	0.3842248320579529	0.6228780150413513	0.48670485615730286	1.1752979755401611	0.5015355944633484	0.43796300888061523	0.7406150102615356	0.4840235412120819	0.11772096157073975	0.31267374753952026	0.2693139612674713	0.5429486036300659	0.589320957660675	0.7787783741950989	0.6961837410926819	1.258542537689209	1.2853511571884155	0.5085561275482178	0.3678492307662964	0.85029137134552	0.15587449073791504	0.5902837514877319	0.4927557706832886	0.36990028619766235	0.6856750249862671	0.3899032771587372	0.48644015192985535	0.39180147647857666	0.5369905829429626	0.3756370544433594	0.27497291564941406	0.4304245114326477	0.5130967497825623	0.742676317691803	0.2327393889427185	0.7255159020423889	0.6767674088478088	0.27212783694267273	0.38386720418930054	0.2466309368610382	0.4227442443370819	0.42932602763175964	0.46204131841659546	0.7733325958251953	0.5860993266105652	0.4936704635620117	0.9089754819869995	0.6201145052909851	0.27475908398628235	0.720178484916687	0.16304714977741241	0.48800837993621826	0.23797309398651123	1.0092945098876953	0.5568920969963074	1.3513545989990234	0.776825487613678	0.5283244252204895	0.3218771517276764	0.5648306012153625	0.8208357691764832	0.12756028771400452	0.9181631207466125	0.3716742992401123	0.3840702474117279	0.5972731709480286	0.34783053398132324	1.0917785167694092	0.38525012135505676	0.5765563249588013	0.5088793039321899	0.8852584958076477	0.2751038670539856	0.43204405903816223	0.7200402021408081	0.6008027791976929	1.436829686164856	0.42915230989456177	0.3894285559654236	0.5179228782653809	1.2331782579421997	0.44809961318969727	0.13529092073440552	0.324038028717041	0.29554280638694763	0.8313220739364624	0.19546626508235931	0.800472617149353	1.0009434223175049	0.4052142798900604	0.7555241584777832	0.7927290201187134	0.3274170160293579	0.5070263147354126	0.24386659264564514	0.6108893156051636	0.36771613359451294	0.3552590310573578	0.685443639755249	0.5483156442642212	0.21098923683166504	0.31774863600730896	0.1672345995903015	0.13716170191764832	0.4763544201850891	0.33335158228874207	0.47828319668769836	1.3631314039230347	0.5863539576530457	0.8270033597946167	0.29022467136383057	0.6390597820281982	0.8086290955543518	0.9865376353263855	0.7427468299865723	0.513176679611206	0.369499146938324	0.2886587679386139	0.035605959594249725	0.46365079283714294	0.9437351822853088	1.2366514205932617	1.3331962823867798	0.2713770866394043	0.7741210460662842	0.2977852523326874	0.675369143486023	0.23884181678295135	0.8608758449554443	0.8103401064872742	0.18259966373443604	0.4475768804550171	0.15198221802711487	0.3948896527290344	0.7065773010253906	0.8067808151245117	1.2318158149719238	0.33340734243392944	0.205125629901886	0.4004576504230499	0.938008725643158	0.29948776960372925	0.15027128159999847	0.4479278028011322	0.4813739061355591	0.7006106376647949	0.7610055208206177	0.48991474509239197	0.3040879964828491	0.1790393590927124	0.4857538938522339	0.835163414478302	0.4924018085002899	0.6595977544784546	0.6612383127212524	0.10500304400920868	0.473917156457901	0.2653779089450836	0.3370964229106903	0.8900904059410095	0.24165840446949005	0.45216864347457886	0.6210249662399292	0.980955958366394	0.8211436867713928	0.5829287767410278	0.65846848487854	0.2192961722612381	0.21345697343349457	0.0865439772605896	0.897241473197937	0.38633137941360474	0.25310027599334717	0.7033560276031494	1.0628809928894043	0.5758537650108337	0.7765285968780518	0.5107631087303162	0.680004894733429	2.0893375873565674	0.21332138776779175	0.132347971200943	0.18930047750473022	0.1493895947933197	0.7315217852592468	0.6406654119491577	0.27315250039100647	1.4215267896652222	0.3595742881298065	0.5077789425849915	0.22997651994228363	0.21482045948505402	0.7330964803695679	0.7446328401565552	0.2614210247993469	0.31343403458595276	0.21517133712768555	0.5095046758651733	0.5720175504684448	0.14637576043605804	0.7329018115997314	1.393677830696106	0.1502888947725296	1.0298060178756714	1.213444709777832	1.0840544700622559	0.6090143918991089	0.7637659907341003	0.7626795172691345	0.6859434247016907	0.7204325795173645	0.5772198438644409	0.8615715503692627	0.5350276231765747	0.5779621005058289	0.22703923285007477	0.5126262307167053	1.102493166923523	0.6656124591827393	0.4400783181190491	0.5868325233459473	0.24114997684955597	0.2530422806739807	0.4852951169013977	0.2993244528770447	0.5465704202651978	0.4688684344291687	0.3083110451698303	0.6999979615211487	0.4152750074863434	0.8831494450569153	0.6999911069869995	0.32471826672554016	0.3726311922073364	0.6188327074050903	0.2830125093460083	0.6449381113052368	0.19516927003860474	0.5368293523788452	0.47831350564956665	0.28661417961120605	0.4897304177284241	0.39668962359428406	0.48726847767829895	0.4660283029079437	0.2600822448730469	1.1892890930175781	0.5707316994667053	0.528566837310791	0.6218118071556091	0.2353799194097519	0.46094444394111633	0.4118981957435608	0.707818329334259	0.3106507956981659	0.6675544381141663	0.47044456005096436	0.4724122881889343	0.3687295913696289	0.5565236806869507	0.5838622450828552	0.29431432485580444	0.5317211151123047	0.812525749206543	1.228811264038086	0.17467181384563446	0.5747799873352051	0.2868634760379791	0.7222268581390381	0.6719093918800354	0.7738596200942993	0.27748599648475647	0.31844526529312134	0.28393518924713135	0.7203976511955261	0.7973778247833252	0.4515320062637329	0.9583200812339783	0.5079345107078552	0.3047913610935211	0.16515745222568512	0.5645948648452759	0.40919971466064453	0.3141076862812042	0.1810671091079712	0.7409601807594299	0.6433829665184021	0.8345324993133545	0.4969695806503296	0.1238425001502037	0.7384774088859558	0.861534595489502	0.5114826560020447	0.5922909379005432	0.2813102602958679	0.6077240705490112	0.33772993087768555	0.8595579862594604	0.6532478928565979	0.6835471987724304	1.2673124074935913	0.6314778327941895	0.2248067557811737	0.7506341934204102	0.6526051759719849	0.42839157581329346	0.586134135723114	0.7649239301681519	0.8396161794662476	0.6566529870033264	0.26361796259880066	0.39912670850753784	0.33342331647872925	0.5674324035644531	1.087007761001587	0.38944774866104126	0.5031452775001526	0.5150317549705505	0.482469379901886	0.34047645330429077	0.6480967402458191	0.41986358165740967	1.1294633150100708	0.5709373950958252	0.5863322019577026	0.7281465530395508	0.15846119821071625	0.4742526412010193	0.8457711338996887	0.41580304503440857	0.8656798601150513	0.5823720097541809	0.6190083622932434	0.6333657503128052	0.373897522687912	0.8597828149795532	0.6012473702430725	0.39177995920181274	0.3852420747280121	0.07200108468532562	0.40858545899391174	0.6118809580802917	0.16980208456516266	0.13924109935760498	0.5965700745582581	0.4787152409553528	0.9578835964202881	0.5948851108551025	0.46941307187080383	0.05184653028845787	0.7677810192108154	0.6795676946640015	0.0670144259929657	0.45280739665031433	1.2354658842086792	0.3602856397628784	0.3641427159309387	0.2937467694282532	0.7066873908042908	0.6126905083656311	0.5777734518051147	0.20669347047805786	0.46062296628952026	0.7965206503868103	0.6453148126602173	0.2670513987541199	0.4458921551704407	0.583658754825592	0.4216953217983246	0.7163428068161011	0.479889839887619	0.4798211455345154	1.058344841003418	0.8411380052566528	0.831834077835083	0.5193386077880859	0.457053542137146	0.626971960067749	0.3642595112323761	1.1817318201065063	0.5593771934509277	0.1374932825565338	0.2866659462451935	0.4075950086116791	0.7585143446922302	0.3315894603729248	0.19573473930358887	0.6919409036636353	0.6994295716285706	0.9419894814491272	0.4468183219432831	0.41634219884872437	0.4183618426322937	0.6930943727493286	1.397545576095581	0.49414390325546265	0.41401436924934387	0.3023732900619507	0.4042823314666748	0.6934622526168823	0.3296327590942383	0.4297674298286438	0.5866632461547852	0.22263452410697937	1.2332451343536377	0.326160728931427	0.23322245478630066	0.40440529584884644	0.2562362849712372	0.4837031662464142	0.20868298411369324	0.2929462194442749	0.1866290122270584	0.7617731094360352	0.4423297047615051	0.596023440361023	0.16631820797920227	0.7680620551109314	0.5314963459968567	0.12730945646762848	0.5730945467948914	0.7023739814758301	0.8034857511520386	0.21662713587284088	0.48832401633262634	0.4123897850513458	0.4327847957611084	0.22144882380962372	0.08520582318305969	0.8871902227401733	0.5944921970367432	0.20683395862579346	0.6486078500747681	0.2153245210647583	0.10663723945617676	0.40434530377388	0.4250117838382721	0.4763253629207611	0.4236545264720917	0.41861486434936523	0.33610400557518005	0.7443041205406189	0.4525774121284485	0.08586526662111282	0.7844518423080444	0.12597858905792236	0.35648313164711	0.28116658329963684	0.918336808681488	0.15796107053756714	0.48392537236213684	0.4608818292617798	0.4806579351425171	0.6629173755645752	0.6335039734840393	0.7416001558303833	0.2501005530357361	0.43716561794281006	0.5463456511497498	0.7442235946655273	0.2815379798412323	0.36665990948677063	0.5618277192115784	1.0711455345153809	0.4318397343158722	0.6105750799179077	0.6520828604698181	0.7775086164474487	0.9699169397354126	0.34478360414505005	0.4335107207298279	0.9371100068092346	0.752508819103241	0.3275131285190582	0.3675623834133148	0.6332241892814636	0.8047817349433899	0.5795351266860962	0.8789872527122498	0.40314173698425293	0.8804672956466675	0.1350138932466507	0.5225701332092285	0.3824089765548706	0.1828698366880417	0.38873839378356934	0.5150188207626343	0.29680609703063965	0.7069290280342102	0.3480871319770813	0.4301068186759949	0.6654369235038757	0.7014804482460022	0.37748223543167114	0.5338931083679199	0.4995575249195099	1.0568522214889526	0.2649197280406952	0.6467888355255127	1.1259174346923828	0.6872738003730774	0.44368311762809753	0.60115647315979	0.537298858165741
0.13840873539447784	0.31101879477500916	0.7231360673904419	0.362780898809433	0.8828343749046326	0.21243144571781158	0.2703670263290405	0.9392127394676208	0.732001006603241	0.19636785984039307	0.3680418133735657	0.22952401638031006	1.340463399887085	0.4698072671890259	0.3250929117202759	0.2848242521286011	0.46607503294944763	0.749070405960083	0.4140332043170929	0.703510582447052	0.8615273237228394	0.3403801918029785	0.1186564713716507	0.29748794436454773	0.5051770806312561	0.43389856815338135	0.24338093400001526	1.1295628547668457	0.7223169803619385	0.5686314105987549	0.7062112092971802	0.786109209060669	0.1259821355342865	0.4268474578857422	0.3042227625846863	0.3582908809185028	0.14413928985595703	0.46291086077690125	0.515944242477417	0.5104469060897827	0.5643110871315002	0.41428342461586	0.4712366461753845	0.5224441289901733	0.32633477449417114	0.4858602285385132	0.37702518701553345	0.49724578857421875	0.2485695481300354	0.5491584539413452	1.0086867809295654	0.4189921021461487	0.708122193813324	0.6642280220985413	0.5833126306533813	0.2110978215932846	0.32037219405174255	1.0551462173461914	0.30982184410095215	0.2578381597995758	0.13254612684249878	0.7076916098594666	0.3909887969493866	0.5759001970291138	0.30850493907928467	0.44771483540534973	1.1868226528167725	0.6302839517593384	0.07013978064060211	0.3437761068344116	0.2610238492488861	0.457342267036438	0.7021807432174683	0.5655010342597961	0.4757942259311676	0.5026525259017944	0.8222553133964539	0.2911545932292938	0.41149768233299255	0.8886173963546753	0.7304700613021851	0.36868247389793396	0.26994603872299194	0.34166258573532104	0.1913951337337494	0.24344086647033691	0.3659197688102722	0.7708554863929749	0.5809956789016724	0.34072378277778625	0.31219255924224854	0.6424342393875122	0.4813961982727051	0.47907695174217224	0.3516264855861664	0.7314446568489075	0.3531075417995453	0.295608788728714	0.3897840082645416	0.44049161672592163	0.22185984253883362	0.6596439480781555	0.24074888229370117	0.8591619729995728	0.8634580373764038	0.43301767110824585	0.22840078175067902	1.0214502811431885	0.8194634318351746	0.7980634570121765	0.7183242440223694	0.8349770903587341	0.7098923921585083	0.46323925256729126	0.9829361438751221	0.2868422269821167	0.35190722346305847	0.941801905632019	0.7106315493583679	0.18095242977142334	1.15311861038208	0.4473575949668884	0.6729984283447266	0.2942534387111664	1.2256587743759155	0.32993626594543457	0.3419770896434784	0.5962249636650085	0.8489506244659424	1.2492941617965698	0.36455661058425903	0.35160741209983826	0.3621242940425873	0.4524729251861572	0.320454865694046	0.22920003533363342	0.6535581350326538	0.3570454716682434	0.6097063422203064	0.4599001109600067	0.4174303710460663	0.24574214220046997	0.8271878957748413	0.4498242437839508	0.6155573725700378	0.7735074162483215	0.6365030407905579	0.17724449932575226	0.9782508015632629	0.4885038435459137	0.31843408942222595	0.27462664246559143	0.8070561289787292	0.4215676784515381	0.5261767506599426	0.4982089400291443	0.35425060987472534	0.5910757184028625	0.1401423066854477	0.5025743842124939	0.27572503685951233	0.5314387083053589	0.2801710367202759	0.2644960284233093	0.43547093868255615	0.4710884690284729	0.13514088094234467	0.38146936893463135	0.4057322144508362	0.19060033559799194	0.11434522271156311	0.18369057774543762	0.49553489685058594	0.5611445903778076	0.23484539985656738	0.44595867395401	0.780612051486969	0.5963215231895447	0.46406158804893494	0.5438149571418762	0.36635059118270874	0.16018101572990417	0.5064185261726379	0.7658678889274597	0.4050391614437103	0.6653677821159363	0.1965770572423935	0.24358385801315308	0.6362619400024414	0.4597434401512146	0.5296051502227783	0.360586017370224	0.8388417959213257	0.4190685749053955	0.33733460307121277	0.22945623099803925	0.6197968125343323	0.14170315861701965	0.43403899669647217	0.6678680777549744	0.4538936913013458	0.23920536041259766	0.4702298939228058	0.49766862392425537	0.993197500705719	0.4569939374923706	0.5527199506759644	0.18218480050563812	0.3120790421962738	0.7546808123588562	0.22581857442855835	0.5364425182342529	0.0996987596154213	0.37130698561668396	0.2889525592327118	0.3592680096626282	0.7004257440567017	0.7171631455421448	0.6279542446136475	0.8323606252670288	0.4501074552536011	0.3330913484096527	0.46208834648132324	0.8628097176551819	0.2442808747291565	0.7213757634162903	0.7549349069595337	0.9255987405776978	0.32474690675735474	0.39261266589164734	0.7598158121109009	0.4985435903072357	0.2178078144788742	1.0332248210906982	0.9483650326728821	0.4345589578151703	0.33824998140335083	0.5448125004768372	0.21107161045074463	0.193234384059906	0.7201302647590637	0.5783905386924744	0.8323600888252258	0.4616323411464691	0.4940914213657379	0.5190536975860596	0.9196017980575562	1.0070366859436035	0.14160409569740295	0.5972638726234436	0.656061589717865	0.9855597019195557	0.6334050297737122	0.4853397607803345	0.42760735750198364	0.7817816734313965	1.3497498035430908	0.9277324080467224	1.0638004541397095	0.1686304658651352	0.44204360246658325	0.8075138926506042	0.47665733098983765	0.3939831554889679	0.46456265449523926	0.329028457403183	0.3674176037311554	0.3497715890407562	0.3193455934524536	0.6937642097473145	0.6344140768051147	0.6695677638053894	0.5764570236206055	0.38761261105537415	0.5064246654510498	0.469075083732605	0.5715702772140503	0.7763323187828064	0.4144518971443176	0.3419869840145111	0.5023022890090942	0.9832155108451843	0.3432427644729614	0.15911680459976196	0.5861989259719849	0.9215192794799805	0.3210333287715912	0.49563542008399963	0.3830917477607727	0.616619348526001	0.5875313878059387	0.3750942349433899	0.6260266304016113	0.24666114151477814	0.38401317596435547	0.20687872171401978	0.9566460251808167	0.5019207000732422	0.38367146253585815	0.24242791533470154	0.08479522168636322	0.10140630602836609	0.8858367800712585	0.5423786044120789	0.5828241109848022	0.20618967711925507	0.5708491802215576	0.2564467489719391	0.5093540549278259	0.9647758603096008	0.4180864691734314	0.2671095132827759	0.7768799662590027	0.9909372925758362	0.6870723962783813	0.3973894715309143	0.3956913948059082	0.7083395719528198	0.38082361221313477	0.8832205533981323	0.37464067339897156	0.23052315413951874	0.4779897928237915	0.45810848474502563	1.0168896913528442	0.4240427315235138	0.2370983064174652	0.8774997591972351	0.6810895800590515	0.5216983556747437	1.1285676956176758	0.3592439591884613	0.2433323860168457	0.3297808766365051	0.6853621006011963	0.42388489842414856	0.8089483976364136	0.18142719566822052	0.6767738461494446	0.8189741969108582	0.14912836253643036	0.14209766685962677	0.3006187379360199	0.4894554018974304	0.34295618534088135	0.37955883145332336	0.7211682200431824	0.57960045337677	1.1748223304748535	0.450318843126297	1.0334174633026123	0.41742104291915894	0.3987736105918884	1.0761768817901611	0.40438002347946167	0.12517677247524261	0.5420951843261719	0.4778866767883301	0.21684938669204712	0.5962836146354675	0.959834098815918	0.6718859076499939	0.38885441422462463	0.40276840329170227	0.7506507635116577	0.16380295157432556	0.42347055673599243	1.2530351877212524	0.3142709732055664	0.35021549463272095	0.42409747838974	0.43267884850502014	0.44020581245422363	0.9632760882377625	0.2827013432979584	0.7726583480834961	0.3406137228012085	0.4452143907546997	0.40140002965927124	1.063165307044983	0.38414818048477173	0.9112458229064941	0.45331305265426636	0.5291063785552979	0.33617037534713745	0.16719618439674377	0.8188695311546326	0.22309638559818268	0.2093726396560669	0.30900198221206665	0.46617555618286133	0.9123649597167969	0.10794761776924133	0.3047768473625183	0.3032739758491516	0.3081514537334442	0.8119415044784546	0.39659684896469116	0.8143770694732666	0.6861189603805542	0.490163654088974	0.7184764742851257	0.1286318600177765	0.8051784038543701	0.7158729434013367	0.33133062720298767	0.6250006556510925	0.33514219522476196	0.29837942123413086	0.14525778591632843	0.2676851153373718	0.16362445056438446	0.8631079792976379	0.20450885593891144	0.6401282548904419	0.6280625462532043	0.360201895236969	0.6557325720787048	0.533669650554657	0.14857468008995056	0.3306517004966736	0.3742164075374603	1.0247361660003662	0.4611877501010895	0.43886375427246094	0.3078131377696991	0.5731812715530396	0.9024699926376343	0.33049604296684265	0.5876290798187256	0.3452870845794678	0.1392357498407364	0.5494387745857239	0.48498815298080444	0.47944000363349915	0.5707918405532837	0.4772408604621887	0.7776380181312561	0.7138645648956299	0.19419586658477783	0.587465763092041	0.8871556520462036	1.209106206893921	0.7913219928741455	0.32603368163108826	0.38425564765930176	0.7944357395172119	0.6211742162704468	0.43517574667930603	0.6666973233222961	0.27872970700263977	0.5222545266151428	0.24447058141231537	0.4916921555995941	0.4371505677700043	0.235465869307518	0.5188356637954712	0.42849642038345337	0.566804051399231	0.5052614808082581	0.824054479598999	0.4456772804260254	0.2926749885082245	0.40325620770454407	0.28693103790283203	0.1964941918849945	0.5167949199676514	0.551349401473999	0.09261584281921387	0.2694055438041687	0.5670649409294128	0.6057687997817993	0.7395365238189697	0.5675832033157349	0.7878157496452332	0.13404829800128937	0.5486553907394409	0.7532678246498108	0.2947845160961151	0.7144855856895447	0.3892243504524231	0.26560503244400024	0.9638514518737793	0.4513087272644043	0.6933684349060059	1.1184284687042236	0.5658705830574036	1.6478463411331177	0.477350652217865	0.458098828792572	0.3875214159488678	0.5135357975959778	1.0213106870651245	0.6268805265426636	0.13559114933013916	0.3703383803367615	0.4230494201183319	0.4803696274757385	0.08633262664079666	0.7505487203598022	0.5557897090911865	0.526668906211853	0.255644291639328	0.31098613142967224	0.4988548755645752	1.005682110786438	0.33821943402290344	0.8440288305282593	0.3654889464378357	0.31836041808128357	0.3738173544406891	0.27144452929496765	0.5053480863571167	0.5574854016304016	0.5966591835021973	0.5035930275917053	0.18403317034244537	0.1781226098537445	0.7430738210678101	0.5134554505348206	0.3746073842048645	0.79243004322052	0.5409929752349854	0.5639142394065857	0.3052252531051636	0.6369842290878296	0.3798251748085022	0.441788911819458	0.2273314744234085	0.40311846137046814	0.8212109804153442	0.28422948718070984	0.45379966497421265	0.8164762854576111	0.6370425224304199	0.3494381010532379	0.4290558099746704	0.4107188582420349	0.44683754444122314	0.4217608869075775	1.068265676498413	0.9248818159103394	0.29162824153900146	0.551851749420166	0.09443765878677368	0.5465755462646484	0.4465011954307556	0.10131381452083588	0.4747861921787262	0.4379688799381256	0.42477861046791077	0.6101508140563965	0.49789872765541077	0.2605647146701813	0.11517582088708878	0.20366472005844116	0.7907072901725769	0.603731632232666	0.5205827355384827	0.9310310482978821	0.45986735820770264	0.9320336580276489	0.49473971128463745	0.1786583811044693	1.0261971950531006	0.24001415073871613	0.7093043327331543	0.10877446830272675	0.4630921483039856	1.1300827264785767	0.40964746475219727	0.670275866985321	1.254610300064087	0.42130884528160095	0.35768216848373413	0.37167173624038696	0.030106373131275177	0.23014789819717407	0.22593003511428833	0.18667733669281006	0.4826965928077698	0.3158440887928009	0.4705767333507538	0.4548380672931671	0.5088894367218018	0.8311554193496704	0.232477605342865	0.3922712802886963	0.1747063547372818	0.43812912702560425	0.6733661890029907	1.0103601217269897	0.7008571624755859	0.4167388677597046	0.7559149265289307	0.3066908121109009	0.3902413547039032	0.3320194184780121	0.3450787663459778	0.5532404184341431	0.31423747539520264	0.6316182613372803	0.23379945755004883	0.4856657385826111	0.6554583311080933	0.6191784143447876	0.28179657459259033	0.7635262608528137	0.484088659286499	0.6306688785552979	0.10387720167636871	0.49254801869392395	0.19677747786045074	0.047966647893190384	0.6708104610443115	0.7580689787864685	0.19254150986671448	0.2792535722255707	0.41347867250442505	0.3390003442764282	0.2923654615879059	0.39301055669784546	0.3210737705230713	0.8112332224845886	0.5519429445266724	0.2307259440422058	0.7466404438018799	0.5930745601654053	0.2539408504962921	0.6524845957756042	0.4467149078845978	0.33193299174308777	0.18330331146717072	1.2255007028579712	0.16523092985153198	0.21605435013771057	0.2514228820800781	0.4870705306529999	0.44496965408325195	0.19231373071670532	0.4358067214488983	0.6217363476753235	0.5525906085968018	0.4115663766860962	0.8932281732559204	0.28449952602386475	0.4608754515647888	0.5341579914093018	0.20980674028396606	0.5466210842132568	0.31141307950019836	0.27149948477745056	0.22859622538089752	0.5011901259422302	0.4879453778266907	0.28456562757492065	0.3787103295326233	0.4799647927284241	0.5929956436157227	0.3998449444770813	0.34529972076416016	0.43296778202056885	0.2695102393627167	0.49909260869026184	0.6283398270606995	0.8466299772262573	1.0105265378952026	0.18924324214458466	0.9723250269889832	0.5402514934539795	0.5318790674209595	0.6703566908836365	0.3606591820716858	0.7529124617576599	0.5473554134368896	0.2509191632270813	1.0174747705459595	0.8517321944236755	1.369480848312378	0.3330490291118622	1.0207276344299316	0.41054651141166687	0.5599798560142517	0.34282416105270386	0.590860903263092	0.29979974031448364	0.6287631988525391	0.49759551882743835	0.24222129583358765	0.7642493844032288	0.4564822316169739	0.7354450225830078	0.7203590273857117	0.4807012379169464	0.15101411938667297	0.20187310874462128	0.6062021255493164	0.32026323676109314	0.5210339426994324	0.5917388796806335	0.6145098209381104	0.5317671895027161	0.3034553527832031	0.16162529587745667	0.47589096426963806	0.24058771133422852	0.7927972078323364	0.42721235752105713	0.40560802817344666	0.4386937916278839	0.45514172315597534	0.6404229402542114	0.8545504808425903	0.5252389907836914	0.32393282651901245	0.7138516306877136	0.7073913812637329	0.33899545669555664	0.5839508175849915	0.5388286709785461	0.7274428009986877	0.8113765716552734	0.6896445155143738	0.4166523218154907	0.4502313733100891	0.1580977737903595	1.1194826364517212	0.45517969131469727	0.7322334051132202	0.6548433899879456	0.32434701919555664	0.22877369821071625	0.468536913394928	0.6480296850204468	0.33098721504211426	0.5942644476890564	0.2043377012014389	0.42858225107192993	0.11158084869384766	0.21787412464618683	0.6158614158630371	1.427870512008667	0.5094344019889832	0.4659240245819092	0.48631516098976135	0.7349607348442078	0.19164830446243286	0.7105823159217834	0.5887559652328491	0.3289144039154053	0.4799160063266754	0.3599560260772705	0.31523773074150085	0.0961335077881813	0.1582568883895874	0.22416651248931885	1.304060935974121	0.2363455891609192	0.5254166722297668	0.779354453086853	0.6349303722381592	0.43329766392707825	0.05862737447023392	0.8013173937797546	0.2947816252708435	0.22528454661369324	0.7450504302978516	0.6347397565841675	0.3733217716217041	0.6637387275695801	0.17929017543792725	0.49435821175575256	0.6809212565422058	0.318388432264328	0.8324981927871704	0.5052384734153748	0.6613147258758545	0.31740880012512207	0.14529526233673096	0.49189502000808716	0.34253042936325073	0.8873800039291382	0.4896976351737976	0.35701876878738403	0.44496724009513855	0.8186564445495605	0.434331476688385	0.16206671297550201	0.5535222887992859	0.30755704641342163	0.9231686592102051	0.2779903709888458	0.44510453939437866	0.6289541125297546	0.542749285697937	0.5275391340255737	1.5037354230880737	0.246093288064003	0.31985554099082947	0.24772080779075623	0.36476168036460876	0.6585334539413452	0.5752323269844055	0.9463533163070679	0.43184134364128113	0.3490261435508728	1.2330549955368042	0.5264546871185303	0.796730637550354	0.42592063546180725	0.5021527409553528	0.6179317831993103	0.7987170219421387	0.47548577189445496	0.6650986075401306	0.648044764995575	0.6923242807388306	0.6341726183891296	0.11567486077547073	0.33097338676452637	0.5335485339164734	0.29607000946998596	0.5417898893356323	0.355496883392334	0.38682231307029724	1.0489633083343506	0.4189404845237732	0.3098925054073334	0.7450565695762634	0.18353857100009918	0.4694209694862366	0.568631649017334	0.7083505392074585	0.8729235529899597	0.36421623826026917	0.7138522863388062	0.6111677885055542	0.7504778504371643	0.2257898449897766	0.9797960519790649	0.37943410873413086	0.1775394231081009	0.6554763913154602	0.4900728166103363	0.2628270983695984	0.4964904487133026	0.6200356483459473	0.4910813271999359	0.7113732099533081	0.405437171459198	0.4406984746456146	0.3969135582447052	0.28929823637008667	0.6050959825515747	0.44472041726112366	0.37096062302589417	0.34470587968826294	0.45889654755592346	0.4093133807182312	0.3765868842601776	0.3640769124031067	0.23633277416229248	0.35577839612960815	0.7480887770652771	0.529503583908081	0.3233816623687744	0.17650046944618225	0.36719977855682373	0.5343483686447144	0.5407364368438721	0.5189713835716248	0.6171908974647522	0.39754360914230347	0.2490973025560379	0.5583403706550598	0.38634276390075684	0.360686331987381	0.5224296450614929	0.9236522316932678	0.1774814873933792	0.2753257155418396	0.42760634422302246	0.3805675208568573	0.8031678199768066	0.4097694754600525	0.8303971886634827	0.3197132349014282	0.21077542006969452	0.20828470587730408	0.2834990620613098	0.510246992111206	0.5882704854011536	0.3619087338447571	0.20004725456237793	0.7988002896308899	0.5444573760032654	0.20607201755046844	0.7304044961929321	0.40580126643180847	0.35154885053634644	0.388369083404541	0.4215482771396637	1.229583740234375	0.3483130633831024	0.39612916111946106	0.8215067386627197	0.43822330236434937	0.20531465113162994	0.7127208709716797	0.5468575954437256	0.26964113116264343	0.6001123189926147	0.31189554929733276	0.6272238492965698	0.8027462959289551	0.47228604555130005	0.22263391315937042	0.08365163207054138	0.1464332640171051	0.14139743149280548	0.5050764679908752	0.40833836793899536	0.46394234895706177	0.7726176381111145	0.8305695056915283	0.1786385178565979	0.41231539845466614	0.3775760531425476	0.3971772789955139	0.3883357644081116	0.7578544616699219	0.699591338634491	0.37306275963783264	0.5704368352890015	0.25490760803222656	0.39078962802886963	0.4163671135902405	0.571314811706543	0.3276557922363281	0.4029605984687805	0.31059208512306213	0.25454115867614746	0.4074603021144867	0.2702622711658478	0.9891119003295898	0.31255286931991577	0.7886003851890564	1.0827375650405884	1.1972403526306152	0.34597986936569214	0.5899307131767273	0.6865451335906982	0.8414896130561829	0.5089660882949829	0.5551808476448059	0.48058053851127625	1.0439162254333496	0.3350602984428406	0.551790714263916	0.4042591154575348	0.29166150093078613	0.3885354995727539	0.4879296123981476	0.6040231585502625	0.2993620038032532	0.6691767573356628	0.7460454106330872	0.3740169107913971	0.5570580363273621	0.8012902140617371	0.13172663748264313	0.48277658224105835	0.6455667018890381	0.3107803761959076	0.45341938734054565	0.5430873036384583	0.28063616156578064	1.164365530014038	0.7037556767463684	0.2557179629802704	1.1212055683135986	1.0484956502914429	0.7053334712982178	0.4766688644886017	0.47374778985977173	0.19259366393089294	0.3231905698776245	0.7098594903945923	0.9705582857131958	0.3990654945373535	0.26395049691200256	0.5271302461624146	0.21952684223651886	0.3701685965061188	1.1836357116699219	0.557930588722229	0.7848305702209473	0.6933178305625916	0.7899202704429626	0.34615999460220337	0.3132752478122711	0.44727423787117004	1.0241848230361938	0.5836217999458313	0.6276562213897705	0.3487539291381836	0.4479239284992218	0.4286121428012848	0.8135644197463989	0.49625465273857117	0.8707252144813538	0.22312995791435242	0.27014145255088806	0.38498401641845703	0.40682026743888855	0.48047780990600586	0.6617982387542725	0.4341738224029541	0.31827738881111145	0.8045264482498169	0.16950809955596924	0.9396572709083557	0.6010057926177979	0.3866744637489319	0.3049529790878296	0.3379684388637543	0.5031850337982178	0.3651071786880493	0.9727588295936584	0.610344648361206	0.7579894065856934	1.081026554107666	0.616786777973175	0.502185046672821	1.0289419889450073	0.7800800204277039	0.36040884256362915	0.8701356649398804	0.9104918837547302	0.11394315958023071	0.38418278098106384	0.5430516600608826	0.32096415758132935	0.9278765916824341	0.45471683144569397	0.455456405878067	0.7429124116897583	0.6853196620941162	0.16737519204616547	0.6448847055435181	0.2527497410774231	0.4641837775707245	1.0117545127868652	0.4991767108440399	0.3866444230079651	0.28278058767318726	0.5124852657318115	0.3591451048851013	0.5362297296524048	0.2585781216621399	0.5796902775764465	0.6929165720939636	0.5111486315727234	0.28114500641822815	0.22495244443416595	0.7805153727531433	0.17343252897262573	0.4092640280723572	0.17195312678813934	0.8696250319480896	0.25895705819129944	0.34994935989379883	0.5195424556732178	0.4863716959953308	0.3379453122615814	0.24077409505844116	0.7580692768096924	0.2397458851337433	0.6260465383529663	0.6015670895576477	0.16597813367843628	0.7656432390213013	0.7877028584480286	0.656521737575531	1.1176730394363403	0.437953919172287	0.89323890209198	0.8317709565162659	0.6309126019477844	0.5116286277770996	0.5459392070770264	1.176403522491455	0.4077591300010681	0.8921846747398376	0.11015592515468597	0.1114233136177063	0.5393970608711243	1.0081350803375244	0.39852920174598694	0.5487075448036194	0.3806661367416382	0.5525345802307129	0.6412947177886963	1.2423356771469116	0.6674269437789917	0.5464963912963867	0.3425694704055786	0.7271062135696411	0.7672824859619141	0.4183524549007416	0.8816385865211487	0.7004940509796143	0.21952565014362335	0.9491007924079895	0.6299699544906616	0.6074094772338867	0.35661983489990234	0.4988047480583191	0.9929019808769226	0.5856244564056396	0.3910846710205078	1.0060962438583374	0.5588019490242004	0.4808749556541443	0.3071650266647339	0.39943641424179077	0.27692586183547974	0.43256646394729614	0.45429661870002747	0.11277386546134949	0.5285167098045349	0.8210762739181519	1.2949070930480957	0.4629778265953064	0.2155967801809311	0.6410283446311951	0.5638082027435303	0.677575409412384	0.3714754581451416	0.6381831765174866	0.3134256601333618	0.6016948223114014	0.35887157917022705	1.0073963403701782	0.4673170745372772	0.2550404369831085	0.21841947734355927	0.7163954973220825	0.4005720913410187	0.5326383709907532	0.42576196789741516	0.3674429953098297	0.40427350997924805	0.4140443205833435	0.5089220404624939	0.42964038252830505	0.30298352241516113	0.5005418062210083	0.6965481042861938	0.4041029214859009	1.162797212600708	0.8530413508415222	0.1345061957836151	0.4122259318828583	0.5366240739822388	0.6824734807014465	1.0603079795837402	0.5821526050567627	0.6433196067810059	0.1752626895904541	0.5434541702270508	0.8145492672920227	0.5317001938819885	0.15864750742912292	0.3971145451068878	0.27846798300743103	0.3474852740764618	0.4969697892665863	0.8084155917167664	1.1270259618759155	0.9432222843170166	0.433910071849823	0.5269261598587036	0.24290505051612854	0.4540157616138458	0.3710465729236603	0.5985180139541626	0.9264678955078125	0.20763517916202545	1.0718331336975098	0.7342197299003601	0.5302019119262695	0.3851240575313568	0.34793055057525635	0.574876606464386	0.3238131105899811	0.331067830324173	0.44155508279800415	0.5707090497016907	0.4522092342376709	0.6484456062316895	0.3896626830101013	0.45123153924942017	0.5688861012458801	0.4700063467025757	0.4203322231769562	0.3788861334323883	0.7825303077697754	1.0066194534301758	0.5597688555717468	0.46935006976127625	0.6615158319473267	0.3237122595310211	0.07222974300384521	0.49385127425193787	0.6253941059112549	0.4008500277996063	0.43868401646614075	0.6846383810043335	0.8099111914634705	0.3335343897342682	0.3378335237503052	0.3747362196445465	1.3382409811019897	0.8596172332763672	1.3101119995117188	0.3772188127040863	0.46718066930770874	0.6837714910507202	0.9495819807052612	0.4062816798686981	0.16466175019741058	0.4751584231853485	0.6263512969017029	0.4145958423614502	1.0260995626449585	0.2317233383655548	0.9692065119743347	0.7066853046417236	0.10052385926246643	0.4041595160961151	0.49110177159309387	0.4664464592933655	0.2408798784017563	0.850237250328064	0.6061660051345825	0.5943454504013062	0.22945423424243927	0.7578850984573364	0.5240557193756104	0.8077828884124756	0.8854681253433228	0.1621890813112259	0.23520536720752716	1.1145830154418945	0.11786280572414398	0.5454301834106445	0.5086726546287537	0.4661511182785034	0.43942341208457947	0.5186340808868408	0.5866284966468811	0.7892174124717712	0.2610985338687897	0.21869592368602753	0.2701852023601532	0.44531434774398804	0.3097416162490845	0.2693049907684326	1.1387642621994019	0.5482962727546692	0.5274098515510559	0.5554064512252808	0.882462203502655	0.1681392639875412	0.8644576072692871	0.559642493724823	0.8401869535446167	0.3410170078277588	0.5844229459762573	0.5394126176834106	0.22834770381450653	1.098680019378662	0.19901718199253082	0.4745079576969147	0.2905214726924896	0.26723557710647583	0.9351860284805298	0.479080468416214	0.7836371660232544	0.5100861191749573	0.3660707175731659	0.6535032987594604	0.5081210136413574	0.1693347990512848	0.450782835483551	0.5547884702682495	0.21764639019966125	0.32434165477752686	0.7047780156135559	0.27949798107147217	0.06694134324789047	0.4992206394672394	0.5680878758430481	0.3014352321624756	0.4288513660430908	0.3856404423713684	0.379422664642334	0.18338903784751892	0.21302390098571777	0.657145619392395	0.2668991684913635	0.618511438369751	0.48838096857070923	0.7817715406417847	0.3734106123447418	0.3144526481628418	0.6782371997833252	0.29782819747924805	0.7992891073226929	0.3363521695137024	0.35441479086875916	0.22786259651184082	0.45535627007484436	0.5761663913726807	0.5673059821128845	0.6147867441177368	0.3872997462749481	0.4606846868991852	0.5570482611656189	0.1314164102077484	0.4633285701274872	0.22397089004516602	0.5461242198944092	0.5606973767280579	0.31377914547920227	0.1870352327823639	0.6794898509979248	0.25140661001205444	0.33303114771842957	0.1856408417224884	0.8365960121154785	0.36688679456710815	0.451240599155426	0.7369858026504517	0.865801215171814	0.8093010187149048	0.45050424337387085	0.2055380642414093	0.41120684146881104	0.32488617300987244	0.4523402452468872	0.48359420895576477	0.3299271762371063	0.2429821789264679	0.35127541422843933	0.9920511245727539	0.6013171672821045	0.728073239326477	0.4816344380378723	0.2987067401409149	0.48063233494758606	1.1775932312011719	0.3627607226371765	0.4749358892440796	0.8502376079559326	0.2761540412902832	0.13938353955745697	0.534616231918335	0.35766351222991943	0.5848390460014343	0.5708869099617004	0.702479362487793	0.24641624093055725	0.7082690000534058	0.5354670882225037	0.16234952211380005	0.5493091940879822	0.8270147442817688	1.044148325920105	0.19623902440071106	1.0276713371276855	0.44220566749572754	0.49667465686798096	0.3035612404346466	0.24886386096477509	0.6053361892700195	0.8242673277854919	0.42182374000549316	0.6048097610473633	0.4031120240688324	0.8886816501617432	0.2705897092819214	0.7559433579444885	0.35366424918174744	0.6483068466186523	0.22605843842029572	0.19412308931350708	0.7322307825088501	1.325209140777588	0.5860300064086914	0.4393715560436249	0.2686019837856293	0.8551455736160278	0.5456369519233704	0.2452252358198166	1.0901950597763062	0.6059591770172119	0.20166803896427155	1.3944768905639648	0.475716233253479	0.56939297914505	0.208663210272789	0.23263628780841827	0.5435791015625	0.7791051864624023	0.5123095512390137	0.7967574596405029	0.77846759557724	0.9269454479217529	0.7563772797584534	0.272899329662323	0.3007485866546631	0.718235433101654	0.4211668372154236	0.9442468285560608	0.25011491775512695	0.5605750679969788	0.8274517059326172	0.5668066143989563	0.3713313043117523	0.3094767928123474	0.43390128016471863	0.4178414046764374	0.3688614070415497	0.5051325559616089	0.21766327321529388	0.6112633943557739	0.34438857436180115	0.060968950390815735	0.7478935718536377	0.502928614616394	0.5372949838638306	0.5829083919525146	0.7253782749176025	0.2836587131023407	0.8389954566955566	0.4851703345775604	0.25458860397338867	0.3714178800582886	0.4904671311378479	0.38145768642425537	0.3519214391708374	0.37088561058044434	0.6478738188743591	0.05783875286579132	0.322502076625824	0.5601248741149902	1.1142358779907227	0.843327522277832	0.3168365955352783	0.4143238961696625	0.33164846897125244	0.28318995237350464	0.53596031665802	0.3305089473724365	0.4056914448738098	0.6303490400314331	0.2869643270969391	0.5630273818969727	0.7456215620040894	0.44374963641166687	0.5934038758277893	0.6909043788909912	0.3094594478607178	0.37029218673706055	0.48294615745544434	0.5054654479026794	0.5026662349700928	0.4413374066352844	1.0297834873199463	0.13668709993362427	0.43563181161880493	1.2187323570251465	0.5866486430168152	0.20718245208263397	0.2775688171386719	0.5964310169219971	0.41117754578590393	0.6359723806381226	0.8448605537414551	0.16335265338420868	0.35134217143058777	0.2877528667449951	0.8019459843635559	0.7017464637756348	0.4594869911670685	0.8076716661453247	0.8815929889678955	0.7278890609741211	0.37127789855003357	0.9400007724761963	0.6597654819488525	0.4374767243862152	0.24317218363285065	0.8349400758743286	0.44482651352882385	0.37275657057762146	0.23876403272151947	0.5745989084243774	0.17788457870483398	0.5108449459075928	0.7243863940238953	0.949813723564148	0.5113404393196106	0.8074766397476196	0.7161040902137756	0.4567880630493164	0.32224926352500916	0.5960670709609985	0.33600562810897827	0.6744749546051025	0.23194414377212524	0.3459094166755676	0.5960982441902161	0.5293458104133606	0.6031203866004944	0.567194402217865	0.4748350977897644	0.2381722778081894	0.43802788853645325	0.6990985870361328	0.5166154503822327	0.5739152431488037	0.37447112798690796	0.4546217620372772	0.09917949885129929	0.41853833198547363	0.6163662075996399	0.17745055258274078	0.1907159686088562	0.31541815400123596	0.21641261875629425	0.5262781381607056	1.0359909534454346	0.4719300866127014	0.7925601601600647	0.402082622051239	0.5418792963027954	0.4147520363330841	0.7354073524475098	0.31744658946990967	0.4139922559261322	0.29326972365379333	0.4756340980529785	0.4198848307132721	0.1734187752008438	0.54466712474823	0.8792833089828491	0.48774197697639465	0.23209071159362793	0.537479817867279	0.2563662827014923	1.0616605281829834	0.339213103055954	0.2741820514202118	0.6981649994850159	0.23157081007957458	0.7480210065841675	0.3445475995540619	0.433545857667923	0.7234430909156799	0.1899551898241043	0.7617654204368591	0.21971182525157928	0.21080070734024048	0.7511726021766663	0.4053439497947693	0.173214852809906	0.4494593143463135	0.27940550446510315	0.4747370481491089	0.38687863945961	0.8482677936553955	0.21898365020751953	0.6736841201782227	0.6909987330436707	0.8958389759063721	0.8087241053581238	0.25683245062828064	0.5296549201011658	0.2168593406677246	0.5185570120811462	1.0424906015396118	0.2911783754825592	0.4384504556655884	0.25697970390319824	0.7470499873161316	0.6070140600204468	0.5140592455863953	0.6489408612251282	0.443144828081131	0.34590989351272583	0.3423459529876709	0.5375686287879944	0.2801690101623535	0.48520857095718384	0.3366309404373169	0.8506569266319275	0.27364397048950195	0.29144495725631714	0.8217400312423706	0.5364717245101929	0.2707591652870178	0.8837737441062927	0.6199058294296265	0.5701981782913208	0.7085870504379272	0.2552328109741211	0.399316668510437	0.20511922240257263	0.4596208930015564	0.7969595193862915	0.4390692114830017	0.9067873358726501	0.4004265069961548	0.29284021258354187	0.2522739768028259	0.5191088914871216	0.833781361579895	0.1898573786020279	0.5780197381973267	0.6945776343345642	0.37653928995132446	0.36722540855407715	0.40075477957725525	0.6078054308891296	0.6492621898651123	0.7387404441833496	0.5036869049072266	0.6624386310577393	0.15315605700016022	0.796814501285553	0.45519882440567017	0.22093267738819122	0.6379891633987427	0.25332486629486084	0.37788090109825134	0.5763707756996155	0.2185976207256317	0.4220075309276581	0.37086084485054016	0.471998006105423	1.07172691822052	0.22263970971107483	0.6497379541397095	0.5355348587036133	0.7336022257804871	0.7937256097793579	0.2359478771686554	0.4123860001564026	0.6484919786453247	0.2799015939235687	0.40151309967041016	0.48218846321105957	0.8809699416160583	1.230909824371338	0.18309350311756134	0.08815976232290268	0.3021675646305084	0.5830634236335754	0.3446793556213379	0.6592468023300171	0.9508393406867981	0.25932204723358154	0.6871802806854248	0.760790228843689	0.32360318303108215	0.4476839303970337	0.5036560297012329	0.9387170076370239	0.6607127785682678	0.215612530708313	0.260934054851532	0.6520816683769226	0.2218620330095291	0.09346053749322891	0.6137827634811401	0.976961612701416	0.870710551738739	0.5184919834136963	0.35949745774269104	0.5522006750106812	0.4665765166282654	0.9905904531478882	0.329939067363739	0.30821388959884644	0.6039405465126038	0.5528832674026489	0.5286150574684143	0.648245632648468	0.27896323800086975	0.516082763671875	0.6860684752464294	0.2849772572517395	0.7546080946922302	0.7030365467071533	1.1446528434753418	0.501085102558136	0.5152002573013306	0.5040629506111145	0.20471985638141632	0.47406378388404846	0.45776957273483276	0.6312029957771301	0.8875237107276917	0.3217885494232178	0.3576961159706116	1.0546586513519287	0.5190237760543823	0.6910699605941772	0.5194091796875	0.19577276706695557	0.8176486492156982	0.1002621054649353	0.41264671087265015	0.8171452283859253	0.18479076027870178	0.4526158273220062	0.8657980561256409	0.893151044845581	0.4822167456150055	0.4558839797973633	0.5461903810501099	0.2145010530948639	0.15786820650100708	0.40856054425239563	0.3329561948776245	0.226261168718338	0.09923261404037476	0.421033650636673	0.33944880962371826	0.566527783870697	0.11722765117883682	1.0125625133514404	0.3175153136253357	0.2790201008319855	0.36523497104644775	0.8385745286941528	0.8074745535850525	0.3172405958175659	1.0979305505752563	1.026661992073059	0.4376598596572876	0.7313365340232849	0.4761902093887329	0.7808166742324829	0.035779062658548355	0.4414981007575989	0.24392911791801453	0.47877734899520874	1.0201077461242676	0.2656477391719818	0.37359994649887085	0.582785427570343	0.7447860836982727	0.16375470161437988	0.5144608616828918	0.14038345217704773	0.2621486485004425	0.27949097752571106	0.32465073466300964	0.7004781365394592	0.6216667890548706	0.33620402216911316	0.5135256052017212	0.23270244896411896	0.15090829133987427	0.41244298219680786	0.2794152796268463	0.5816830396652222	0.38873589038848877	0.7089915871620178	0.525985836982727	0.28192901611328125	0.31663158535957336	0.25909674167633057	0.5914743542671204	0.12233702838420868	0.5905636548995972	0.3675873577594757	0.7041871547698975	0.8468244671821594	0.5038394331932068	0.18857651948928833	0.3963906466960907	0.5703508853912354	1.070719599723816	0.25639110803604126	0.9986310601234436	0.5178490877151489	0.3534946143627167	0.6162874698638916	0.5419052839279175	0.6497210264205933	0.24148447811603546	0.7124192118644714	0.4742031395435333	0.7568754553794861	0.4977976083755493	0.7599568367004395	0.27604973316192627	0.4665294289588928	0.6999356150627136	0.35361790657043457	0.20733642578125	0.48382994532585144	0.2556225657463074	0.5367016196250916	0.6697944402694702	0.8507449626922607	0.7400834560394287	1.049139142036438	0.4852825701236725	0.2627764344215393	0.36002317070961	0.11171085387468338	0.5303909778594971	0.3454672694206238	1.2642046213150024	0.9004831910133362	0.725045919418335	0.3179890513420105	0.09654588997364044	0.38625532388687134	0.9480586647987366	0.5605650544166565	0.319476842880249	0.4538900554180145	0.4974929988384247	0.967172384262085	0.32150256633758545	0.5315211415290833	0.5489375591278076	0.9369564056396484	0.6148484945297241	0.19780533015727997	0.6825305819511414	0.2544800341129303	0.6500892639160156	0.5686904788017273	0.1956930011510849	0.40905502438545227	0.4402932822704315	0.5010999441146851	0.613274097442627	0.5393954515457153	0.7135506272315979	0.9804067611694336	0.43557360768318176	0.40746068954467773	0.4311405122280121	0.22883078455924988	0.8719274401664734	0.4504275321960449	0.7637782692909241	0.895033061504364	0.49014586210250854	0.2190534472465515	0.5812485814094543	0.34193041920661926	0.3939523994922638	0.7328711152076721	0.4233921766281128	0.48342517018318176	0.276984304189682	0.23865187168121338	0.6194406747817993	0.28455880284309387	0.4390234351158142	0.5783494710922241	0.3211623728275299	0.2874527871608734	0.32176998257637024	0.5040984749794006	0.5626887083053589	0.25155922770500183	0.5022624731063843	0.3045195937156677	0.4739198386669159	0.8494672775268555	0.8237025141716003	0.4847971796989441	0.06968699395656586	0.4536018371582031	0.7036641240119934	0.1852409541606903	0.41046956181526184	0.7487829923629761	0.47221386432647705	0.5400018095970154	0.6152468323707581	0.30963554978370667	0.22429907321929932	0.4319988489151001	0.6798783540725708	0.5747869610786438	0.5559165477752686	0.5703843235969543	0.25889527797698975	0.18634381890296936	0.1532078981399536	0.28356635570526123	0.3690079152584076	0.5410253405570984	0.24289685487747192	0.8328897953033447	0.873737633228302	0.5578125715255737	0.9305394887924194	0.5641884207725525	0.5186123251914978	0.4768740236759186	0.8804745674133301	0.7181546688079834	0.3188515603542328	0.4199301302433014	0.3276597559452057	0.6037933230400085	0.34546226263046265	0.13869890570640564	0.6422744989395142	0.46089184284210205	0.6810827255249023	0.2702595591545105	0.377239465713501	0.7838326692581177	0.39158058166503906	1.3097845315933228	1.0018975734710693	0.4492844343185425	0.23855604231357574	0.4564923942089081	0.37697282433509827	0.35718122124671936	0.8360781669616699	0.8663634061813354	0.21724636852741241	0.21138739585876465	0.26851144433021545	0.3782930076122284	0.2906171679496765	0.33513593673706055	0.7059339284896851	0.3990135192871094	0.39444535970687866	0.89006507396698	0.1254030466079712	0.9391992092132568	0.5447535514831543	0.6987024545669556	1.1165043115615845	0.5126976370811462	0.11527315527200699	0.6995172500610352	0.6388850808143616	0.14866876602172852	0.06952481716871262	0.6126000881195068	0.34101903438568115	0.3127196133136749	0.38204753398895264	0.12380032241344452	1.789284348487854	0.9112263917922974	0.1210964173078537	0.48416009545326233	0.25668880343437195	0.21272386610507965	0.6466323733329773	0.22000740468502045	0.2935899794101715	0.39891284704208374	0.41631627082824707	0.6078818440437317	0.4479692578315735	0.5567586421966553	0.2089872658252716	0.3051297068595886	0.16034777462482452	0.31147846579551697	0.42818307876586914	0.7987971901893616	0.4436802864074707	1.0588845014572144	0.374209463596344	0.626935601234436	0.5862911939620972	0.46607619524002075	1.0733174085617065	0.03484851121902466	0.15441426634788513	0.39415764808654785	0.5882523059844971	0.10966806858778	0.2747422456741333	0.5173338055610657	0.7397551536560059	0.546920895576477	0.5191776156425476	0.5839688777923584	0.4188159108161926	0.9086436033248901	0.39062464237213135	0.41923877596855164	0.45695215463638306	0.5911351442337036	0.6453335285186768	0.478926420211792	1.0214793682098389	0.38672423362731934	0.3266221582889557	0.6613078713417053	0.26489877700805664	1.0734046697616577	0.24150601029396057	0.39199012517929077	0.511678159236908	0.2989357113838196	0.972046971321106	0.373687207698822	0.8892797231674194	0.08668145537376404	0.3866943120956421	0.40039193630218506	0.3955003619194031	0.14941051602363586	0.5708873867988586	0.3459770679473877	0.514042854309082	0.364009290933609	0.26988711953163147	0.43730244040489197	0.7383111119270325	0.8746612071990967	0.18981508910655975	0.7311342358589172	0.5722575783729553
1.0145074129104614	0.5722466111183167	0.568655252456665	0.3880702555179596	0.7266587018966675	0.4714244306087494	0.45153185725212097	0.33835211396217346	0.46605077385902405	0.15818193554878235	1.6492280960083008	0.43489786982536316	0.9006758332252502	0.622482419013977	0.31452587246894836	0.5785753726959229	0.5815892219543457	0.5881785750389099	0.35954761505126953	0.3605804145336151	0.7372162342071533	0.42531540989875793	0.48795467615127563	0.28584402799606323	0.5622311234474182	0.7323383092880249	0.7096588611602783	0.6724729537963867	0.5143141150474548	0.5363685488700867	0.8991360664367676	0.5353111624717712	0.7401595115661621	0.397724986076355	0.39491674304008484	0.34822094440460205	0.2870519161224365	0.4199094772338867	0.3397773504257202	0.3951035737991333	0.29175299406051636	0.7781532406806946	0.25326308608055115	0.3058340847492218	0.17503955960273743	1.1228440999984741	0.2865537106990814	0.5611523985862732	0.2842593491077423	0.6477546095848083	0.29822903871536255	0.25854378938674927	0.2845160961151123	0.34357744455337524	0.6715719699859619	0.19159327447414398	0.9468594789505005	1.387961506843567	0.6973159909248352	0.8758975863456726	0.2583278715610504	0.5560089945793152	0.3805750608444214	0.7409784197807312	0.5698254108428955	0.27229389548301697	0.8500857353210449	0.3492979109287262	0.4941180944442749	0.5859931707382202	0.5976653099060059	0.15451638400554657	0.978374719619751	0.6790532469749451	0.4600295424461365	0.672175407409668	0.4525807499885559	0.7454819679260254	0.8105095624923706	0.5695961117744446	0.8686879873275757	0.48616713285446167	0.8950988054275513	0.49527817964553833	0.809310793876648	0.37888213992118835	0.5912505388259888	0.7143304347991943	0.9276677370071411	0.21494436264038086	0.4357932507991791	0.5887503027915955	0.1486225575208664	0.7328193187713623	0.3699893057346344	1.068415880203247	0.6619763374328613	0.23887445032596588	0.7517284154891968	1.024925947189331	0.866764485836029	1.223740577697754	0.24514639377593994	0.7235046625137329	0.5998728275299072	0.7162448167800903	0.49763810634613037	0.9064136743545532	0.27138012647628784	0.40863776206970215	0.6989633440971375	1.3724595308303833	0.8097162842750549	0.6640301942825317	0.424050509929657	0.5882054567337036	0.9043242931365967	1.040195107460022	0.44446611404418945	0.41301143169403076	0.3098629117012024	0.5080909729003906	0.5525713562965393	0.4554721415042877	0.35464149713516235	0.5163707733154297	0.16413342952728271	0.5097626447677612	0.6853670477867126	1.0255247354507446	0.2463405579328537	0.5829156637191772	0.6562745571136475	0.3603365123271942	0.3946380019187927	0.24490846693515778	0.9552273750305176	0.2732262909412384	0.5015090107917786	0.2702528238296509	0.2467198520898819	0.34695538878440857	0.19335193932056427	0.29060548543930054	0.6032094359397888	0.2939763069152832	0.6381095051765442	0.7588344812393188	1.017580270767212	0.5157054662704468	0.5015720725059509	0.30114299058914185	0.7283409833908081	0.5643581748008728	0.30976253747940063	0.4045294523239136	0.3185843527317047	0.26256290078163147	0.1521180123090744	0.3040634095668793	0.9875699877738953	0.5738268494606018	0.35466647148132324	0.4165201485157013	0.3578055500984192	0.5687862038612366	0.596455991268158	0.2983834743499756	0.3702574670314789	0.7518748044967651	1.00169837474823	0.519251823425293	0.4690934419631958	0.44622671604156494	0.36349672079086304	0.32715776562690735	0.3433375358581543	0.5330830812454224	0.17141152918338776	0.27500900626182556	0.4929341673851013	0.7742511034011841	0.16321979463100433	0.443980872631073	0.7866392135620117	0.7456822991371155	0.4957279562950134	0.2045453041791916	0.7815645933151245	0.48097267746925354	0.7325880527496338	0.2839168608188629	0.18582317233085632	0.5725764632225037	0.3465730547904968	0.5391792058944702	0.48615533113479614	0.24253785610198975	0.2835617661476135	0.30194875597953796	0.46401798725128174	0.4307228922843933	0.3386469781398773	0.5016642808914185	0.8864147067070007	0.27765563130378723	0.4829544723033905	0.3954825699329376	0.4938431978225708	0.3147090971469879	0.614962100982666	0.4195929765701294	0.42428115010261536	0.42261290550231934	1.4331504106521606	0.47468867897987366	0.9208841323852539	0.22995078563690186	0.6121265888214111	0.2553616464138031	0.8286975622177124	0.3140580654144287	0.4227926731109619	0.283443808555603	0.5435243844985962	0.3299710154533386	0.43643394112586975	0.4368973672389984	0.5229406952857971	0.8596889972686768	0.6791054606437683	0.3627517819404602	0.416330486536026	0.235306054353714	0.7721838355064392	0.4545685946941376	0.2909332513809204	0.5791803002357483	0.5285085439682007	0.3059443235397339	0.45055046677589417	0.37211284041404724	0.8558903336524963	0.5196012854576111	0.3799676299095154	0.7506310343742371	1.1619664430618286	0.6559138894081116	0.26784005761146545	0.6512861251831055	0.5929707288742065	0.26601433753967285	0.6659227609634399	0.14602340757846832	0.287744402885437	0.8473475575447083	0.5288748145103455	0.7050841450691223	1.1688469648361206	0.4923705756664276	0.8514614701271057	0.6210421323776245	0.2775610387325287	0.492694228887558	0.24931639432907104	0.2526417076587677	0.7709660530090332	0.22971901297569275	0.5149468779563904	0.4945446252822876	0.6284233331680298	0.7050620317459106	0.3724766969680786	0.11402910947799683	0.7839409112930298	0.38685813546180725	0.7369335293769836	0.4819417893886566	0.46333518624305725	0.8909062743186951	0.4724184572696686	0.4498055577278137	0.41506141424179077	0.2953440248966217	0.4629814624786377	1.578794240951538	0.3162457346916199	0.9098972678184509	0.7572805881500244	0.7592101097106934	0.871496319770813	0.520329475402832	0.29896286129951477	0.5100552439689636	0.43747276067733765	0.4859692454338074	0.4002554416656494	0.5415896773338318	0.5787768363952637	0.46944496035575867	0.1281309872865677	0.4669232964515686	0.9497477412223816	0.6450003385543823	0.7347590327262878	0.4335525333881378	0.6878142356872559	1.4379456043243408	0.31319519877433777	0.597319483757019	0.5760497450828552	0.5756312608718872	0.38884493708610535	0.4167199730873108	0.37921062111854553	0.4989544451236725	0.48747628927230835	0.6676305532455444	0.45671188831329346	1.168326497077942	0.3123859465122223	0.7576627731323242	0.32459142804145813	0.7204180359840393	0.4630205035209656	0.7382426261901855	0.7816346883773804	0.9127787947654724	0.8306256532669067	0.33111369609832764	0.40477144718170166	0.442460834980011	0.26346510648727417	0.4856329560279846	0.5601611733436584	0.32609665393829346	0.616445779800415	0.49438971281051636	0.408366322517395	0.5454370975494385	0.32822513580322266	0.748839259147644	0.22935158014297485	0.45556512475013733	0.5939960479736328	0.41343897581100464	0.4415603280067444	0.30900952219963074	0.16196289658546448	0.4937956929206848	0.7025204300880432	0.893642783164978	0.3755795955657959	0.504536509513855	0.9810689091682434	0.23493734002113342	0.5292764902114868	0.25776657462120056	0.2893868088722229	0.6054369807243347	0.42882099747657776	0.45087480545043945	0.4265349507331848	0.45411401987075806	0.8073633909225464	0.7537429332733154	0.6808967590332031	0.9417864680290222	0.49646425247192383	0.286668986082077	0.3778528571128845	0.5150930881500244	0.4706937074661255	0.629348874092102	0.38441359996795654	0.12271778285503387	0.8717868328094482	0.4602208137512207	0.9556311368942261	0.9121350049972534	0.4805508553981781	0.6039247512817383	0.479522168636322	0.34505167603492737	0.6103643774986267	0.1880948841571808	0.27331605553627014	0.15207262337207794	0.2844121754169464	0.36908137798309326	0.5588012933731079	0.32103824615478516	0.29131555557250977	1.0804798603057861	0.6190083026885986	0.7869133353233337	0.473166286945343	0.24800953269004822	0.7058256268501282	0.7135650515556335	0.6032643914222717	0.433848112821579	0.5865705609321594	1.0564250946044922	0.47122853994369507	0.45454418659210205	0.607435405254364	0.9053985476493835	0.6143838167190552	0.4193004369735718	1.087735652923584	0.5550923943519592	0.9922141432762146	0.13508902490139008	0.6619581580162048	0.0827920064330101	0.7010992765426636	0.5750342607498169	0.5659877061843872	0.463812917470932	0.2670096755027771	0.4036180078983307	0.6040908098220825	0.4268544316291809	0.45785561203956604	0.412836492061615	0.31690847873687744	0.7296808958053589	0.3825640082359314	0.4549354612827301	0.6614476442337036	0.4400959014892578	0.6198002696037292	0.35433951020240784	0.3829271197319031	0.3927309513092041	0.5316416025161743	0.5082798004150391	0.6407850980758667	0.3782046437263489	0.484458327293396	0.7765496969223022	0.7209224104881287	0.44123855233192444	0.34320953488349915	0.341509610414505	0.49237149953842163	0.43450692296028137	0.5140048265457153	0.3814060688018799	0.5092076063156128	0.3398303985595703	0.566575825214386	0.4602697193622589	0.2820297181606293	0.21059894561767578	0.5916128754615784	0.284372478723526	0.6696186065673828	0.48846104741096497	0.31664830446243286	0.39020073413848877	0.31090047955513	1.289462924003601	0.8150232434272766	0.6154283285140991	1.0588202476501465	0.4249172508716583	0.40750718116760254	0.349396288394928	1.2070717811584473	0.2006871998310089	0.266430139541626	0.2501073479652405	0.6325263977050781	0.3731558322906494	0.6856064796447754	0.9852713346481323	0.23179613053798676	0.6735568046569824	0.7719786167144775	0.28595849871635437	0.8511295914649963	0.8544260263442993	0.8230081796646118	0.42194828391075134	0.4740937352180481	0.4748419225215912	0.5468245148658752	0.6036797761917114	0.3621007204055786	0.34155023097991943	0.7813350558280945	0.6517745852470398	0.9054457545280457	0.7552430629730225	0.45501846075057983	0.6244668364524841	0.38894835114479065	0.40826845169067383	1.0371652841567993	0.4644310772418976	0.6386173367500305	0.46271923184394836	0.46301212906837463	0.4461309313774109	0.9409196972846985	0.4511292576789856	0.41377490758895874	0.2564971148967743	0.289249449968338	0.7484144568443298	0.30715465545654297	0.8910470604896545	0.3755665719509125	0.30347147583961487	0.26696401834487915	0.5613274574279785	0.6528241634368896	0.49885669350624084	0.5656605362892151	1.1597156524658203	0.22100675106048584	0.5614294409751892	0.4955511689186096	0.5348254442214966	0.16528543829917908	0.610245943069458	0.5737672448158264	0.5198405981063843	0.8073552846908569	0.4197823405265808	0.5188254117965698	0.7698837518692017	0.2754770815372467	0.3505697250366211	0.16495881974697113	0.47786107659339905	0.6286627054214478	0.4017331898212433	0.44023898243904114	0.37207385897636414	0.6882807016372681	0.5996834635734558	0.2801215648651123	0.8402750492095947	0.6744556427001953	0.30555570125579834	0.4818874001502991	0.9539226293563843	0.696151852607727	0.6398740410804749	0.45658156275749207	0.6422077417373657	0.8769565224647522	0.620293378829956	0.5818623900413513	0.8884937763214111	0.8918866515159607	0.46245276927948	0.5633854269981384	0.48606544733047485	0.2823191285133362	0.18316268920898438	0.47489410638809204	0.3711031675338745	0.7255988717079163	0.15488018095493317	0.3925471007823944	0.6210132241249084	0.939060389995575	0.7039704322814941	1.0139673948287964	0.5194783210754395	0.4999071955680847	0.3691205084323883	0.39352038502693176	0.23207058012485504	0.3533269762992859	0.16361546516418457	0.643140435218811	0.4355330765247345	0.36746320128440857	0.38063713908195496	0.5513314604759216	0.5793458819389343	0.42018088698387146	0.15934735536575317	0.8075709939002991	0.2892257869243622	0.38777321577072144	0.2604328691959381	0.8040055632591248	0.5574517846107483	0.8450577259063721	0.5480190515518188	0.703425943851471	0.15951576828956604	0.36830249428749084	0.6802860498428345	0.35186582803726196	0.8202727437019348	0.3729175925254822	0.723533034324646	0.7035312056541443	0.6852480173110962	0.5562000870704651	0.6427755951881409	0.5895593166351318	1.532096028327942	0.2211364358663559	0.568419873714447	0.9219730496406555	0.9092557430267334	0.2414431869983673	0.5925915241241455	0.2585255205631256	0.45544517040252686	0.46579432487487793	0.60545414686203	0.14572711288928986	0.38312387466430664	0.390119731426239	0.34566861391067505	0.5542115569114685	0.34360530972480774	0.7605993151664734	0.8475796580314636	0.9609035849571228	0.9771890044212341	0.6705394387245178	0.3046993017196655	0.33684247732162476	1.1090617179870605	0.2973973751068115	0.26303672790527344	0.9184601902961731	0.6811742186546326	0.14692914485931396	0.5249308943748474	0.7178714871406555	0.4221339523792267	0.08566635847091675	0.6289536952972412	0.6653993129730225	0.6420305371284485	0.295545756816864	0.5271846055984497	0.5304405689239502	1.1652523279190063	0.6118679642677307	0.7795020937919617	0.3134787678718567	0.33706146478652954	0.4036872684955597	0.35205262899398804	0.4193856418132782	0.4625546932220459	0.6872859597206116	0.263760507106781	0.296799898147583	0.5106161236763	0.3627845048904419	0.3892548084259033	0.4464147686958313	1.0077545642852783	0.5452263355255127	0.5300906300544739	0.6394015550613403	0.2963367700576782	0.37326890230178833	0.4473246932029724	0.589357852935791	0.8739328980445862	0.7382975816726685	0.6492531895637512	0.8462875485420227	0.6368522047996521	0.05629044026136398	0.3444790840148926	0.26815125346183777	0.4724476635456085	0.4550824761390686	0.45733338594436646	0.31039872765541077	0.7346112132072449	0.5155600309371948	0.8030725717544556	0.7172764539718628	0.28361427783966064	0.7676016092300415	0.6219234466552734	0.9846566915512085	0.28955501317977905	0.31285953521728516	0.41783612966537476	0.581175684928894	0.5850988626480103	0.7248159050941467	0.3461521863937378	0.32930174469947815	0.29283270239830017	0.6759468913078308	0.17229637503623962	0.4429180324077606	0.420264333486557	0.4217055141925812	0.56087726354599	0.48094677925109863	0.6383042335510254	0.7257104516029358	0.6891520023345947	0.5535621047019958	0.5217269659042358	0.17536604404449463	0.810305118560791	0.45377349853515625	0.26850348711013794	0.48995643854141235	0.6366972327232361	0.44689226150512695	0.3682595193386078	0.7342627048492432	0.7674968838691711	0.6723616123199463	0.6924231648445129	0.3469003736972809	0.3045281171798706	0.9640644788742065	0.17491969466209412	0.4978827238082886	0.61551833152771	0.4555845856666565	0.6720881462097168	0.7199491262435913	0.3549076318740845	0.33572062849998474	0.631033718585968	0.5692363381385803	0.30141371488571167	0.2286427617073059	0.6538413166999817	0.6441590189933777	0.352658748626709	0.2346818894147873	0.7823355793952942	0.2555753290653229	0.49805888533592224	0.4523475468158722	0.7012996673583984	0.6349706053733826	0.4457924962043762	0.4505543112754822	0.09994859993457794	0.20503409206867218	0.5611371397972107	0.5191476941108704	0.6039977073669434	0.39424699544906616	0.5378732681274414	0.7908157706260681	0.5681825876235962	0.3003164231777191	0.5076158046722412	0.32727065682411194	0.3665560781955719	0.5915003418922424	0.4661032259464264	0.4046526551246643	0.3959355354309082	0.4277564585208893	0.857544481754303	0.6008884310722351	0.49263930320739746	0.7425801157951355	0.7127599716186523	0.6876848936080933	0.2852303981781006	0.201455757021904	0.32608580589294434	0.3027057945728302	0.7431576251983643	0.7860890626907349	0.4678491950035095	0.514158308506012	0.452817440032959	0.32427212595939636	0.5718159079551697	0.31108659505844116	0.5531814098358154	0.8938800096511841	0.740730881690979	0.34531545639038086	0.4707067012786865	0.6774455904960632	0.49995535612106323	1.1811821460723877	0.4962138533592224	0.30366718769073486	0.7431173324584961	1.2226413488388062	0.30364054441452026	0.4251357316970825	0.48353394865989685	0.2878795266151428	0.7090317010879517	0.4925099015235901	0.14665119349956512	0.2554038465023041	0.40452003479003906	0.6218503713607788	1.0435048341751099	0.6335752606391907	0.5155669450759888	0.5272918343544006	0.4455510675907135	1.0119866132736206	0.2547394931316376	0.09302690625190735	0.3711470663547516	0.6145753264427185	0.7698653936386108	0.5077611207962036	0.41898512840270996	0.49404123425483704	0.6595181822776794	1.053786277770996	0.3124271035194397	0.3225448429584503	0.2806538939476013	0.39423781633377075	0.3523527979850769	1.1797109842300415	0.6947776079177856	0.5594660043716431	0.22931361198425293	0.6046622395515442	0.5185554623603821	0.462191104888916	1.1929222345352173	0.6163163781166077	0.24370741844177246	0.7497167587280273	0.36335694789886475	0.5973585247993469	0.4533175528049469	0.3389691412448883	0.6046051979064941	0.45229265093803406	0.6692103147506714	0.5084455609321594	0.4791259169578552	1.1369472742080688	0.6510429978370667	0.46406590938568115	0.45188236236572266	0.3003612756729126	0.45675045251846313	0.45689627528190613	0.23407523334026337	0.5583215951919556	0.19876812398433685	0.28657665848731995	0.7350865602493286	0.3402860760688782	0.48526787757873535	0.5811192393302917	0.30012407898902893	0.5287718772888184	0.5026292204856873	0.46891242265701294	0.5660971403121948	0.4621888995170593	0.8851227760314941	0.8915687203407288	0.6059110760688782	0.3026648163795471	0.8462324738502502	0.3481082320213318	0.5880091190338135	0.5255882740020752	0.3046689033508301	0.4667268991470337	0.7512382864952087	0.36315634846687317	1.2177695035934448	0.5347868204116821	0.6590067744255066	0.7102232575416565	0.4774443507194519	0.7179959416389465	0.7575117349624634	0.41861844062805176	0.4353276491165161	0.8255068063735962	0.5242164731025696	0.15989166498184204	0.29499855637550354	0.9628456234931946	1.2134790420532227	1.9276609420776367	0.22249197959899902	0.24955318868160248	0.5341700315475464	0.38487422466278076	0.08361679315567017	0.4186286926269531	0.7272089123725891	0.430794358253479	0.5294695496559143	0.3343774974346161	0.3144920766353607	0.21012520790100098	0.41410401463508606	0.45726850628852844	0.326369971036911	0.5898312926292419	0.11348133534193039	0.17667856812477112	1.4640815258026123	0.5331130623817444	0.30671238899230957	0.5902085900306702	0.6270204782485962	0.2882669270038605	0.4181288182735443	0.39207878708839417	0.34611642360687256	0.5715024471282959	0.5904198884963989	0.9964414834976196	0.3611953854560852	0.6201463937759399	0.20847691595554352	0.39424046874046326	0.3324241638183594	0.4900591969490051	0.5334023237228394	0.31833168864250183	0.6414769291877747	0.3513566255569458	0.38938507437705994	0.5958934426307678	0.16193240880966187	0.49218034744262695	0.38877302408218384	0.37924569845199585	0.4767993688583374	0.5375443696975708	0.4783324599266052	0.9719879627227783	0.793911874294281	1.1394497156143188	0.762978732585907	0.300073504447937	0.503013551235199	0.8550014495849609	0.2923927307128906	0.4298163950443268	0.7183415293693542	0.34180840849876404	0.3538770377635956	0.5866572856903076	0.683089017868042	0.3046111762523651	0.8005549907684326	0.5681526064872742	0.48177164793014526	0.8649690747261047	0.30016010999679565	0.37194696068763733	0.25282394886016846	0.3129117488861084	0.599744439125061	0.5821384191513062	0.4766159653663635	0.6037226319313049	0.3580732047557831	0.2738126516342163	0.3245828151702881	0.49883559346199036	0.8080805540084839	0.372676283121109	0.6726260781288147	0.34831753373146057	0.5114099979400635	0.5092936754226685	0.6725853681564331	1.3208730220794678	0.6905826330184937	0.27855587005615234	0.5590030550956726	0.7016116380691528	0.42529523372650146	0.2788405418395996	0.7622393369674683	0.43022483587265015	0.29362672567367554	0.2462821751832962	0.27322548627853394	0.32456740736961365	0.6904788613319397	0.13419491052627563	0.4277711808681488	0.2644585967063904	0.2628445029258728	0.670619785785675	0.7260152697563171	0.5460081100463867	0.38958072662353516	0.6000922322273254	0.37911537289619446	0.27022966742515564	0.33420053124427795	0.6598279476165771	0.39829355478286743	0.9997234344482422	0.5085734128952026	0.6030598282814026	0.8746522665023804	0.5281854867935181	0.5489466190338135	0.7579843997955322	0.35056784749031067	0.3987155854701996	0.9169379472732544	0.6010918617248535	0.5596264004707336	0.1607915759086609	0.11179805546998978	0.2595363259315491	0.8275099396705627	1.2645366191864014	0.7106120586395264	0.5430265069007874	0.6355119943618774	0.34816235303878784	0.5006988048553467	0.3657509684562683	0.3258509337902069	0.6624937653541565	0.3501439094543457	0.894650936126709	0.7319962382316589	0.6463586688041687	0.6009737849235535	1.1805790662765503	0.9313591718673706	0.21267354488372803	0.8003547787666321	0.5329625010490417	0.7643231749534607	0.8148157000541687	0.3040725290775299	0.4963610768318176	0.5230092406272888	0.5658364295959473	0.8065968751907349	0.3482481837272644	0.3335855305194855	0.8345502018928528	0.7216479778289795	0.43672990798950195	0.9283868670463562	0.7176123857498169	0.349396288394928	0.08807996660470963	0.5635031461715698	0.5020694136619568	0.5645950436592102	0.3589480519294739	0.3563821315765381	0.5388504266738892	0.5163647532463074	0.39049121737480164	0.3595353662967682	0.35960671305656433	0.21667176485061646	0.5685085654258728	0.740249752998352	0.3223939538002014	0.43742382526397705	0.23664642870426178	0.3081613779067993	1.1339175701141357	0.49714457988739014	0.5582562685012817	0.6671491861343384	0.36112627387046814	0.16572679579257965	0.706663966178894	0.626251757144928	0.7715277671813965	0.41061511635780334	0.41971009969711304	0.4652441442012787	0.6635483503341675	0.9643805623054504	0.5208098292350769	0.6307934522628784	0.71518474817276	0.3225466310977936	1.0643985271453857	0.605824887752533	0.5172545909881592	0.4667241871356964	0.5444161295890808	0.6048920750617981	0.6616926193237305	0.14880914986133575	0.6032843589782715	0.33430689573287964	0.2263447493314743	1.067468523979187	0.27610093355178833	0.5538074970245361	0.410336434841156	0.6140289902687073	0.9884783029556274	0.6582287549972534	0.6322200298309326	0.571231484413147	0.3324441611766815	0.6016323566436768	0.4947243332862854	0.3167533874511719	0.3779994547367096	0.9385970830917358	0.6513640880584717	0.11573126912117004	0.47434866428375244	0.5265589952468872	0.4753243029117584	0.24604201316833496	0.3140380382537842	0.23618710041046143	0.2205490618944168	1.4990488290786743	0.15561924874782562	0.43991097807884216	0.296670138835907	0.6286980509757996	0.11532367020845413	0.846244752407074	0.35439884662628174	0.20683985948562622	0.5182713270187378	0.5652995705604553	0.31627315282821655	1.1162452697753906	0.5954974889755249	0.4054655432701111	0.6572094559669495	0.2403227537870407	0.6429541707038879	0.24510309100151062	0.35538703203201294	1.0070379972457886	1.0635215044021606	0.41879791021347046	0.39529040455818176	0.41987887024879456	0.297806978225708	0.479979932308197	0.5842723846435547	1.3850194215774536	0.6773062944412231	0.6352419257164001	0.9117823243141174	0.2685528099536896	0.2924425005912781	0.7225390076637268	0.8814564943313599	0.3114933669567108	1.1187058687210083	0.7342066764831543	0.38674765825271606	0.41721397638320923	0.5290325284004211	1.1215949058532715	0.42109623551368713	0.5577219128608704	0.27368423342704773	0.6172205209732056	0.31531983613967896	0.4322201907634735	0.6468566656112671	0.4393749237060547	0.40063610672950745	0.5320945978164673	0.430454820394516	0.85472571849823	0.3346152901649475	0.3283500075340271	0.48158350586891174	0.32200029492378235	0.3413194715976715	0.33002087473869324	0.9449747800827026	0.5029051899909973	0.7910965085029602	0.6540305018424988	0.1888045221567154	0.7300225496292114	0.3491755425930023	0.19840110838413239	0.5810030698776245	0.38432130217552185	0.3228411376476288	0.6107932329177856	0.21366183459758759	0.5056211948394775	0.22214275598526	0.8523590564727783	0.4712499976158142	0.27930206060409546	0.4119237959384918	0.5680485367774963	0.3136211335659027	0.4700179398059845	0.5701273083686829	0.5329951643943787	0.37696030735969543	0.5084786415100098	0.2593265771865845	0.43345773220062256	0.5525427460670471	0.9625214338302612	0.15241098403930664	0.7291174530982971	0.26016947627067566	0.22361749410629272	0.21905361115932465	0.1447468250989914	0.68156498670578	0.46320611238479614	0.46496593952178955	0.254265695810318	0.6257603168487549	0.6861978769302368	0.4644114375114441	0.5555006265640259	0.35969945788383484	0.4056246876716614	0.2193124145269394	0.4416021406650543	0.6775254607200623	0.31787386536598206	0.44497954845428467	1.1578755378723145	0.6394193172454834	0.27700892090797424	0.5074436068534851	0.37013208866119385	0.7668552398681641	0.2877846360206604	0.7904863953590393	0.7250006198883057	0.378329336643219	0.4019050598144531	0.8366093635559082	0.6233649849891663	0.8491482734680176	0.1965879201889038	0.390471875667572	0.20751206576824188	0.31410980224609375	0.6044004559516907	0.389287531375885	0.1844789981842041	0.33531489968299866	0.6108106970787048	0.4224197268486023	0.5054588317871094	0.7213442921638489	0.7885392904281616	0.24123035371303558	0.533898651599884	0.5101431012153625	0.5775465369224548	0.4911094605922699	0.1856679618358612	0.2518728971481323	0.43850651383399963	0.48816317319869995	0.3559083342552185	1.0207642316818237	0.15972022712230682	0.48922640085220337	0.5424922108650208	0.29421377182006836	0.31480276584625244	0.18952925503253937	0.2908463776111603	0.6386051177978516	0.22702458500862122	0.40868714451789856	0.4296736419200897	0.5115107893943787	0.5203027725219727	0.2681654989719391	0.19831450283527374	0.672742486000061	0.5360503196716309	0.3920038342475891	0.5744218826293945	0.3220730721950531	0.3345928192138672	0.3046378493309021	0.25428107380867004	0.631306529045105	0.21838778257369995	0.4258866012096405	1.3262958526611328	0.497816801071167	0.2553481459617615	0.2580440640449524	0.5158983469009399	0.5910407900810242	0.31733566522598267	0.47115081548690796	0.594174861907959	0.31017306447029114	0.5550276637077332	0.4816285967826843	0.7462894916534424	0.7408763766288757	0.4573610723018646	0.1855648159980774	0.486700177192688	0.1829291582107544	0.4492281377315521	1.1437288522720337	0.237593412399292	0.8860270977020264	0.20001891255378723	0.5057697296142578	0.5464619398117065	0.8129517436027527	0.6687130928039551	0.2937628924846649	0.5987740159034729	0.6981467604637146	0.32502758502960205	0.16720423102378845	0.4204059839248657	0.3250243067741394	0.48103418946266174	0.3451467454433441	0.45761919021606445	0.7075545191764832	0.40330126881599426	0.38220831751823425	0.3171972632408142	0.32444384694099426	0.7185851335525513	0.7947627305984497	0.6019166707992554	0.44281476736068726	0.6722117066383362	0.23998549580574036	0.5308063626289368	1.2570253610610962	1.3689579963684082	0.4233841300010681	0.6109961867332458	0.3455195128917694	0.6506211757659912	0.6100510954856873	0.5075570344924927	0.5912671685218811	0.4610820710659027	0.7088274955749512	0.6126164197921753	0.50942063331604	0.6279247999191284	0.41652220487594604	0.4229196608066559	1.0401318073272705	0.4957977533340454	0.14011289179325104	0.297799289226532	0.48142629861831665	0.4787282943725586	0.7500675320625305	0.3504756689071655	0.43826723098754883	0.6873083710670471	0.2725771963596344	0.4532312750816345	0.9010143876075745	1.7294732332229614	0.32404714822769165	0.41249656677246094	1.0130265951156616	0.5739427208900452	0.5071489214897156	0.41179102659225464	0.4791523814201355	0.6715126037597656	0.7676294445991516	0.644736647605896	0.2603658139705658	0.4025879204273224	1.0926930904388428	0.32016655802726746	0.1736271232366562	0.6645197868347168	0.3558075726032257	0.587211012840271	1.042190432548523	0.23804260790348053	0.43007901310920715	0.9328339099884033	0.4329369068145752	0.6212098598480225	0.48091042041778564	0.4035465121269226	0.564332127571106	0.5911524295806885	0.4742368757724762	0.31032121181488037	0.4720182418823242	0.6106927394866943	0.565584123134613	0.4632561504840851	0.2811237871646881	0.7926756143569946	0.4657283425331116	0.48324069380760193	0.6241592168807983	0.5161288976669312	0.6445842981338501	0.4940820336341858	0.608846127986908	0.5251047015190125	0.35838642716407776	0.2533312439918518	0.9427112936973572	0.5319142937660217	0.484672486782074	0.4650708734989166	0.6918796300888062	0.28796640038490295	0.8922500610351562	1.0251761674880981	0.9085449576377869	0.5274127125740051	1.052255630493164	0.7346597909927368	0.33436882495880127	1.1540498733520508	0.6278702020645142	0.13333678245544434	0.42560479044914246	1.057777762413025	0.41609954833984375	0.6394222974777222	0.3494701683521271	0.7213895916938782	0.9916462302207947	0.3138327896595001	1.3179347515106201	0.32895490527153015	0.33472633361816406	0.6837818622589111	0.7354812622070312	0.2614399790763855	0.26138007640838623	0.5361307263374329	0.23501816391944885	0.4562623202800751	0.6592569351196289	0.5965566635131836	0.7708717584609985	0.2986871004104614	0.475931853055954	0.5634939074516296	0.2800329625606537	1.1960041522979736	0.4704326093196869	0.6176506876945496	0.4490295648574829	0.6103639602661133	0.6404553651809692	0.3922339379787445	0.7853081226348877	0.8555675148963928	0.6495301127433777	0.3224734663963318	1.0834760665893555	0.5529488921165466	0.35090023279190063	0.5270054936408997	0.34125643968582153	0.5307320356369019	0.6240888237953186	0.7213717103004456	0.3417581021785736	0.2927321791648865	0.5118510723114014	1.191579818725586	0.7971348166465759	0.32851484417915344	0.2653636932373047	0.9412192106246948	0.43410420417785645	0.6264472603797913	0.8792131543159485	1.160834550857544	0.5450212955474854	0.5249762535095215	0.9494390487670898	0.1619848608970642	0.4913625121116638	0.953412652015686	0.5186180472373962	1.1645292043685913	0.5078839659690857	0.37747928500175476	0.32463687658309937	0.14418570697307587	0.24137195944786072	0.5334348678588867	0.32261601090431213	0.4827301502227783	0.4146121144294739	0.2172003984451294	0.4107900857925415	0.20435571670532227	0.30526435375213623	0.8494229912757874	0.4901791214942932	1.5211741924285889	0.29661354422569275	0.1976041942834854	0.3899778127670288	0.4083849787712097	0.5685401558876038	0.4204164147377014	0.580278217792511	0.6193080544471741	0.3589351773262024	0.7012127637863159	0.5234828591346741	0.45831823348999023	0.5602803230285645	0.8666214346885681	0.3577980399131775	0.6026695370674133	0.47821998596191406	0.28810548782348633	0.491649329662323	0.6235077381134033	0.4175562858581543	0.7199398279190063	0.4635397791862488	0.3276863098144531	0.9657090902328491	0.7119131088256836	0.5887780785560608	0.4841829240322113	0.5769293904304504	0.5700888633728027	0.2135027050971985	0.32780781388282776	0.5309131145477295	0.49650418758392334	0.5360245108604431	0.7204198241233826	0.5587478280067444	0.9568672776222229	0.20259855687618256	0.39708471298217773	0.5503554344177246	0.5659744143486023	0.3495579957962036	0.3723178505897522	0.7438436150550842	0.28053805232048035	0.30066734552383423	0.3244868516921997	0.7995144128799438	0.5715933442115784	0.39270997047424316	1.2126294374465942	0.48387086391448975	0.2413129210472107	0.6161807179450989	0.7485623359680176	0.42523086071014404	0.66038978099823	0.6354688405990601	0.48101961612701416	0.32881391048431396	0.43043696880340576	0.20729176700115204	0.3480687439441681	0.4486398696899414	0.6180714964866638	0.9966831207275391	0.4496985971927643	0.5589868426322937	0.5670063495635986	0.45019596815109253	0.46641892194747925	0.32025060057640076	0.22355061769485474	0.6488656997680664	0.7820812463760376	0.9754892587661743	1.0140976905822754	0.6368106007575989	0.4284197986125946	0.23812738060951233	0.7319738864898682	0.893634557723999	0.8018875122070312	0.22313319146633148	0.1746029555797577	0.4493340849876404	0.8416133522987366	0.5497416257858276	1.3843202590942383	0.5466995239257812	0.6331446170806885	0.39588984847068787	0.5143043398857117	0.488400399684906	0.7070434093475342	0.1736994832754135	0.5501200556755066	0.3502466082572937	0.9356586337089539	0.4312371015548706	0.4398474395275116	0.8330946564674377	0.4957491159439087	0.5623247623443604	0.4628966450691223	0.20716585218906403	0.2904623746871948	0.4985816180706024	0.34585821628570557	0.2104228138923645	0.7010710835456848	0.4232056736946106	0.29785892367362976	0.5350675582885742	0.35374540090560913	0.5144966840744019	0.7916593551635742	0.21900184452533722	0.30693715810775757	0.16882559657096863	0.39303556084632874	0.4308964014053345	0.6926405429840088	0.37204986810684204	0.7805530428886414	0.538431704044342	0.34288814663887024	1.6445703506469727	0.7242937684059143	0.5702822804450989	0.467074453830719	0.1730605661869049	0.6640533804893494	0.6073843240737915	0.4454970955848694	0.6108346581459045	0.23337554931640625	1.0001983642578125	0.34671369194984436	0.757736086845398	0.6363361477851868	0.2808374762535095	0.16870303452014923	0.4933527708053589	0.919495165348053	0.48527947068214417	0.7205129861831665	0.6013824939727783	0.6507440209388733	0.3266305923461914	0.33554404973983765	0.09823998063802719	0.28405457735061646	0.3646323084831238	0.9737627506256104	0.38603752851486206	0.40899866819381714	0.737694263458252	0.37212058901786804	0.8821008205413818	1.1046687364578247	0.6389474272727966	0.8801358938217163	0.7485749125480652	1.0410338640213013	0.3767845034599304	0.3584558367729187	1.1711865663528442	0.6040284037590027	0.5630871057510376	0.3302963078022003	0.6753828525543213	0.3355707824230194	0.46631526947021484	0.5023512244224548	0.613237738609314	0.2059667855501175	0.3586627244949341	0.7251911759376526	0.8476489782333374	1.0955196619033813	0.346299946308136	0.4311598837375641	0.6037142872810364	0.7008922100067139	0.41317275166511536	0.567559003829956	0.6619464755058289	0.29853567481040955	0.2017066329717636	0.8573312759399414	0.4240640699863434	0.3214622735977173	0.5433872938156128	0.38998913764953613	1.470517635345459	0.5514200329780579	0.18042625486850739	0.2366022765636444	0.6624115705490112	0.4443175494670868	0.39965111017227173	0.3925926685333252	0.2219935655593872	0.21031956374645233	0.5780649185180664	0.7524372339248657	0.7416359782218933	0.225757896900177	0.7738574743270874	0.487326443195343	0.15502505004405975	0.26993200182914734	0.48625418543815613	0.8124979138374329	0.8729354739189148	0.7259002923965454	0.7694839239120483	0.9268292784690857	0.4793270230293274	0.39927923679351807	0.534572184085846	0.19340744614601135	0.5730571150779724	0.3814607262611389	0.4281154274940491	0.5730088949203491	0.4944257140159607	0.6166628003120422	0.45428910851478577	0.8476781845092773	0.5344560742378235	0.6231262683868408	0.35011523962020874	0.8354241251945496	0.6482757329940796	0.3711121678352356	0.5273008346557617	0.7336550951004028	0.7557184100151062	0.7208077907562256	0.23259097337722778	0.6484163403511047	0.6518939733505249	0.4316783845424652	0.4453953206539154	0.6366071105003357	0.5201610922813416	0.43906092643737793	0.28588172793388367	0.22254756093025208	0.8920344114303589	0.26156964898109436	0.5215137004852295	1.2390267848968506	0.5724645853042603	0.35362380743026733	0.64547199010849	0.6338653564453125	0.1787872463464737	0.4558996558189392	0.8830058574676514	0.795357346534729	0.5008116364479065	0.4790421426296234	0.46929067373275757	0.7526959180831909	0.5648547410964966	0.6339861750602722	1.1246429681777954	0.674522340297699	0.4746294617652893	0.5526092648506165	0.5090857148170471	0.37678763270378113	0.538134753704071	0.1841687560081482	0.46160608530044556	0.4608253240585327	0.3829801082611084	0.34977060556411743	0.3483555316925049	0.2668556272983551	0.9795816540718079	0.24208390712738037	0.447632759809494	0.4123058617115021	0.5749093890190125	0.29123446345329285	0.23640337586402893	0.32621535658836365	0.19868364930152893	0.4987179636955261	0.7221242189407349	1.037055253982544	0.46200352907180786	0.48197096586227417	0.4459211528301239	1.1757303476333618	0.7958972454071045	0.6567327976226807	0.4249856472015381	0.32223474979400635	0.4443014860153198	0.3481872081756592	0.9883862137794495	0.266389399766922	0.339050829410553	0.7182055711746216	0.44640469551086426	0.897028923034668	0.1412804126739502	0.4583663046360016	0.4715723991394043	0.43513068556785583	0.4864809811115265	0.7481773495674133	0.5730538964271545	0.32841840386390686	0.3709336221218109	0.6673542261123657	0.5667099952697754	0.880783200263977	0.7349116802215576	0.3662053346633911	0.4817757308483124	0.36038318276405334	0.9164202213287354	0.9899938106536865	0.8080955743789673	0.9995542168617249	0.5947407484054565	0.4934040307998657	0.5965433716773987	0.9488717913627625	0.3639625608921051	0.5592198967933655	0.957645833492279	0.3646615445613861	0.37491050362586975	0.4814302325248718	0.26961252093315125	0.9297306537628174	0.42377862334251404	0.5581466555595398	0.6233282685279846	0.6203539967536926	0.2552780508995056	0.5437413454055786	0.7454954385757446	1.3382095098495483	0.2633650004863739	0.49036669731140137	0.40226054191589355	0.3241144120693207	0.2806367576122284	0.37640780210494995	0.1253766119480133	1.0595710277557373	0.5899415612220764	0.5533028841018677	1.0703176259994507	0.2183142751455307	0.4722293019294739	0.7898635268211365	0.44220447540283203	0.5974951982498169	0.4881238043308258	0.5674692392349243	0.35829806327819824	0.827932596206665	0.738368570804596	0.38622480630874634	0.37817153334617615	0.8046347498893738	0.4657098650932312	0.7819176316261292	0.5185379981994629	1.044210433959961	0.5408474802970886	0.31968042254447937	0.5562756657600403	0.24225223064422607	1.016357660293579	0.6229255795478821	0.358515202999115	0.19579942524433136	0.38348618149757385	0.22956381738185883	0.567413330078125	0.7828825116157532	0.8368755578994751	0.34431135654449463	0.5119332671165466	0.5559134483337402	1.2167603969573975	0.7881276607513428	0.32854151725769043	0.48515158891677856	0.5057224631309509	0.4365084171295166	0.5233359336853027	0.26469480991363525	0.5429314970970154	0.6408626437187195	0.16243769228458405	0.41460102796554565	0.44961294531822205	0.4696454405784607	0.18240860104560852	0.4603503346443176	1.1039190292358398	0.09688112139701843	0.6345891356468201	0.38231799006462097	0.49629077315330505	0.45564380288124084	0.32403451204299927	0.579357385635376	0.6111661195755005	0.6699531078338623	1.5010149478912354	0.4779307544231415	1.0013880729675293	0.32765743136405945	0.7443159818649292	0.6664502620697021	0.525261640548706	0.15861597657203674	0.8961561918258667	0.5380650758743286	0.9709397554397583	0.33437827229499817	0.2361018806695938	0.6656448245048523	0.593228816986084	0.5062416195869446	0.3518593907356262	0.8788023591041565	0.6100530624389648	0.09286635369062424	0.7746664881706238	0.24348095059394836	0.39824607968330383	0.3578929901123047	0.5959687829017639	0.6184743046760559	0.41524481773376465	0.2972572445869446	0.2601664364337921	0.3531513810157776	0.3730179965496063	0.9650989770889282	1.0927079916000366	0.25549978017807007	0.6328818798065186	0.282587468624115	1.126122236251831	0.4776858985424042	0.6840163469314575	0.11562694609165192	0.37292930483818054	0.6332882046699524	0.24852588772773743	0.4969530403614044	0.8166681528091431	0.5922707319259644	0.5641385316848755	0.6683715581893921	0.4566873013973236	0.3530663251876831	0.9045171141624451	0.7039518356323242	0.7220582962036133	0.5932993292808533	0.3194807171821594	0.6046397686004639	0.6372540593147278	0.381607323884964	0.8974593281745911	0.516872227191925	0.4849759042263031	0.7747963666915894	0.36320704221725464	0.509397029876709	0.8211930990219116	0.09435683488845825	0.7912285327911377	0.45489051938056946	0.8108545541763306	0.23602434992790222	0.5833625793457031	0.5535263419151306	0.47587233781814575	0.8247992992401123	0.45488691329956055	0.6014086604118347	0.9439345598220825	0.8428021669387817	0.36825820803642273	0.33984071016311646	0.38234636187553406	0.30397289991378784	0.5279356241226196	0.32114940881729126	0.9431052207946777	1.410045862197876	0.3275151550769806	0.37170854210853577	0.6843969821929932	0.2754899561405182	0.2852756679058075	0.20311567187309265
0.5243102312088013	0.7720265984535217	0.6732999086380005	0.20637258887290955	0.9155447483062744	0.4605330228805542	0.41122686862945557	0.327176570892334	0.5245445370674133	0.1318642795085907	1.2577232122421265	0.34760943055152893	0.4323185086250305	0.3555002212524414	0.34647881984710693	0.27869436144828796	0.15109728276729584	0.5577237010002136	0.6887832880020142	0.25922301411628723	0.5891055464744568	0.3062024712562561	0.7393394708633423	0.42436668276786804	0.5063916444778442	0.5498470067977905	0.8191676139831543	0.5192949175834656	0.29578790068626404	0.839055061340332	0.6295590996742249	0.6956744194030762	0.5331360697746277	0.4120445251464844	0.37807950377464294	0.37588250637054443	0.2845829427242279	0.5319816470146179	0.5943899154663086	0.5739650130271912	0.32957378029823303	1.2694233655929565	0.473113089799881	0.299029141664505	0.5022495985031128	0.7287678122520447	0.3895076513290405	0.5007451772689819	0.3088997006416321	0.4756467938423157	1.1578419208526611	0.6604793667793274	0.7080422639846802	0.444103866815567	0.505939245223999	0.3241492211818695	0.4032798409461975	1.1387224197387695	0.5641051530838013	1.098809838294983	0.3772793412208557	1.0472517013549805	0.22912338376045227	0.8074751496315002	0.7913757562637329	0.6195493340492249	0.7726053595542908	0.5510110855102539	0.30954793095588684	0.6989364624023438	0.25983911752700806	0.20014426112174988	1.819962978363037	0.7911244034767151	0.3996042311191559	0.41255903244018555	0.13561776280403137	0.6256930828094482	0.8018733859062195	1.067276954650879	0.36454421281814575	0.6644577383995056	0.5785695910453796	0.27261364459991455	0.47157415747642517	0.36283689737319946	0.7492032051086426	0.6362044215202332	1.1318538188934326	0.31076911091804504	0.41552621126174927	0.7334715723991394	0.2430180460214615	0.852861762046814	0.46374693512916565	1.1415005922317505	1.061458945274353	0.3525170087814331	0.5143612623214722	0.7334034442901611	0.5121098756790161	0.9656715989112854	0.4712859094142914	0.14592044055461884	0.712439775466919	0.7669246196746826	0.4841352701187134	0.8211182355880737	0.9231287240982056	0.4985264241695404	0.517561674118042	0.9433776140213013	0.7514526844024658	0.2079535871744156	0.4032282531261444	0.3748743534088135	0.3397163152694702	0.9778497815132141	0.6124451756477356	1.0151928663253784	0.7328944802284241	0.2873809337615967	1.088350772857666	0.6576568484306335	1.2093451023101807	0.3792814612388611	0.20748387277126312	0.8463273048400879	0.8353472352027893	1.0671334266662598	0.315701961517334	0.8219794034957886	0.2078343778848648	0.13515135645866394	0.46268439292907715	0.1022779643535614	0.5815091729164124	0.15837779641151428	0.3645499348640442	0.24087271094322205	0.3757579028606415	0.08201172202825546	0.5264440178871155	0.3157910108566284	0.8888841271400452	1.361169695854187	0.78286212682724	0.5621359944343567	0.9725271463394165	0.47236353158950806	0.2645636200904846	0.3410477638244629	0.3508746922016144	1.0521198511123657	0.2681666612625122	0.4720056653022766	0.6300854086875916	0.15517190098762512	0.15414145588874817	0.3035143315792084	0.7301226854324341	0.8013753294944763	0.4863505959510803	0.4598487615585327	0.31737416982650757	0.5017980337142944	0.26978176832199097	0.10985873639583588	1.8439165353775024	0.5105700492858887	0.5507700443267822	0.27112501859664917	0.4813956022262573	0.7612324357032776	0.4866090714931488	0.18092294037342072	0.3494070768356323	0.39078718423843384	0.35986244678497314	0.249562606215477	0.24991711974143982	0.7043951749801636	0.17799246311187744	0.741479218006134	0.4597112238407135	0.4110596776008606	0.7646697759628296	0.24039717018604279	1.0855945348739624	0.7358415722846985	0.7968457937240601	0.19871218502521515	0.12802721560001373	0.7395761609077454	0.3267233073711395	0.94118332862854	0.2250414341688156	0.32517942786216736	0.7668003439903259	0.5781995058059692	0.8051958084106445	0.3478427231311798	0.578116238117218	0.4746391475200653	0.8790226578712463	0.5976909399032593	0.4011879861354828	0.39160993695259094	0.2646767497062683	0.9989709854125977	0.6491469144821167	0.44393500685691833	0.2207765430212021	0.28647977113723755	0.947913646697998	0.594870924949646	0.5435376167297363	0.34773579239845276	0.48594796657562256	0.3607831597328186	0.33431756496429443	0.4042085111141205	0.20794500410556793	0.47631868720054626	0.46679946780204773	0.39085131883621216	0.5585557818412781	0.6518040299415588	0.4430641531944275	1.0069411993026733	0.8979809284210205	0.3487493395805359	0.33390578627586365	0.2564513385295868	0.4401063024997711	0.5866093039512634	0.5103371143341064	0.27634602785110474	0.3213686943054199	0.17643119394779205	0.5274840593338013	0.5773981809616089	0.20084480941295624	0.34774380922317505	0.6276857256889343	0.41689467430114746	1.3132390975952148	0.7550745010375977	0.12945985794067383	0.5662827491760254	0.6239806413650513	0.24288666248321533	0.4485417604446411	0.6417730450630188	0.3897665739059448	0.780217707157135	0.6284967064857483	0.7690216302871704	1.2731400728225708	0.20159144699573517	0.7339562773704529	1.0647354125976562	0.43812909722328186	0.4123004972934723	0.5806177854537964	0.24771589040756226	0.5434807538986206	0.2060248702764511	0.2751021683216095	0.5047250986099243	0.6119030117988586	0.6693398952484131	1.2980928421020508	0.27576643228530884	0.37843436002731323	0.3607482612133026	0.5902464985847473	0.28003284335136414	0.38791558146476746	0.91644287109375	0.8740140199661255	0.26864033937454224	0.5746694207191467	0.3474251329898834	0.9080554246902466	1.6831084489822388	0.42481932044029236	0.6124416589736938	1.1335383653640747	0.5232242345809937	0.8631788492202759	0.3518115282058716	0.4731632471084595	0.13863149285316467	0.35088568925857544	0.7306167483329773	1.1530214548110962	0.5357853174209595	0.6097471117973328	0.4044136106967926	0.34909218549728394	0.5001641511917114	0.6940445899963379	0.7297666668891907	0.5930764079093933	0.20494838058948517	0.5378618836402893	0.7289319038391113	0.5220344662666321	0.32743537425994873	1.3285232782363892	0.9124996662139893	0.4318360388278961	0.6266969442367554	0.5280150771141052	1.3164223432540894	0.6403339505195618	0.4575992822647095	0.4626185894012451	0.5901655554771423	0.9010225534439087	0.7578352689743042	0.6430822610855103	0.6159535646438599	0.5793638229370117	0.44226112961769104	0.3527786135673523	0.6342772245407104	0.533435583114624	0.9243808388710022	0.42071253061294556	0.6421186327934265	0.2552531063556671	0.336435467004776	0.5917178988456726	0.28439706563949585	0.974940299987793	0.3407818078994751	0.36025336384773254	0.8562742471694946	0.34985971450805664	0.19882923364639282	0.40038272738456726	0.28730157017707825	0.46427837014198303	0.41182878613471985	0.31836336851119995	0.31613457202911377	0.3113701641559601	0.3802955150604248	0.3625986874103546	0.41670334339141846	0.5007607936859131	1.2187628746032715	0.8647142052650452	0.22503526508808136	0.8911474943161011	0.629004716873169	0.334083616733551	0.6031374335289001	1.6354695558547974	0.06976951658725739	0.5655403137207031	0.3240501582622528	0.9682812690734863	0.7425593137741089	0.6332546472549438	1.3611929416656494	0.8728646636009216	0.2979343831539154	0.3191474974155426	0.5792751312255859	0.5704842209815979	1.0489518642425537	0.41586723923683167	0.6419070959091187	0.880993127822876	0.5358918905258179	0.9229852557182312	0.19954660534858704	0.5014408826828003	0.7314836382865906	0.3962089419364929	0.36844688653945923	0.375434547662735	0.5535353422164917	0.5207706689834595	0.14639991521835327	0.43237000703811646	0.34167104959487915	0.34839269518852234	0.6070388555526733	0.19548209011554718	0.8023810386657715	0.48274263739585876	0.5378413796424866	0.6139836311340332	0.19919627904891968	0.6889649629592896	0.4050876498222351	0.713948130607605	1.039683222770691	0.3773760199546814	1.2091487646102905	0.26146551966667175	0.28100937604904175	0.17188575863838196	1.2244915962219238	0.7008121609687805	0.2577553391456604	0.9051086902618408	0.28953251242637634	0.6446007490158081	0.4461972117424011	0.39804723858833313	0.2208225578069687	0.3266294598579407	0.24116849899291992	0.7420964241027832	0.17036736011505127	0.5496199131011963	0.9449769854545593	0.4655238389968872	0.5962021946907043	0.6629798412322998	0.3270837366580963	0.29232141375541687	0.7979626655578613	0.7080703973770142	1.1094839572906494	0.3385966718196869	0.5616900324821472	0.627470850944519	0.2740498483181	0.42575961351394653	0.30016422271728516	0.5474150776863098	0.21354936063289642	0.4325474500656128	0.40074288845062256	0.7970572113990784	0.5897517204284668	0.3950437009334564	0.2616448402404785	0.26571908593177795	0.2174026370048523	0.9989684820175171	0.43911856412887573	1.0662232637405396	0.6274892687797546	0.19934526085853577	0.29680195450782776	1.4753695726394653	0.7747563719749451	0.3863558769226074	0.26319706439971924	0.7467562556266785	0.4166409969329834	0.8408673405647278	0.7547913193702698	0.7670531868934631	0.29755282402038574	0.18674702942371368	1.179734230041504	0.9630603790283203	1.3371171951293945	0.44985249638557434	0.5807855725288391	0.5628677606582642	0.8577429056167603	0.578777015209198	0.2030339390039444	0.35949546098709106	0.2464923858642578	0.481719046831131	0.6365540027618408	0.35114261507987976	0.624322772026062	0.2777992784976959	0.7637970447540283	0.7135664224624634	0.12060675770044327	0.5122655630111694	1.430753469467163	1.7519545555114746	0.7146461606025696	0.7917982935905457	0.2595115900039673	0.6887628436088562	0.36953499913215637	0.48326918482780457	0.26185765862464905	0.8343203067779541	0.6797539591789246	0.5971571207046509	0.8237059116363525	0.4142380952835083	0.31167128682136536	0.33125975728034973	0.7574298977851868	0.3008642792701721	0.41388481855392456	0.8097923398017883	0.35757917165756226	0.7725615501403809	0.6746172308921814	0.36330974102020264	0.6976264119148254	0.6226553916931152	0.4970906376838684	0.40775617957115173	0.2757321298122406	0.31695038080215454	1.457062840461731	0.24997735023498535	0.11373043805360794	0.3096868693828583	0.5410714149475098	0.6941234469413757	0.18400968611240387	0.3715997040271759	1.0521166324615479	0.4319012761116028	0.8152478337287903	0.1704009473323822	0.5099399089813232	0.12070127576589584	0.707254946231842	1.3507457971572876	0.48606064915657043	0.1835245043039322	0.32977962493896484	0.5972307920455933	0.6545404195785522	0.4341059923171997	0.2817452549934387	0.2422940880060196	0.6046959161758423	0.3927113115787506	0.5019141435623169	0.8498539924621582	0.30512359738349915	0.609653115272522	0.5652605891227722	0.4553143382072449	0.6465761661529541	0.4004327654838562	0.3955008089542389	0.752615749835968	1.2844274044036865	0.08644942939281464	0.49155667424201965	0.3284485340118408	0.3719676733016968	0.4708998203277588	0.6706141829490662	0.6836816668510437	0.39914703369140625	0.9718707799911499	0.9329004287719727	0.886949360370636	0.26007556915283203	0.5059983730316162	0.22960609197616577	0.37644901871681213	0.4257023334503174	0.44772928953170776	0.1841711699962616	0.6848427653312683	0.9686497449874878	1.3269487619400024	1.0400745868682861	0.504787027835846	1.7516705989837646	0.23695915937423706	0.3961609899997711	0.37803423404693604	0.12303978204727173	0.515388548374176	0.25440436601638794	0.25041747093200684	0.28330332040786743	0.28263431787490845	0.5859383344650269	0.3909841775894165	0.563519299030304	0.27153345942497253	0.19114015996456146	0.1607520878314972	0.42804956436157227	0.6660555005073547	1.1825460195541382	0.5374376177787781	0.5752254724502563	0.894189715385437	0.8505143523216248	0.9189174771308899	0.2550903558731079	0.6112551093101501	0.46560466289520264	0.47974756360054016	1.6296586990356445	0.2227366864681244	0.7835448980331421	1.4998472929000854	0.5791062712669373	0.6303097605705261	0.6440539360046387	0.18033358454704285	1.1210134029388428	0.15148231387138367	0.46854299306869507	0.8380454778671265	0.666797399520874	0.41275161504745483	0.68009352684021	0.24234463274478912	0.4643702507019043	0.10969521850347519	0.6687314510345459	0.32316887378692627	0.8194586038589478	0.433979868888855	0.5806996822357178	0.39355912804603577	0.25332900881767273	0.6577747464179993	0.05018763989210129	0.7014778852462769	0.6826654672622681	0.5034807920455933	0.3233077824115753	0.13404172658920288	0.5502099990844727	0.7235612869262695	0.34483256936073303	0.5235627889633179	1.002711296081543	0.2964046895503998	0.4043976962566376	0.9120069146156311	0.2301514595746994	0.18276384472846985	0.5986390709877014	0.48853638768196106	0.37011978030204773	0.46314483880996704	0.6805834770202637	0.33204853534698486	0.39418238401412964	0.7393485903739929	0.6259831786155701	0.08705592900514603	0.3729082942008972	0.6362910270690918	0.4036727845668793	0.43305617570877075	0.682335376739502	1.1564948558807373	0.22045187652111053	0.3880637288093567	0.8803603649139404	0.02522612176835537	0.5339149832725525	0.35867568850517273	0.24146093428134918	0.7214904427528381	0.635329008102417	1.060444951057434	0.5199799537658691	0.6229457259178162	0.5152857899665833	0.5426314473152161	0.7759389877319336	0.8557377457618713	0.9953973293304443	0.31572988629341125	1.0746089220046997	0.6438774466514587	0.43099549412727356	0.4175916314125061	0.353986531496048	0.7914677262306213	0.45212963223457336	0.8652696013450623	0.4968246817588806	0.4065867066383362	0.35136812925338745	0.8154899477958679	0.2718164622783661	0.5980658531188965	0.3953491747379303	1.7440085411071777	0.49059823155403137	0.1948378086090088	1.0054848194122314	0.8831773996353149	0.4016896188259125	0.518517017364502	0.3805055618286133	0.3447597026824951	0.23657609522342682	0.24484208226203918	0.3034987151622772	0.4160405099391937	0.2829551100730896	0.33022505044937134	0.244500532746315	0.3484383523464203	0.0019162073731422424	0.2198154479265213	0.6657454967498779	0.3385816216468811	0.5932462215423584	0.3626598119735718	0.569900393486023	0.42767390608787537	0.45055684447288513	0.12368948012590408	0.6448282599449158	0.7760769128799438	0.5914623737335205	0.3334565758705139	0.7442669868469238	0.34868302941322327	0.4513452649116516	0.18014107644557953	0.20346607267856598	0.6016758680343628	0.5892522931098938	0.3678182363510132	0.5530851483345032	0.4843534827232361	1.0422160625457764	0.5127866864204407	0.22001142799854279	0.5875282883644104	0.23636698722839355	0.41683506965637207	0.38437557220458984	0.5157892107963562	0.6331002116203308	0.09619278460741043	0.623266339302063	0.5686722993850708	0.48826736211776733	0.2969054877758026	0.6808179616928101	0.72426438331604	0.27837416529655457	0.641570508480072	0.43934547901153564	0.3599412143230438	0.0872228592634201	0.34018200635910034	0.5244296789169312	1.1370481252670288	0.11601144075393677	0.159314826130867	0.8443853855133057	0.7419278621673584	0.2201949506998062	0.11667019128799438	0.5001381039619446	0.2227533608675003	0.32654958963394165	0.2740737795829773	0.7478576302528381	0.3316556215286255	0.40138453245162964	0.5844339728355408	0.7924355268478394	0.644573450088501	0.5195158123970032	0.5021696090698242	0.5183783173561096	0.5542904734611511	0.2769871652126312	0.28209859132766724	0.29295310378074646	0.9186426997184753	0.3544149100780487	0.6034284234046936	0.36167576909065247	0.26044777035713196	0.7670629024505615	0.4767366349697113	0.45189139246940613	0.2211080640554428	0.4989219605922699	0.7936111092567444	0.4611681401729584	0.7180501222610474	0.5564997792243958	0.38061368465423584	0.5570873618125916	0.6904330849647522	0.5827876925468445	0.20391662418842316	1.0591622591018677	1.0232977867126465	0.5129210948944092	1.1216216087341309	0.12761780619621277	0.6326938271522522	0.6487584710121155	0.7420796155929565	0.6289464235305786	0.27449831366539	0.46604061126708984	0.33841702342033386	1.2557239532470703	0.43224892020225525	0.4681515097618103	0.6461955308914185	0.5988062024116516	0.7375869154930115	0.5690686702728271	0.2628765106201172	0.6027685403823853	0.37651073932647705	0.36842992901802063	0.38312748074531555	0.6801097393035889	0.9509694576263428	0.8623103499412537	1.0370204448699951	0.2687338590621948	0.5460456609725952	0.27739882469177246	0.49343618750572205	0.12313385307788849	0.9922544360160828	0.17005468904972076	0.6257232427597046	0.4196698069572449	0.6709426641464233	0.38029712438583374	0.420526921749115	0.9712920784950256	0.41181206703186035	0.19766797125339508	0.3461892902851105	0.19289086759090424	0.46572422981262207	0.6013038158416748	0.2933409512042999	0.7194498777389526	0.7377687096595764	0.7944911122322083	0.36004456877708435	0.4572700560092926	0.5802544355392456	0.4398013651371002	0.7300243973731995	0.23425452411174774	0.2560937702655792	0.2956846058368683	0.9000487327575684	0.3164876699447632	0.3800947666168213	0.10824864357709885	0.2815956175327301	0.2684357762336731	0.6624735593795776	0.3451198935508728	0.2846062481403351	0.2555636167526245	0.25719818472862244	1.1594109535217285	0.7063679695129395	0.5809676051139832	0.4388241171836853	0.8238339424133301	0.2608989179134369	0.5074352025985718	0.1887691617012024	0.8480055928230286	0.6742582321166992	0.20684193074703217	0.3195698857307434	0.16966567933559418	0.5300680994987488	0.35807591676712036	0.3852640688419342	0.7335563898086548	0.483816534280777	0.4457813799381256	0.9196290969848633	0.8780722618103027	1.032373309135437	0.4644875228404999	0.4711454212665558	0.3248369097709656	0.7410099506378174	0.6680992245674133	0.16484922170639038	0.107903853058815	0.8527153134346008	0.5901321768760681	0.9341927766799927	0.14560538530349731	0.07618804275989532	0.19688841700553894	0.5217633247375488	0.4611905515193939	0.3842740058898926	0.3358517587184906	0.6277996301651001	0.49923795461654663	0.28584983944892883	0.922186553478241	0.1658836305141449	0.3883378803730011	0.39494985342025757	0.4103620648384094	0.6315264105796814	0.08944091945886612	0.32018178701400757	0.6142721772193909	0.3142857253551483	0.8878786563873291	1.2279791831970215	0.23657457530498505	0.3911392092704773	0.619125247001648	0.21398155391216278	0.044381145387887955	0.48725318908691406	0.5414987206459045	0.3711755573749542	0.23917031288146973	0.5163110494613647	0.2866550087928772	0.3166714608669281	0.29961350560188293	0.45893675088882446	0.0742776170372963	0.08354528248310089	0.688217043876648	0.21127693355083466	0.9707731604576111	0.5374952554702759	0.07615619897842407	0.5646688342094421	0.18915066123008728	0.5905068516731262	0.47618719935417175	0.552895188331604	0.4373495280742645	1.2349562644958496	0.7131421566009521	1.4611955881118774	0.6541495323181152	0.2342645227909088	0.25994402170181274	0.874710202217102	0.3150600790977478	0.8765538930892944	0.8721281290054321	0.1701413094997406	0.4701322317123413	0.49456003308296204	0.47951287031173706	0.31171706318855286	0.4459020495414734	0.5310999155044556	0.4036983549594879	0.7087873220443726	0.29915958642959595	0.39817413687705994	0.2747146785259247	0.343959242105484	0.23134107887744904	0.5385812520980835	0.5853211879730225	0.7815878391265869	0.2841198444366455	0.1740771234035492	0.4233814477920532	0.6714971661567688	0.518147885799408	0.4685439169406891	0.6410389542579651	0.6801202297210693	0.31687894463539124	0.6470478177070618	0.9127885103225708	0.7240544557571411	0.9346378445625305	0.4933987557888031	0.9692969918251038	0.7347935438156128	0.418891578912735	0.47217512130737305	0.6480834484100342	0.7418868541717529	0.6656662225723267	0.2680894136428833	0.17175666987895966	0.2581965923309326	0.47811567783355713	0.36375394463539124	0.4093394875526428	0.33543455600738525	0.4094354510307312	0.932901918888092	0.22591648995876312	0.5833085179328918	0.37304869294166565	0.7543995976448059	0.24925842881202698	0.1970045566558838	0.5001194477081299	0.4541051983833313	0.6023027300834656	0.3145686686038971	0.8149334788322449	0.5222772359848022	0.758384644985199	0.7824934720993042	0.4405606985092163	0.8778117299079895	0.38516131043434143	0.5247491002082825	0.33530011773109436	0.5234794616699219	0.4004807472229004	0.7353419065475464	0.27649202942848206	0.3960774540901184	0.7840944528579712	1.0467361211776733	0.7423132061958313	0.4819130003452301	0.5090669989585876	0.6714842319488525	0.3053591549396515	0.609073281288147	0.3728227913379669	0.8536703586578369	0.3155196011066437	0.5601375699043274	1.0531741380691528	0.8212419152259827	0.8533776998519897	1.0911188125610352	0.5771768689155579	0.25786057114601135	0.9308781623840332	0.45554596185684204	0.5715744495391846	0.6405095458030701	0.4859372675418854	0.34372034668922424	0.41812863945961	0.4466615319252014	0.6913617849349976	0.3922332525253296	0.23394577205181122	0.8585799336433411	0.3732312321662903	0.4775310456752777	0.8790159225463867	0.8291921615600586	0.5204348564147949	0.1106995940208435	0.6472156643867493	0.20700742304325104	0.6739071011543274	0.9866925477981567	0.2750113606452942	0.37207213044166565	0.6619910597801208	0.31611043214797974	1.3125391006469727	1.4084397554397583	0.17018747329711914	0.2879655659198761	0.6058259606361389	0.16595959663391113	0.8009328842163086	0.912973165512085	0.1743953377008438	1.0368287563323975	0.48264244198799133	1.08199143409729	1.004223108291626	0.8915320634841919	0.45055338740348816	0.5100870132446289	0.7906380891799927	0.49162423610687256	0.4423159658908844	0.7738784551620483	0.38226887583732605	0.7481312155723572	0.7221285700798035	0.5144240856170654	0.6022974252700806	0.39592498540878296	0.4316405951976776	1.0988537073135376	1.2233060598373413	0.13205569982528687	0.40006399154663086	0.296641081571579	0.07457928359508514	0.43565452098846436	0.531622588634491	0.6927944421768188	0.29420047998428345	0.24215692281723022	0.5129656195640564	0.5289922952651978	0.640971839427948	0.550381064414978	0.37981054186820984	1.0559090375900269	0.422359824180603	1.1058841943740845	0.8162904977798462	0.30694660544395447	0.5568248629570007	0.3390739858150482	0.28660908341407776	0.3171800971031189	1.6029267311096191	0.28112417459487915	0.18645423650741577	0.2781696915626526	0.26949426531791687	0.42372649908065796	0.16997867822647095	0.37556949257850647	0.5515291690826416	0.43186303973197937	0.9414709806442261	0.12472499907016754	0.8764886260032654	0.22198748588562012	0.6674680709838867	0.3051956295967102	0.9886286854743958	0.4954787492752075	0.2466697096824646	0.48501911759376526	0.5569891929626465	0.3670085668563843	0.9245775938034058	0.7651992440223694	0.41565221548080444	0.4115700423717499	0.5488977432250977	0.3757335841655731	0.5311260223388672	0.49701762199401855	0.9965925216674805	1.2358332872390747	0.5029656887054443	0.34827524423599243	0.6496389508247375	0.1653875708580017	0.4391345679759979	0.4266704320907593	1.2232744693756104	0.9250791072845459	0.20718485116958618	0.44802334904670715	0.05348764359951019	0.32296133041381836	0.39037713408470154	1.3744041919708252	0.25914570689201355	0.7915667295455933	0.5320641994476318	0.4184650480747223	0.7057350277900696	0.7392356395721436	0.3403840959072113	0.9175772070884705	0.33246880769729614	0.5043209195137024	0.4947190284729004	0.4727160930633545	0.19195356965065002	0.8747724890708923	0.5208760499954224	0.468403160572052	1.2305042743682861	0.42195194959640503	0.6556885242462158	0.324378103017807	0.5323589444160461	0.6413135528564453	0.3586758077144623	0.3281172811985016	0.31230250000953674	0.6826531887054443	0.7478018403053284	0.7929940223693848	0.4045400023460388	0.6024168729782104	0.76091068983078	0.5863766670227051	0.32050618529319763	0.48430317640304565	0.6056508421897888	0.35737675428390503	0.6036151051521301	0.18499286472797394	0.9376322627067566	0.21428102254867554	0.5798460245132446	0.2366386502981186	0.2863752841949463	0.43398842215538025	0.7975375652313232	0.7598062753677368	0.7628493309020996	0.6905997395515442	0.4232226610183716	0.4214624762535095	1.6200323104858398	0.9988778829574585	1.1374566555023193	0.4839942753314972	0.3743363320827484	0.2810191810131073	0.7419383525848389	0.33304670453071594	0.20744551718235016	0.4991985261440277	0.5877367854118347	0.5901557803153992	0.3962993919849396	0.21366286277770996	0.2392801195383072	0.9167465567588806	0.7232016324996948	0.808384895324707	0.11407112330198288	0.10452070832252502	0.8856059908866882	0.10075956583023071	0.3973259925842285	0.4703376591205597	0.2144434005022049	0.5162221193313599	1.3493605852127075	0.3019014596939087	0.9145100116729736	0.9037795662879944	0.5256589651107788	1.1000969409942627	0.33338072896003723	0.459296852350235	0.5583881735801697	0.30738282203674316	0.9420033097267151	0.6145411133766174	0.6233497262001038	1.2195430994033813	0.23256215453147888	0.5896299481391907	0.29717108607292175	0.35241037607192993	0.07930900901556015	0.2334321290254593	0.5582253932952881	0.6267630457878113	0.5762090682983398	0.3235817849636078	0.8099523782730103	0.778544545173645	0.3946057856082916	0.46403172612190247	0.15214963257312775	0.4551212787628174	0.622182309627533	0.3877635896205902	0.14555960893630981	0.3309856951236725	0.41090136766433716	0.26571139693260193	0.03145616129040718	0.5413457155227661	0.5760168433189392	0.40502259135246277	0.3662755489349365	0.3879501521587372	0.36249589920043945	0.2114747166633606	0.19229891896247864	0.9103808999061584	0.47489824891090393	0.9947623014450073	0.6487529277801514	0.140096977353096	0.7826694846153259	0.41041916608810425	0.04405544698238373	0.5459514260292053	0.6990482807159424	0.21543878316879272	0.5595611333847046	0.38259419798851013	0.3701578378677368	0.18619000911712646	0.20940013229846954	0.7478964328765869	0.22651951014995575	0.6620304584503174	1.8701982498168945	0.5990453362464905	0.2664002478122711	0.206088125705719	0.4457687735557556	0.4239155352115631	0.21118855476379395	0.7631534337997437	0.40338343381881714	0.7788842916488647	0.5565205216407776	0.6029115319252014	0.6265626549720764	0.5416067242622375	0.3636592924594879	0.4807932376861572	0.24636845290660858	0.2988411784172058	0.4383678436279297	1.0672051906585693	0.47419068217277527	0.4805746376514435	0.6233075857162476	0.5638193488121033	0.38088250160217285	0.7167070508003235	0.5125049352645874	0.4391736686229706	0.6963682174682617	0.8815126419067383	0.8850162625312805	0.4970207214355469	0.6328996419906616	0.7527042031288147	1.215438961982727	1.2363390922546387	0.5090952515602112	0.6492558717727661	0.27620163559913635	0.29986390471458435	0.29978781938552856	0.4410683810710907	0.3744325041770935	0.2626439929008484	0.7889975309371948	0.23310743272304535	0.6558939814567566	0.39261579513549805	0.15211956202983856	0.5402866005897522	0.6897330284118652	0.17304080724716187	0.3953995704650879	0.5036068558692932	0.798797070980072	1.0939829349517822	0.49529948830604553	0.22114311158657074	0.36926114559173584	0.7610642313957214	0.724807858467102	0.8793275356292725	0.5542861223220825	0.11356401443481445	0.4884771406650543	0.3691105246543884	0.19465161859989166	0.07464635372161865	0.8128037452697754	1.1036158800125122	0.02518617734313011	0.29591232538223267	0.4532093405723572	0.24098984897136688	0.755569577217102	0.2032625526189804	0.43947353959083557	0.4050019383430481	1.0364413261413574	0.5135565996170044	0.3627912700176239	0.5211165547370911	1.2767934799194336	0.1570383608341217	0.4020073115825653	0.6180307269096375	1.026700496673584	1.2545585632324219	0.35245180130004883	0.3942795991897583	0.6918230652809143	1.5340726375579834	0.41560351848602295	0.4200337529182434	0.22500786185264587	0.41854405403137207	0.5305935144424438	0.7159606218338013	0.49793365597724915	0.3034401535987854	0.7530323266983032	0.19626301527023315	0.5190908908843994	0.6268477439880371	0.5612887144088745	0.48461681604385376	0.7653657793998718	0.6577367782592773	0.1503491997718811	0.1519523411989212	0.4000316858291626	0.7214168906211853	0.2016841471195221	0.1549702286720276	0.43872496485710144	0.5700603723526001	0.4582807421684265	0.40720751881599426	0.4016112685203552	0.33020901679992676	0.5730215907096863	0.6796907782554626	0.6738610863685608	0.48235470056533813	0.6994481086730957	0.8315256834030151	0.5309450030326843	0.2538039982318878	0.55715411901474	0.39449936151504517	0.3333658277988434	1.169881820678711	0.7638635635375977	0.44564947485923767	0.7991280555725098	1.0627102851867676	0.6135556697845459	0.4275120198726654	0.6056761741638184	0.5836336612701416	0.19195248186588287	0.36327677965164185	0.4291924238204956	0.33487603068351746	1.0117449760437012	0.8532593250274658	0.7938750982284546	0.6422926783561707	0.21308262646198273	1.2370338439941406	0.5413251519203186	0.7626526951789856	0.4129874110221863	0.32743942737579346	0.2394925355911255	0.1689317226409912	0.6178925037384033	0.6185909509658813	0.3660556674003601	0.4486614763736725	0.2899077832698822	0.30530959367752075	0.10709191858768463	0.50202476978302	0.6175574660301208	0.649753987789154	1.2664875984191895	1.2029513120651245	0.30447492003440857	0.7211902141571045	0.6090688109397888	0.6158728003501892	0.36623525619506836	0.6314393877983093	1.3404189348220825	0.40059706568717957	0.15975850820541382	0.4336746037006378	1.1339032649993896	0.4102424383163452	0.5303711891174316	0.840691328048706	0.9780046343803406	0.8401108384132385	1.6081726551055908	0.26453903317451477	0.6481781005859375	0.5733323693275452	0.5997589230537415	0.8768190145492554	0.3440275490283966	0.39471298456192017	0.2801917791366577	0.5100430250167847	0.5235125422477722	0.7074302434921265	1.5713772773742676	0.5355888605117798	0.21771737933158875	0.6875278353691101	0.38483917713165283	0.731391191482544	0.2084425985813141	0.7177870273590088	0.6148083209991455	0.4587554633617401	0.5143635869026184	0.3356724977493286	0.36276566982269287	0.6853343844413757	0.46520283818244934	0.3337659537792206	0.834107518196106	0.3726486563682556	0.38894373178482056	0.3557834327220917	0.4127844274044037	0.34864845871925354	0.8054649233818054	0.44038885831832886	0.9029837846755981	0.27406877279281616	0.23868925869464874	0.10080836713314056	0.5536251068115234	0.22752171754837036	0.4439915120601654	0.7380030751228333	0.3839349150657654	0.6149675846099854	0.320235937833786	0.27884212136268616	0.4420872926712036	0.434836745262146	1.0018882751464844	0.2710166573524475	0.52046138048172	0.8248772621154785	0.6284468770027161	0.3551669716835022	0.40354442596435547	0.5796726942062378	0.12911869585514069	0.6405078172683716	0.6314138174057007	0.2619285583496094	1.1019518375396729	0.8868891596794128	0.33330097794532776	0.710820734500885	0.4825306832790375	0.2521970570087433	0.40923717617988586	0.439797580242157	0.2601640522480011	0.6208574175834656	0.6510670781135559	0.6970446109771729	0.5307503938674927	0.060237038880586624	0.794085681438446	0.507844865322113	0.5070951581001282	0.14037708938121796	0.4862478971481323	0.3154529929161072	0.9931766390800476	0.5041114687919617	0.5260961651802063	0.4502559304237366	0.6062664985656738	0.2964527904987335	0.7722339630126953	0.4560888409614563	0.2876768112182617	0.04360499978065491	0.736293375492096	0.5825502872467041	0.5161880850791931	0.39674556255340576	0.5278748869895935	0.3152756094932556	0.260608971118927	0.30501309037208557	0.7451860904693604	0.6039185523986816	1.0634448528289795	0.7550840377807617	0.4139082431793213	0.5088569521903992	0.6091389060020447	0.8829919695854187	0.2206920087337494	0.589751124382019	0.12796087563037872	0.5048131942749023	0.5754798650741577	0.5771474838256836	0.9630818963050842	0.5524975657463074	0.481406033039093	0.42198431491851807	0.6571328043937683	0.573935866355896	0.4116564989089966	0.5905490517616272	0.7480109930038452	1.524420976638794	0.5403884649276733	0.38384774327278137	0.745854377746582	0.5591087937355042	0.5613020062446594	0.2142678201198578	0.32371243834495544	0.7586244344711304	0.9778648018836975	0.29760900139808655	1.0286755561828613	0.3477139174938202	0.6122795939445496	0.5175415277481079	0.4743537902832031	0.5116445422172546	0.2678917348384857	0.8084698915481567	0.3096754848957062	0.3196175992488861	0.22576133906841278	0.27209198474884033	0.45809808373451233	0.356943279504776	0.5874423980712891	0.3627872169017792	0.19268427789211273	0.13919603824615479	0.45862966775894165	0.6769377589225769	1.274930477142334	0.6503280401229858	0.4280439019203186	0.17495197057724	0.383493036031723	0.5348450541496277	0.8670509457588196	0.41711556911468506	0.48525270819664	0.6186779737472534	0.3832288980484009	0.7666770815849304	0.5229265093803406	0.43504542112350464	1.0580170154571533	0.509253978729248	0.5815357565879822	0.4886980950832367	0.399726003408432	0.7214089632034302	0.2141212522983551	0.24024701118469238	0.48351016640663147	0.5871044397354126	0.5008767247200012	0.3615420460700989	0.2999955415725708	0.3925129473209381	1.091710090637207	0.41223204135894775	0.5751029849052429	0.42056530714035034	0.6490712761878967	0.36956217885017395	0.3161272406578064	0.14879091084003448	0.18051095306873322	0.521452009677887	1.006578803062439	0.11785814166069031	0.3661916255950928	0.4978638291358948	0.6675053834915161	0.7498713135719299	1.0340776443481445	0.7987321615219116	0.6067526340484619	0.5671869516372681	1.1594358682632446	0.5869143605232239	0.091253861784935	0.7553949356079102	1.242221713066101	0.25671201944351196	0.41040581464767456	0.2048739641904831	0.37487903237342834	0.7438888549804688	0.2510252296924591	1.1223469972610474	0.2742936909198761	0.5328155755996704	0.3479674160480499	1.454890251159668	0.6985899209976196	0.4786442816257477	0.20629440248012543	0.5128005743026733	0.9934780597686768	0.9563259482383728	0.6411869525909424	0.7777432203292847	1.4244024753570557	0.257637083530426	0.5832462906837463	0.2538090944290161	0.24127963185310364	0.374216228723526	0.3164723813533783	1.110317349433899	0.2906038165092468	0.2068360447883606	0.39295339584350586	0.4698757827281952	0.25688499212265015	0.74917072057724	0.6724982261657715	0.21781492233276367	0.09919596463441849	0.5102218985557556	0.5105922222137451	0.7392411828041077	0.17060181498527527	0.5099388360977173	0.38200652599334717	0.1482391059398651	0.24468109011650085	1.2488259077072144	0.7744105458259583	1.0230295658111572	0.45128270983695984	0.3538616895675659	0.4766872525215149	0.3797611594200134	0.10068699717521667	0.30204662680625916	0.5113347768783569	0.3441730737686157	0.1643105447292328	0.533670961856842	0.6878935098648071	1.1812260150909424	0.25195997953414917	0.4004659056663513	0.5147420167922974	0.32843002676963806	0.782133936882019	0.2816287875175476	0.7123084664344788	0.3541460931301117	0.2670438885688782	0.6366173028945923	0.4765407145023346	0.6475136280059814	0.5109996795654297	0.17515531182289124	0.309478759765625	0.8854366540908813	0.3786267042160034	0.47569531202316284	0.5406498312950134	0.807965874671936	0.3301778733730316	0.5592854022979736	0.2986655831336975	1.0784246921539307	0.33002591133117676	0.3382638692855835	1.0012402534484863	0.4809113144874573	0.5322862863540649	0.8395136594772339	0.48114776611328125	0.154898002743721	0.42959165573120117	0.6767516732215881	0.9532885551452637	0.5615218281745911	0.652923047542572	0.32595497369766235	0.5560701489448547	0.7974379658699036	0.7721245288848877	1.5428180694580078	0.4560635983943939	0.3682512640953064	0.6722699403762817	0.37952959537506104	0.05332323536276817	0.6345307230949402	0.24722245335578918	0.8163942098617554	0.23339521884918213	0.4999415874481201	0.4782051146030426	0.7548435926437378	0.4669328033924103	0.8573915362358093	0.6592485904693604	0.27775898575782776	0.4787638187408447	0.7049932479858398	0.3498135209083557	0.15099456906318665	0.4885176718235016	0.07885950803756714	0.3760334253311157	0.7216988801956177	1.448451042175293	0.7352713346481323	0.3197258412837982	0.537645697593689	0.6961358189582825	0.7807455658912659	0.6203231811523438	0.8129510283470154	0.5095221996307373	0.4162924289703369	0.25829362869262695	0.3114778995513916	0.4547761082649231	0.16545075178146362	0.3655546009540558	0.6836535930633545	0.9803191423416138	0.13812021911144257	0.44763579964637756	0.47536829113960266	0.5168696045875549	0.3398931324481964	0.9551236033439636	0.7388296127319336	0.3540247976779938	0.2058398723602295	0.14774663746356964	0.31305187940597534	1.1493760347366333	1.0514090061187744	0.28139105439186096	0.6890524625778198	0.6795636415481567	0.5714676976203918	0.8921622633934021	0.6161138415336609	1.3374160528182983	0.7643530964851379	0.7213432192802429	0.722379207611084	0.8981593251228333	0.612833559513092	0.6277960538864136	0.3657137453556061	0.3384515643119812	0.7873796820640564	0.2839079201221466	0.4292893707752228	0.9126686453819275	0.29432544112205505	0.6494900584220886	0.7806395292282104	0.20334817469120026	0.13325008749961853	0.4033423066139221	0.4159289598464966	1.033780813217163	0.23604071140289307	0.37133267521858215	0.3482334017753601	0.2413879632949829	0.5722493529319763	0.5946751832962036	0.13745266199111938	0.6191242933273315	0.5234100818634033	0.6368816494941711	0.4857441484928131	0.3241065740585327	0.5260991454124451	0.567880392074585	0.3800768256187439	0.27190348505973816	0.5808116793632507	0.4820171296596527	0.3844294846057892	0.24126090109348297	0.4086039960384369	1.1182979345321655	0.5031641125679016	0.5260854959487915	0.4202321171760559	0.6277514696121216	0.5725465416908264	1.1782559156417847	0.39152705669403076	0.46121683716773987	0.7079252600669861	0.36078715324401855	0.6679744124412537	0.3065350353717804	0.42963942885398865	0.5383132100105286	0.2324163168668747	0.768841028213501	0.65024334192276	0.3622044324874878	0.4756878614425659	0.386529803276062	0.657467782497406	0.36721137166023254	0.7284271717071533	1.0497159957885742	0.41039666533470154	0.580507755279541	0.4490582346916199	0.2795794904232025	0.5765455365180969	0.31141695380210876	0.8730230331420898	0.8267223834991455	0.3941667973995209	0.5041182637214661	0.26851075887680054	0.26249465346336365	0.20813167095184326	0.4831179678440094	0.961920976638794	0.3334476947784424	0.9325312376022339	0.4579910933971405	0.2845242917537689	0.5501609444618225	0.38324105739593506	0.5762835144996643	0.4099246561527252	0.43037742376327515	0.8452025651931763	0.8957683444023132	0.7784301042556763	0.6460545659065247	0.44483083486557007	0.6757285594940186	0.5230198502540588	0.10432189702987671	0.870058000087738	0.639381468296051	0.7046152949333191	0.4197279214859009	0.6226748824119568	0.607744038105011	0.7253101468086243	0.18011869490146637	0.31414398550987244	1.0912251472473145	0.6615703701972961	0.21304260194301605	0.6509183645248413	0.1702132225036621	0.256575345993042	0.2875960171222687	0.5190427303314209	0.5577900409698486	0.6406330466270447	0.3918745517730713	0.0	0.2876512408256531	0.34128761291503906	0.6784144639968872	0.9160741567611694	0.1139671579003334	0.5356487035751343	0.15847395360469818	0.6181957721710205	0.3132439851760864	0.6165432929992676	0.24565908312797546	0.4647011160850525	0.8142960071563721	0.6038164496421814	0.5187510848045349	0.22364085912704468	0.647843062877655	0.8030130863189697	0.8919477462768555	0.3355753719806671	0.40057459473609924	0.857975423336029	0.38571882247924805	0.43621906638145447	0.5129556655883789	0.21540389955043793	1.4905507564544678	1.0904477834701538	0.27651068568229675	0.7432160377502441	1.324469804763794	0.9801382422447205	0.5369345545768738	0.2758030593395233	0.640342652797699	0.5582919120788574	0.5356969833374023	0.6879169940948486	0.273107647895813	0.8925743699073792	0.38207176327705383	0.4082108736038208	0.5038913488388062	0.20019708573818207	0.5637539625167847	0.2592402398586273	0.14137379825115204	0.680497944355011	0.9570412039756775	0.3877577483654022	0.5919171571731567	0.36469900608062744	0.3066944479942322	0.22554609179496765	0.31356409192085266	1.0944650173187256	0.9148754477500916	0.6920665502548218	0.7068560123443604	0.5978248119354248	0.37537163496017456	0.4337434470653534	0.18338195979595184
1.526757836341858	0.8467168211936951	0.45385196805000305	0.0	0.7848905920982361	0.3970954716205597	0.7584009170532227	0.6047052145004272	0.051501769572496414	0.11502307653427124	1.0845668315887451	0.43367838859558105	0.8848280906677246	0.23536190390586853	0.25823312997817993	0.6230198740959167	0.17545479536056519	0.24842382967472076	0.5416803956031799	0.17806626856327057	0.27477046847343445	0.39692622423171997	0.7441443800926208	0.6222798824310303	0.5285559296607971	0.7425045371055603	0.7813475728034973	0.8944364190101624	0.37585580348968506	0.678919792175293	0.9264836311340332	0.421818345785141	0.8919144868850708	0.21582813560962677	0.42514798045158386	0.5171989798545837	0.30103451013565063	0.14979344606399536	0.7375929951667786	0.47880586981773376	0.2743874192237854	1.7490415573120117	0.5836271047592163	0.6447147727012634	0.3306446671485901	0.824360728263855	0.5633811354637146	0.12751512229442596	0.4092091917991638	0.39330628514289856	1.100572943687439	0.42288923263549805	0.5328189134597778	0.32085514068603516	0.6704769730567932	0.37481629848480225	0.5825549960136414	0.9543313980102539	0.3018583655357361	0.46610569953918457	0.3801385760307312	0.8012415170669556	0.18833738565444946	0.7405131459236145	0.6773837208747864	0.6648980975151062	0.6004458665847778	0.1449313759803772	0.36156466603279114	0.6298292875289917	0.25044360756874084	0.1316382884979248	1.2529067993164062	0.8730267286300659	0.35273435711860657	0.43937671184539795	0.3872048854827881	0.33945131301879883	0.6592043042182922	0.5810841917991638	0.36883416771888733	0.9735894799232483	0.5664057731628418	0.34437328577041626	0.8312343955039978	0.20753520727157593	0.8346679210662842	0.4807972311973572	0.8430294394493103	0.23906077444553375	0.3881146311759949	0.5862231254577637	0.2662251591682434	0.47022029757499695	0.3246890902519226	0.7405974864959717	0.9980777502059937	0.2923823297023773	0.436428964138031	0.8103036880493164	0.1405409872531891	0.7645100355148315	0.7490190863609314	0.27528759837150574	0.28500521183013916	1.0565979480743408	0.884186863899231	0.1122237890958786	1.3981400728225708	0.2931436598300934	0.5840440392494202	0.5479493737220764	1.0873799324035645	0.3506856858730316	0.2189909815788269	0.45384958386421204	0.36650198698043823	0.8325551152229309	0.5288795828819275	0.9965764880180359	0.9014814496040344	0.1767313927412033	1.2386581897735596	0.6306936144828796	1.266081690788269	0.28351840376853943	0.3271006643772125	0.7946561574935913	0.4913097321987152	1.299265742301941	0.268703818321228	0.48650649189949036	0.42634496092796326	0.243338942527771	0.3952963054180145	0.31790220737457275	0.45520827174186707	0.28132593631744385	0.2996997833251953	0.41178521513938904	0.5198841691017151	0.08345288038253784	0.24980635941028595	0.26873528957366943	0.8337386846542358	1.3894016742706299	1.491342544555664	0.8008853793144226	0.7655426263809204	0.9101101160049438	0.41761210560798645	0.31977158784866333	0.15659040212631226	1.0403144359588623	0.3574163317680359	0.4928954839706421	0.500245988368988	0.3671078681945801	0.394610196352005	0.19146840274333954	1.0504839420318604	0.7317306399345398	0.4602535367012024	0.38322052359580994	0.5801003575325012	0.3303598165512085	0.390377014875412	0.12153950333595276	1.724621057510376	1.1195476055145264	0.7626943588256836	0.5550042390823364	0.5420151948928833	1.097752332687378	0.3607858717441559	0.22651749849319458	0.5680486559867859	0.7451444864273071	0.08386178314685822	0.3416767418384552	0.4426560401916504	0.7341164350509644	0.23338378965854645	0.5264067053794861	0.4531421959400177	0.259082168340683	0.3321375846862793	0.2089715301990509	1.3444576263427734	0.4253558814525604	0.5244925022125244	0.30754005908966064	0.3144218921661377	0.28378069400787354	0.6118556261062622	1.1845530271530151	0.6537447571754456	0.2417488396167755	0.7866342067718506	0.8559206128120422	0.4029630422592163	0.8106895685195923	0.6734113693237305	0.598514974117279	0.415138840675354	0.6966397166252136	0.6144851446151733	0.602279543876648	0.19738554954528809	0.5903429985046387	0.37918296456336975	0.5269997119903564	0.37522566318511963	0.5869985222816467	0.7032282948493958	0.780897855758667	0.6032019257545471	0.14668463170528412	0.532879650592804	0.264388769865036	0.5864770412445068	0.4604628086090088	0.27880004048347473	0.628894031047821	0.4300796389579773	0.226978600025177	0.7470938563346863	0.6030534505844116	0.25828760862350464	1.227632761001587	0.5587902069091797	0.40401941537857056	0.2189238965511322	0.7777951955795288	0.4367859363555908	0.569176971912384	0.20272517204284668	0.6482087969779968	0.4280983805656433	0.4376118779182434	0.4005696773529053	0.40027177333831787	0.41314420104026794	0.47141698002815247	0.5789257884025574	0.30583521723747253	0.6710348725318909	0.5897408723831177	0.4250333309173584	0.40674889087677	0.836127519607544	1.221399188041687	0.5339593291282654	0.2919831871986389	0.4566228687763214	0.7869066596031189	0.2591042220592499	0.6728740334510803	1.5201910734176636	0.3468015491962433	0.8517031669616699	1.2367639541625977	0.3096282482147217	0.6956811547279358	0.8456627130508423	0.2041313350200653	0.5560423135757446	0.3444836735725403	0.46642786264419556	0.34906405210494995	0.36429423093795776	1.085415244102478	0.9425544142723083	0.5803707242012024	0.24992983043193817	0.2581401765346527	0.8592467904090881	0.49451231956481934	0.328525573015213	0.44940635561943054	0.5533902049064636	0.7149004936218262	0.6878374218940735	0.23560622334480286	0.5555977821350098	0.5195602178573608	0.336874783039093	0.7541967630386353	1.321944236755371	0.5003994703292847	0.603161096572876	0.2882883846759796	0.35594141483306885	0.15181587636470795	0.6655343770980835	1.622552514076233	0.9464779496192932	0.5663976073265076	0.4995858073234558	0.41570329666137695	0.39143192768096924	0.575406551361084	1.2915937900543213	0.4115886092185974	0.3401588797569275	0.19991403818130493	0.19854536652565002	1.2489509582519531	0.4480006694793701	0.3501027226448059	0.6189086437225342	0.4948614537715912	0.4545612931251526	0.31222963333129883	0.1869737207889557	1.8410255908966064	0.29819151759147644	0.33249109983444214	0.5053206086158752	1.030596375465393	1.0269966125488281	0.7826260328292847	0.5061049461364746	0.4766502380371094	0.5569493174552917	0.3909251093864441	0.3802812695503235	0.5456087589263916	0.3957827091217041	0.8533620834350586	0.41673219203948975	0.407295286655426	0.22695167362689972	0.6261498928070068	0.10625980794429779	0.40224188566207886	1.0761587619781494	0.808898389339447	0.36090555787086487	0.8249725103378296	0.40661051869392395	0.5478959083557129	0.169865682721138	0.21495282649993896	0.5125017166137695	0.2006562054157257	0.49557623267173767	0.24078217148780823	0.45442548394203186	0.3087778091430664	0.2299567461013794	0.208372101187706	0.17885106801986694	0.7686913013458252	1.2973448038101196	0.2175012230873108	0.4682818055152893	0.5915694236755371	0.30981242656707764	0.7523852586746216	1.2681233882904053	0.3375759720802307	1.0046567916870117	0.2588159441947937	1.0839719772338867	0.9761164784431458	1.1279879808425903	0.7801913022994995	0.5932685136795044	0.1300371140241623	0.6969788670539856	0.43899044394493103	0.35517406463623047	0.45983338356018066	0.21304845809936523	0.3014177083969116	1.312940001487732	0.3900560438632965	1.1087719202041626	0.04767179489135742	0.6406024098396301	0.6474805474281311	0.8859724998474121	0.48781251907348633	0.5035995841026306	0.39649003744125366	0.4339044988155365	0.23774851858615875	0.46170079708099365	0.5066449642181396	0.4964692294597626	1.120521068572998	0.35390976071357727	1.5694563388824463	0.545855700969696	0.6495856642723083	0.5445698499679565	0.31280627846717834	1.7122328281402588	0.6217814683914185	0.2796802520751953	0.6941671967506409	0.7128130793571472	0.5505762696266174	0.13920243084430695	0.5513230562210083	0.43919864296913147	1.0716692209243774	0.7869358658790588	0.5056182146072388	1.6285861730575562	0.575312614440918	0.7071845531463623	0.3627663552761078	0.6256864666938782	0.18931277096271515	0.5221580862998962	0.35609787702560425	0.7130900621414185	0.6370071172714233	0.12000588327646255	0.6628148555755615	0.7471600770950317	0.47903358936309814	0.3430848717689514	0.47275233268737793	0.24462217092514038	0.34027889370918274	1.186292290687561	0.7830818891525269	0.09878088533878326	0.9280096888542175	0.6917448043823242	0.2390957772731781	0.2704566419124603	0.311759352684021	0.27572357654571533	0.3468952178955078	0.20721378922462463	0.39835602045059204	0.9602679014205933	0.7114182114601135	0.43407994508743286	0.30827516317367554	0.32405561208724976	0.7162744998931885	0.8420893549919128	0.7412512898445129	0.9242123961448669	0.4887353181838989	0.2065512239933014	0.2822684049606323	1.6298387050628662	0.8111292123794556	0.8099803924560547	0.1105651929974556	0.5780372619628906	0.3318904638290405	0.5700819492340088	0.20047152042388916	0.8380079865455627	0.4917217493057251	0.2756880223751068	1.1373810768127441	0.9466017484664917	0.9067760109901428	0.24175865948200226	0.19928845763206482	0.8779251575469971	1.2024319171905518	0.520034670829773	0.3586454391479492	0.6553071737289429	0.38677531480789185	0.7638458609580994	0.9487636089324951	0.5432482361793518	0.5059723854064941	0.13765466213226318	1.0700702667236328	0.575024425983429	0.38250893354415894	0.5441935062408447	0.6659466028213501	2.234767436981201	0.4309145212173462	0.7903051972389221	0.21184879541397095	0.9895987510681152	0.5083912014961243	0.759024977684021	0.19605742394924164	0.9711183905601501	0.773022472858429	0.6215969920158386	0.4800216555595398	0.5231454372406006	0.24208538234233856	0.46697062253952026	1.141461968421936	0.47395434975624084	0.4451999366283417	0.6050275564193726	0.16425582766532898	0.825408399105072	0.535892128944397	0.12950754165649414	0.6075769066810608	0.42988428473472595	0.2771068811416626	0.21131157875061035	0.275518536567688	0.6561582088470459	1.0882489681243896	0.26618528366088867	0.122427798807621	0.34710317850112915	0.9385470151901245	0.8993622064590454	0.24648065865039825	0.621420681476593	1.6174209117889404	0.7195227146148682	1.0121440887451172	0.2525881826877594	0.43991902470588684	0.7394797801971436	0.6191753149032593	0.8039678931236267	0.9830929636955261	0.0	0.3176536560058594	1.0553244352340698	0.14294956624507904	0.7104331254959106	0.42936477065086365	0.3881862461566925	0.07375720143318176	0.3489169478416443	0.451890230178833	0.747848391532898	0.33612024784088135	0.5462238192558289	0.6694735884666443	0.5146953463554382	0.960676908493042	0.9326674342155457	0.2685413658618927	1.204702615737915	0.862043559551239	0.044288817793130875	0.3900408148765564	0.11233946681022644	0.6423967480659485	0.3615555167198181	0.9271187782287598	0.8031385540962219	0.4937451183795929	0.8102174997329712	0.5184932947158813	0.5193600654602051	0.49670493602752686	0.4276881217956543	0.20775212347507477	1.233328938484192	0.41829344630241394	0.729312002658844	0.22569620609283447	0.4001060426235199	0.5907065272331238	1.1691491603851318	1.0617051124572754	0.0	1.383654236793518	0.356020450592041	0.3818715512752533	0.3307194411754608	0.3445359468460083	0.2291577160358429	0.292060911655426	0.44208091497421265	0.7056237459182739	0.43248236179351807	0.7240320444107056	0.5218953490257263	0.35177165269851685	0.31718096137046814	0.25862520933151245	0.14395828545093536	0.9521750807762146	0.5863468050956726	0.8447233438491821	0.7279581427574158	0.8168467283248901	0.25051987171173096	0.6964128017425537	0.9467393159866333	0.49634042382240295	0.8549863696098328	0.5417655110359192	0.6050261855125427	1.4122611284255981	0.31596502661705017	0.6688193082809448	1.4673501253128052	0.3078356087207794	0.7487684488296509	0.544630765914917	0.002788420068100095	1.1987659931182861	0.20461416244506836	0.5759233832359314	1.0280091762542725	0.9878292679786682	0.3070440888404846	0.01634196750819683	0.44949591159820557	0.40190383791923523	0.1710692048072815	0.5214987993240356	0.39600834250450134	0.6347041130065918	1.017817735671997	0.6406382322311401	0.8829256892204285	0.5748810172080994	0.2969275116920471	0.4702003002166748	0.954430103302002	0.36091870069503784	0.47659066319465637	0.19143614172935486	0.24153557419776917	0.46056148409843445	0.860315203666687	0.3055609166622162	0.8031708598136902	0.41247642040252686	0.2610760033130646	0.542898416519165	0.5032968521118164	0.20192815363407135	0.35637885332107544	0.7812637090682983	0.7346209287643433	0.7768942713737488	0.22798478603363037	0.8121135830879211	0.19611361622810364	0.48740318417549133	1.0250080823898315	0.320499986410141	0.5166007876396179	0.7351821660995483	0.3012927770614624	0.37973302602767944	0.5285519361495972	0.7971579432487488	0.933117151260376	0.2445492148399353	0.25918740034103394	0.4608459174633026	0.21335990726947784	0.5573949813842773	0.4297148883342743	0.5343894958496094	0.3241051733493805	1.072885274887085	0.8182171583175659	0.48703497648239136	0.28807497024536133	0.21858960390090942	0.2911418080329895	0.5092461109161377	0.6869063377380371	1.0700548887252808	0.0625033751130104	1.18008553981781	0.4069899320602417	0.24374499917030334	0.6683571338653564	0.3300897181034088	0.6957021951675415	0.6431975960731506	0.8778527975082397	0.5229775309562683	0.22203399240970612	0.4456633925437927	0.6831011176109314	0.3521844744682312	1.8906188011169434	0.504153311252594	1.3191713094711304	0.530868649482727	0.306973934173584	1.062538504600525	0.7807024121284485	0.7118514180183411	0.8215678334236145	0.6900657415390015	0.28147393465042114	0.4301523268222809	0.13917282223701477	0.3327525556087494	0.307640016078949	0.2658843994140625	0.2182898074388504	0.6975278258323669	0.19041551649570465	0.24544835090637207	0.3302646279335022	0.4631171226501465	0.470394104719162	0.36111870408058167	0.3996163606643677	0.7343341708183289	0.34836775064468384	0.43993446230888367	0.2910802960395813	0.921443521976471	0.5809735059738159	0.42318806052207947	0.5649219751358032	0.3015352487564087	0.6642325520515442	0.5883634686470032	0.20767223834991455	0.1440693438053131	0.029599014669656754	0.33670443296432495	0.3548060953617096	0.6473755836486816	0.21603676676750183	0.9459455013275146	0.47455650568008423	0.4622722268104553	0.463581919670105	0.40659764409065247	0.6099099516868591	0.3466237783432007	0.18661560118198395	0.42382028698921204	0.6903217434883118	0.8567649126052856	0.24557258188724518	0.7798820734024048	0.5401523113250732	0.7028403282165527	0.5238332748413086	0.3386916518211365	0.4381391108036041	0.39965933561325073	0.3816804587841034	0.17488425970077515	0.19323860108852386	0.8024358749389648	0.5466309189796448	0.1857486516237259	0.6795464754104614	1.2625007629394531	1.6965982913970947	0.22763696312904358	0.11111478507518768	0.6286092400550842	0.5029627084732056	0.3114464282989502	0.2161484807729721	0.38965487480163574	0.1996583342552185	0.5008214712142944	0.35529589653015137	1.1286218166351318	0.7086865305900574	0.8373068571090698	0.6169497966766357	0.5013806819915771	0.4946575164794922	0.29645752906799316	0.368818998336792	0.3095257878303528	1.0812779664993286	0.3477870225906372	0.8941404223442078	0.6144466996192932	0.10388364642858505	0.6744402050971985	0.27910810708999634	0.2782393991947174	0.382949560880661	0.46689730882644653	1.2060353755950928	0.34789547324180603	0.6511040925979614	0.6767446994781494	0.4581168293952942	0.5476649403572083	0.35953623056411743	1.048698902130127	0.25452882051467896	0.5012192726135254	0.7563218474388123	0.3043786883354187	1.597524881362915	0.15409637987613678	0.18064260482788086	1.1484452486038208	0.8054861426353455	0.7787139415740967	0.49436789751052856	0.5930107831954956	0.15025286376476288	0.5891048312187195	0.3145497143268585	0.48477691411972046	0.18862077593803406	0.42653530836105347	1.6216353178024292	0.46063339710235596	0.560970664024353	0.3312630355358124	0.40586623549461365	0.8039171695709229	0.4119894802570343	0.7265951633453369	0.9386976957321167	0.6318519711494446	1.6876718997955322	0.3053427040576935	0.23573684692382812	0.4889473021030426	0.3795184791088104	0.05248080566525459	0.539260983467102	0.3066719174385071	1.0830472707748413	0.4080369770526886	0.21961760520935059	0.29647913575172424	0.1397596001625061	0.9806890487670898	0.9215652942657471	0.3245832026004791	0.40627390146255493	0.4095494747161865	0.7568283081054688	0.4969339668750763	0.38215377926826477	0.4695807695388794	0.790981113910675	0.4493051767349243	0.46979963779449463	0.7117159366607666	0.33049529790878296	0.4990738034248352	0.9425362348556519	0.4119616448879242	0.27788257598876953	0.39865434169769287	0.942026674747467	0.18461541831493378	0.9841987490653992	0.17953357100486755	0.3898394703865051	0.2294221818447113	0.27188876271247864	0.2457057684659958	0.1619447022676468	0.22243231534957886	0.4334767162799835	1.1156272888183594	0.9782396554946899	0.9076529741287231	0.42590975761413574	0.3151414096355438	0.21411439776420593	0.9202199578285217	0.3928253948688507	0.5952953100204468	1.0010449886322021	0.2943052649497986	1.0308784246444702	0.41913682222366333	1.2226780652999878	0.8657519817352295	0.24440157413482666	0.6931532621383667	0.8071472644805908	0.3777085542678833	1.49238920211792	0.8078019618988037	0.8620933890342712	0.8574744462966919	0.5682511329650879	0.4148286283016205	0.6508476734161377	0.4146689474582672	0.18446949124336243	0.5984854102134705	1.008070945739746	0.5772988796234131	1.0259186029434204	0.1898847222328186	0.4508122205734253	0.3746929466724396	0.3263404071331024	0.3442656993865967	0.4518949091434479	0.5739246010780334	0.525643527507782	0.37861403822898865	0.33079829812049866	0.6425594687461853	0.2760111093521118	0.16599908471107483	0.4039079546928406	0.23006659746170044	0.19323250651359558	0.10063920170068741	0.2202242910861969	0.40587949752807617	0.905184268951416	0.6700615882873535	1.1968164443969727	0.30303290486335754	0.08738888800144196	0.5117153525352478	0.30051925778388977	0.43259483575820923	0.6667118668556213	0.5917860269546509	0.7756054997444153	0.16360795497894287	0.4762529730796814	0.3522630035877228	0.5995136499404907	0.28677523136138916	0.40233564376831055	0.2579987049102783	0.042739469558000565	0.8894389271736145	0.20585280656814575	0.9306749105453491	0.5011459589004517	0.246192067861557	0.1977798193693161	0.06721389293670654	0.8994060754776001	0.47801673412323	0.457305908203125	0.501708984375	1.6151243448257446	0.43863293528556824	1.0891419649124146	0.8358855843544006	0.338062584400177	0.4134535491466522	0.6734935641288757	0.28553152084350586	0.620864748954773	0.9057032465934753	0.19817601144313812	0.22591149806976318	0.5963150858879089	0.7461459040641785	0.2897527515888214	0.5634145140647888	0.5511829257011414	0.20424646139144897	1.7078317403793335	0.08384361863136292	0.41533663868904114	0.10622327029705048	0.47467923164367676	0.23196567595005035	0.5929108262062073	0.5052821040153503	0.8595596551895142	0.609362006187439	0.239899143576622	0.2541842460632324	0.659292995929718	0.49445921182632446	0.355118066072464	0.551753580570221	0.6508362293243408	0.3905062973499298	0.8501139879226685	0.9584811329841614	0.8374894857406616	1.1764310598373413	0.2997772693634033	1.358299732208252	0.994844913482666	0.6200497150421143	0.17747648060321808	0.4848751425743103	0.7934876680374146	0.7001224160194397	0.23900657892227173	0.24478977918624878	0.3081224262714386	0.6830690503120422	0.27611032128334045	0.6529479622840881	0.20194581151008606	0.2610873579978943	0.2863530218601227	0.25151166319847107	0.581839919090271	0.453734815120697	1.2018063068389893	0.19235454499721527	0.2624530494213104	0.5730206370353699	0.7034398913383484	0.7376866340637207	0.3320739269256592	1.156166434288025	0.4514419436454773	0.6508759260177612	0.6880218982696533	0.13789838552474976	0.2542458176612854	0.2593103349208832	0.2082955688238144	0.22921720147132874	0.2345731109380722	0.4665149748325348	0.7331047058105469	0.3943212628364563	0.09017341583967209	0.7708355784416199	1.1204334497451782	0.46811193227767944	0.8352554440498352	0.6437886953353882	0.4427466094493866	0.3964066505432129	0.4350466728210449	0.3117005228996277	0.7206541299819946	0.36310672760009766	0.477667897939682	0.6862519979476929	0.36722758412361145	0.5562564730644226	0.6006676554679871	0.14429648220539093	0.08549128472805023	1.240162968635559	0.49927377700805664	0.9159196615219116	0.1918420046567917	0.39242079854011536	0.6735810041427612	0.4971609115600586	0.7697877287864685	0.7748812437057495	0.27671173214912415	0.2789253294467926	0.8032262921333313	0.279545396566391	0.5675292015075684	0.5300928354263306	0.3371860384941101	0.7812339663505554	0.17598716914653778	0.5654597878456116	0.1307069957256317	0.9988738298416138	0.7653001546859741	0.3365013003349304	0.9945732951164246	0.4657388925552368	0.3746504783630371	1.3340002298355103	1.9830278158187866	0.3863101899623871	0.3122059404850006	0.5694723725318909	0.12001936882734299	0.32735753059387207	0.21279467642307281	0.9368727207183838	0.592709481716156	0.3142985701560974	0.9431214332580566	1.5143167972564697	0.7915655970573425	0.2755722105503082	0.26933953166007996	0.6472017168998718	0.6069188714027405	0.6062697768211365	0.6188795566558838	0.4089418947696686	0.8267463445663452	0.6680845022201538	0.34089788794517517	0.6831435561180115	0.8700549006462097	1.1741071939468384	1.186586856842041	1.741099238395691	0.10274937748908997	0.8701329827308655	0.2629111707210541	0.10064574331045151	0.56964510679245	0.5716441869735718	0.8217549920082092	0.7449201345443726	0.49890977144241333	0.40238529443740845	0.2684344947338104	0.45547500252723694	0.7978492379188538	0.42712199687957764	1.8096197843551636	1.0055347681045532	0.7965809106826782	0.14545327425003052	0.7057639360427856	0.3003414571285248	0.3750770390033722	0.3015352189540863	0.626567006111145	0.49344468116760254	0.4331011474132538	0.09616504609584808	0.1151907667517662	0.24670976400375366	0.08265276998281479	0.5363141894340515	0.4754534363746643	0.5104958415031433	0.22773154079914093	0.9854196310043335	0.19204723834991455	1.0732749700546265	0.364912748336792	0.6455551981925964	0.1673741638660431	0.7363629937171936	0.37539592385292053	0.27106764912605286	0.782199501991272	0.6883540153503418	0.2215356081724167	1.0614901781082153	0.39206165075302124	0.18672345578670502	0.306631475687027	0.5898170471191406	0.8246724009513855	0.37560877203941345	0.2966355085372925	1.7395148277282715	0.500078022480011	0.6010619401931763	0.3101383447647095	0.5567347407341003	0.5652746558189392	0.36157044768333435	0.6149851083755493	0.3391408920288086	0.6561147570610046	0.5350823402404785	0.6108865141868591	0.4022422730922699	0.5873267650604248	0.6579728722572327	0.8370409607887268	0.4467867910861969	1.189911961555481	0.744132936000824	0.2267608344554901	0.7209010124206543	0.6759265661239624	0.5406182408332825	1.0985254049301147	0.6844863295555115	0.23074549436569214	0.49310946464538574	0.30850502848625183	0.49323779344558716	0.8318015933036804	0.32910144329071045	0.3905335068702698	1.0473113059997559	0.24590927362442017	0.7210030555725098	0.5039257407188416	0.5920414924621582	0.5707895755767822	0.5327052474021912	0.7001664042472839	0.552432119846344	0.6089918613433838	0.42247653007507324	1.010737657546997	0.6166755557060242	0.7569857239723206	0.5282635688781738	0.5658574104309082	0.26844871044158936	0.49160656332969666	0.19443893432617188	0.47276338934898376	0.645302951335907	0.3893384635448456	0.3582952618598938	0.18863078951835632	1.278348684310913	0.3995612859725952	0.26600155234336853	0.3521418273448944	0.7029338479042053	0.8270120620727539	0.8714310526847839	0.35585862398147583	0.31764891743659973	0.42225125432014465	1.2660690546035767	0.5723487734794617	0.7890399694442749	0.9659945964813232	0.5257656574249268	0.36806774139404297	0.5450025796890259	0.4586695730686188	0.36129525303840637	0.32225507497787476	0.300616979598999	0.5369444489479065	0.3859822750091553	0.2206442654132843	0.4883136749267578	0.8736920356750488	1.1068001985549927	1.0460079908370972	0.28641465306282043	0.6944222450256348	0.8818906545639038	0.14093029499053955	0.40139755606651306	0.3116571605205536	0.4675672948360443	0.7115017175674438	1.1220483779907227	0.3045137822628021	1.0561723709106445	0.8760699033737183	0.428665429353714	0.5358907580375671	0.5081443190574646	0.48876243829727173	0.5711469054222107	0.27014121413230896	0.7338321805000305	0.7298262119293213	0.3627496361732483	0.675418496131897	0.13688074052333832	0.7279328107833862	0.14169837534427643	0.3780025839805603	0.6320547461509705	0.19731907546520233	0.352547824382782	0.7547734975814819	0.5873722434043884	0.5890557765960693	0.3294367790222168	0.9627538323402405	0.9329392313957214	0.42706215381622314	0.2320879101753235	0.2771095335483551	0.5986778736114502	0.3201976716518402	0.2566014230251312	0.26064205169677734	0.41813647747039795	0.43626320362091064	0.19137708842754364	0.7184741497039795	0.49561774730682373	0.5827385783195496	0.3424726724624634	0.8523542284965515	0.32343360781669617	0.19964563846588135	0.6810399293899536	0.9764918088912964	0.34068870544433594	0.6015968322753906	0.5526081323623657	0.1124429926276207	0.6588850617408752	0.3218142092227936	0.15635164082050323	0.5189207196235657	0.589057445526123	0.15873517096042633	0.49899357557296753	0.36854448914527893	0.2671888470649719	0.08858386427164078	0.5889241695404053	0.4779278039932251	0.17921537160873413	0.6143563985824585	1.6068012714385986	0.681627094745636	0.4140743017196655	0.3325861394405365	0.2020084112882614	0.3235894441604614	0.2857125699520111	0.8629159927368164	0.611649751663208	0.9185079336166382	0.282855749130249	0.39713144302368164	0.49557268619537354	0.3788440227508545	0.1562219262123108	0.28953802585601807	0.4421529471874237	0.2609681785106659	0.19235605001449585	1.2532343864440918	0.29014039039611816	0.45562100410461426	0.44358548521995544	0.397946834564209	0.4137951135635376	1.2142194509506226	0.3811798691749573	0.4427357316017151	0.44896364212036133	1.0916762351989746	0.6422793865203857	0.44334763288497925	0.2445107102394104	0.4436127841472626	0.9169748425483704	1.521462321281433	1.5405352115631104	1.0251892805099487	0.27915534377098083	0.3795970678329468	0.26138025522232056	0.3775452971458435	0.5024107694625854	1.0313334465026855	1.0954670906066895	0.6101244688034058	0.4534568190574646	1.0095947980880737	0.657017171382904	0.7488953471183777	0.2813699543476105	0.801794171333313	0.20306311547756195	0.3748236298561096	0.40397369861602783	1.3258541822433472	0.884574294090271	0.23923321068286896	0.5716387629508972	0.4477137327194214	0.43497517704963684	0.8978383541107178	0.6481534838676453	0.39812570810317993	0.313542902469635	0.2887532413005829	0.3997693657875061	0.30190250277519226	1.0500108003616333	1.430323839187622	0.08231989294290543	0.745938777923584	0.33362385630607605	0.5234208106994629	0.3757316768169403	0.3036724925041199	0.3816448748111725	0.5699539184570312	1.4305076599121094	0.5762611031532288	0.23049649596214294	0.8316286206245422	0.7199773192405701	0.38280194997787476	0.3223896026611328	0.37138593196868896	0.6514756083488464	1.4014562368392944	0.7914358973503113	0.5606226325035095	0.9662138819694519	1.1160091161727905	0.20239701867103577	0.1169586256146431	0.6499150395393372	0.21024677157402039	0.4659726023674011	1.3134610652923584	0.6176882386207581	0.49031680822372437	0.8436437845230103	0.24896851181983948	0.3390727639198303	0.5296969413757324	0.5809874534606934	0.3741060495376587	0.639214277267456	0.23145632445812225	0.1413457989692688	0.333844929933548	0.5082552433013916	0.32903000712394714	0.3737075924873352	0.29653555154800415	0.3457348942756653	0.45266470313072205	0.5623038411140442	0.23813891410827637	0.30234572291374207	0.36994510889053345	0.4540899693965912	0.4445526897907257	1.1604725122451782	0.43566960096359253	0.6030319929122925	0.9671467542648315	0.29262614250183105	0.9570609927177429	0.48932430148124695	1.1531720161437988	0.41769587993621826	0.23439982533454895	0.59537672996521	0.3662002980709076	1.1684223413467407	0.7564650177955627	0.8502645492553711	0.39552566409111023	0.8166760206222534	0.7890451550483704	0.39304494857788086	0.5974404811859131	0.5034666657447815	0.24183477461338043	0.5363421440124512	0.6787179112434387	0.43770256638526917	1.415751338005066	0.21573546528816223	1.2298338413238525	0.4663008749485016	0.605772078037262	1.008007526397705	0.5292009115219116	0.34771963953971863	0.2910254895687103	1.0469632148742676	0.7666932940483093	0.3219020366668701	0.2722005248069763	0.10597936064004898	0.34876054525375366	0.05600406602025032	0.5817506313323975	0.6787230968475342	0.32038745284080505	0.593094527721405	0.8935683369636536	0.41471630334854126	0.7394816875457764	0.6661727428436279	0.45513516664505005	0.0775667056441307	0.6402878165245056	1.6012357473373413	0.3166990876197815	0.1894567459821701	0.6776177287101746	1.3312227725982666	0.4318617284297943	0.323879599571228	0.9293262958526611	0.33548110723495483	1.2055463790893555	0.8605285882949829	0.5316219329833984	0.41590654850006104	0.35130950808525085	0.1670033484697342	1.0246248245239258	0.3880290389060974	0.30673518776893616	0.27442309260368347	0.27879318594932556	0.7923351526260376	0.8161868453025818	1.20037043094635	0.8193961381912231	0.6777064800262451	0.7165030241012573	0.5441832542419434	0.7259954810142517	0.3195270895957947	0.48346081376075745	0.8228026628494263	0.3464299738407135	0.3472030758857727	0.583848237991333	0.6183955073356628	0.7261468768119812	0.46789294481277466	0.41226011514663696	0.7229863405227661	0.6624168753623962	0.7166250348091125	0.3931562304496765	0.1431918889284134	0.7054421901702881	0.7556431293487549	0.6458629965782166	0.6873917579650879	0.312893807888031	0.12227245420217514	0.4738323986530304	0.46796494722366333	0.3018855154514313	0.5183724761009216	1.1081546545028687	0.3979909420013428	0.9500198364257812	0.6961639523506165	0.2543261647224426	1.1237999200820923	0.43680456280708313	1.3789806365966797	0.659282922744751	0.27186211943626404	1.0933541059494019	0.8192520141601562	0.4676072597503662	0.5532222390174866	0.599229097366333	0.21092502772808075	0.7483197450637817	0.973108172416687	0.343911737203598	1.0049033164978027	1.3994392156600952	0.5129032731056213	0.5847165584564209	0.49322637915611267	0.27137652039527893	0.44378823041915894	0.690765917301178	0.319174587726593	0.579088568687439	0.2845531702041626	1.012210488319397	0.30224424600601196	0.4032385051250458	0.49767231941223145	0.44461923837661743	0.5412262678146362	0.0	0.6579567790031433	0.35755959153175354	0.6645231246948242	0.5535687208175659	0.22956158220767975	0.1059589684009552	0.4666045904159546	0.24490654468536377	0.9462466239929199	0.34918922185897827	0.229461669921875	0.2821102440357208	0.5034986734390259	0.8052647709846497	1.342086672782898	0.6286406517028809	0.32445481419563293	0.23197011649608612	0.574003279209137	0.2281539887189865	0.5978423953056335	0.40423405170440674	0.9850226640701294	1.2481956481933594	0.4788733124732971	0.7336949706077576	0.5550069212913513	0.42992210388183594	0.23711515963077545	0.7696421146392822	0.2144896239042282	0.14775118231773376	1.1572356224060059	0.9108736515045166	0.6328893899917603	0.3677402436733246	0.6215972900390625	0.28980886936187744	0.4119594097137451	0.33713579177856445	0.07076982408761978	0.7307138442993164	0.6258761882781982	1.185797929763794	0.6751382350921631	0.0058421790599823	1.009555459022522	0.6703220009803772	0.49824264645576477	0.4700385332107544	0.7758609056472778	0.26262590289115906	0.861674427986145	0.16702836751937866	0.7042123079299927	0.3129993677139282	0.9099617600440979	0.5358211398124695	0.38992154598236084	0.3536525070667267	0.48138299584388733	0.7725651264190674	0.30360883474349976	0.3481473922729492	0.4593477249145508	0.4924882650375366	0.2486623376607895	0.208902969956398	0.4937440752983093	0.16387581825256348	0.23709478974342346	0.12457836419343948	0.2509242296218872	0.5899094343185425	1.3353441953659058	0.42023766040802	0.37458541989326477	0.27616921067237854	0.15799137949943542	1.3210656642913818	0.9119161367416382	0.4213534891605377	0.6581332683563232	0.5450238585472107	0.42941397428512573	0.24913297593593597	0.5970404744148254	0.631275475025177	0.8243769407272339	0.619354248046875	0.36881133913993835	0.7851046323776245	0.5466784834861755	0.7860576510429382	0.20340314507484436	0.2730739712715149	0.41566383838653564	0.5982910990715027	0.5180989503860474	0.5123715996742249	0.4683923125267029	0.5137656331062317	1.3496140241622925	0.36314693093299866	0.292603075504303	0.48882949352264404	0.7223163843154907	0.7229345440864563	0.5546004772186279	0.09333162009716034	0.28539445996284485	0.27304714918136597	0.713460385799408	0.4305126667022705	0.3191094398498535	0.24848338961601257	0.5918987393379211	0.3935514986515045	1.263608455657959	0.5801478028297424	0.9983617067337036	0.9692140221595764	0.9847089648246765	1.115317702293396	0.3324351906776428	0.45911896228790283	0.6239851713180542	0.35074058175086975	0.3480028510093689	0.359865665435791	0.4046233296394348	0.6250705122947693	0.6004194021224976	0.9826662540435791	0.19494089484214783	0.2284066081047058	0.2655339241027832	0.8151015043258667	0.2103891670703888	0.5440682172775269	0.3659784495830536	0.47011566162109375	0.25881677865982056	1.5969264507293701	0.6413261294364929	0.7534452080726624	1.717188835144043	0.1847517490386963	0.5907147526741028	0.2282540202140808	0.22942355275154114	0.6439956426620483	0.7676752805709839	1.57411527633667	0.49193066358566284	0.1833825707435608	0.19497719407081604	0.3440157473087311	0.3000238835811615	0.8486178517341614	0.5253875255584717	0.11088693886995316	0.21733857691287994	0.30784210562705994	0.31215402483940125	0.49635663628578186	0.28392523527145386	0.6474669575691223	0.28783294558525085	0.08382131904363632	0.34519103169441223	1.1854361295700073	0.9881275296211243	1.0934193134307861	0.49684852361679077	0.37899357080459595	0.5564492344856262	0.16366875171661377	0.20127266645431519	0.33042868971824646	0.3565199375152588	0.466259628534317	0.2065892219543457	0.6984278559684753	0.9107741713523865	1.410771131515503	0.5048038959503174	0.0924733430147171	0.8136008381843567	1.0826393365859985	0.8109996318817139	0.3489152193069458	1.1663562059402466	0.42442411184310913	0.2640542685985565	0.5777199864387512	0.7618117332458496	0.8528797626495361	0.6846036911010742	0.36022892594337463	0.6976296305656433	0.9232684969902039	0.22841903567314148	0.5709254145622253	0.5494720935821533	0.7473954558372498	0.32036322355270386	0.32775118947029114	0.6533380150794983	0.8839807510375977	0.0756160169839859	0.6289629936218262	0.7308565378189087	0.4677610695362091	0.7002436518669128	0.19302913546562195	0.6239822506904602	0.21847990155220032	0.9432452321052551	0.8287976980209351	0.09048870205879211	0.4680989980697632	0.9949769973754883	0.327923983335495	0.4323853850364685	0.3632155656814575	1.080753207206726	1.563985824584961	0.3199431300163269	0.5149698257446289	0.6288954019546509	0.5382526516914368	0.004802936688065529	0.12558646500110626	0.3828807473182678	0.42712515592575073	0.1480322629213333	0.3552315831184387	0.7207608819007874	0.5099934935569763	0.31129011511802673	0.44390949606895447	0.5012055039405823	0.13806210458278656	0.2670692205429077	0.6291650533676147	0.5201734900474548	0.2123696208000183	0.5066080689430237	0.20681259036064148	0.4351639747619629	0.5919501185417175	0.9855002760887146	0.49388083815574646	0.6411201357841492	0.5868891477584839	0.8236156702041626	0.704376220703125	0.7544028162956238	0.7403441667556763	0.8057676553726196	0.34708473086357117	0.39516764879226685	0.04896402731537819	0.36161234974861145	0.047252267599105835	0.38811153173446655	0.6418774127960205	0.8202124834060669	0.26588958501815796	0.4900425970554352	0.6393640637397766	0.8137204051017761	0.5525937676429749	0.6056891679763794	0.508895993232727	0.18529891967773438	0.32369157671928406	0.5133870840072632	0.020835040137171745	1.0464571714401245	1.5145714282989502	0.0012842854484915733	0.7079806923866272	0.7718953490257263	0.6360605955123901	0.19941198825836182	0.26676926016807556	0.474173367023468	0.8789002299308777	0.7505472302436829	0.4158868193626404	0.45443975925445557	0.6349079608917236	0.7227240800857544	0.5656884908676147	0.4076128602027893	1.2512391805648804	0.8077630400657654	0.5786923170089722	0.46888047456741333	0.6688335537910461	0.7128803730010986	0.627314567565918	0.46512025594711304	0.2392994612455368	0.24743303656578064	0.7188165783882141	0.795430064201355	0.20311062037944794	0.16880479454994202	0.2320561707019806	0.19236242771148682	0.3055669367313385	0.3769529461860657	0.19987480342388153	0.6117615103721619	0.3854207396507263	0.5883031487464905	0.5686736106872559	0.4212016761302948	0.3224494755268097	0.600525438785553	0.376409113407135	0.23972444236278534	0.7068828344345093	0.42490169405937195	0.1624559462070465	0.4357200264930725	0.3780630826950073	1.429530382156372	0.663918673992157	0.10032519698143005	1.1710988283157349	1.04747474193573	0.588556170463562	0.9281090497970581	0.8341361284255981	0.33311760425567627	0.7584556937217712	0.19007587432861328	0.8030482530593872	0.1658565104007721	0.5403479933738708	0.4481416344642639	0.4264669418334961	0.24733081459999084	0.580159068107605	0.16654394567012787	0.5915594100952148	0.5249221920967102	0.6317800283432007	0.17680823802947998	0.673931896686554	1.1435078382492065	0.704167366027832	0.9343712329864502	0.570193886756897	0.47453126311302185	0.33256596326828003	0.15669983625411987	0.585114061832428	0.3697003126144409	0.8622161149978638	0.44200003147125244	0.06342318654060364	1.0789650678634644	0.5943220853805542	0.13646146655082703	0.7370315194129944	0.32975059747695923	1.3357213735580444	0.20656633377075195	0.18104620277881622	0.3697139620780945	0.2184930294752121	0.31076133251190186	0.5051810145378113	0.6214072704315186	0.83417809009552	0.7821363806724548	0.11495138704776764	0.7407587170600891	0.05627075582742691	0.42278099060058594	0.5483829975128174	0.14371633529663086	0.8657634854316711	0.4104510545730591	0.9312404990196228	0.27806997299194336	0.45104682445526123	0.5701191425323486	0.7070907354354858	0.6344801187515259	0.24751067161560059	1.1813923120498657	0.3331807255744934	0.22232860326766968	0.8465960025787354	0.2823704183101654	0.05179069936275482	0.4657403230667114	0.9115033149719238	0.6156967282295227	0.28068608045578003	0.29715943336486816	0.025131363421678543	0.3320786952972412	0.3286781311035156	0.6044291853904724	1.3316805362701416	0.27662888169288635	0.39688920974731445	0.22676783800125122	0.976048469543457	0.24480196833610535	0.5749132633209229	0.38326218724250793	0.2962018549442291	0.60679692029953	0.3930697441101074	0.2643361985683441	0.45314833521842957	0.5169587731361389	0.7443487644195557	0.42364609241485596	0.49849796295166016	0.5615362524986267	1.1834734678268433	0.39813655614852905	0.7566514611244202	0.5747862458229065	0.4685957729816437	0.7748299837112427	0.7990695238113403	0.17349813878536224	0.40526875853538513	0.9374262690544128	1.0554282665252686	0.42970967292785645	0.4752630889415741	0.4478743374347687	0.3972349464893341	0.5096874833106995	0.8122521638870239	0.4272015392780304	1.6608221530914307	0.187425896525383	0.7607059478759766	0.7899085879325867	0.19300095736980438	0.43972739577293396	0.3258601427078247	0.12502585351467133	0.7724176645278931	0.4698728919029236	0.23467740416526794	0.8250788450241089	0.8541168570518494	0.5331661701202393	0.41557377576828003	0.279583215713501	1.2785260677337646	0.2428993433713913	0.7440255880355835	0.39212656021118164	0.6829307675361633	0.6950974464416504	0.30573421716690063	0.47835659980773926
0.6524050235748291	0.4441859722137451	0.5897123217582703	0.7090959548950195	1.03806734085083	0.42336398363113403	0.2592560946941376	1.176071047782898	0.526289165019989	0.36285799741744995	0.9361565113067627	0.35077086091041565	0.9732092618942261	0.6364221572875977	0.42836102843284607	0.4840899407863617	0.3541122078895569	0.5551458597183228	0.17254753410816193	0.5642344355583191	0.962285578250885	0.4031718373298645	0.676882803440094	0.5891131162643433	0.42146414518356323	0.7338613867759705	1.0534248352050781	0.8103139996528625	0.7907469868659973	0.8926003575325012	0.1470356285572052	0.6855329275131226	0.4899289011955261	0.5747535824775696	0.22400258481502533	0.4278634190559387	0.2887674570083618	0.5159923434257507	0.9162917137145996	0.6560015082359314	0.42852476239204407	0.17935799062252045	0.37217578291893005	0.5952663421630859	0.2077028602361679	0.027024080976843834	0.3487817049026489	0.5398048162460327	0.6013765335083008	1.1466022729873657	0.15322452783584595	0.32275399565696716	0.35700154304504395	0.5489875674247742	1.0125194787979126	0.1807234287261963	0.24864062666893005	0.8277098536491394	0.6022369861602783	0.418977290391922	0.07138130068778992	0.17166495323181152	0.4899404048919678	0.7942308187484741	0.10748372972011566	0.6096673011779785	0.35129907727241516	0.3833109736442566	0.2067805379629135	0.5225304365158081	0.30590614676475525	0.36293694376945496	0.545612633228302	0.2996128499507904	0.5574175715446472	0.5989149808883667	0.14792142808437347	0.4512903690338135	0.5479187369346619	0.5526803731918335	0.7773491144180298	0.41478055715560913	0.3608138859272003	0.5448830723762512	0.5984961986541748	0.37748342752456665	0.6536593437194824	0.8283892869949341	0.21238958835601807	0.34343451261520386	0.4690946936607361	0.40401652455329895	0.1800919771194458	0.6481741070747375	0.3105374276638031	0.4685439169406891	0.7717607617378235	0.5997006297111511	0.5459902882575989	0.7100870609283447	0.5974879264831543	0.12074337899684906	0.1689682900905609	1.2273552417755127	0.5752916932106018	0.8252331018447876	0.5779302716255188	1.667169213294983	0.37517595291137695	0.43928632140159607	0.4860347807407379	1.3812918663024902	0.28999751806259155	0.29814615845680237	0.4371739327907562	0.3856022357940674	0.37938007712364197	0.797741174697876	0.6728838682174683	0.15906459093093872	0.17558908462524414	0.5713303089141846	0.0538199283182621	0.03131785988807678	0.054609522223472595	0.6595643758773804	0.1741250604391098	0.5764783620834351	1.0141867399215698	0.8898006677627563	0.1675950139760971	0.11794988811016083	0.3307592272758484	0.12526258826255798	0.3756190538406372	0.12863770127296448	0.4977099597454071	0.4771481454372406	0.3889833390712738	0.41307970881462097	0.2653410732746124	0.039713844656944275	1.4456340074539185	0.13998311758041382	0.4745851457118988	0.49338430166244507	0.19112321734428406	0.5085210800170898	1.069786787033081	0.4047662913799286	0.15527741611003876	0.20860297977924347	0.7510533928871155	0.05694965273141861	0.20216704905033112	0.5618813633918762	0.867773175239563	0.5240430235862732	0.28995391726493835	0.4613560438156128	0.18066959083080292	0.25626465678215027	0.2500183880329132	0.3128499686717987	0.32519739866256714	0.22299449145793915	0.04299019277095795	0.4138224124908447	0.15542380511760712	0.26724255084991455	0.4916452169418335	0.2200702279806137	0.44754377007484436	0.6718568205833435	0.5443782806396484	0.2576477825641632	0.3554774820804596	0.2651928663253784	0.47944873571395874	0.19619722664356232	0.3250751793384552	0.7678498029708862	0.28648120164871216	0.5640879273414612	0.4467746913433075	1.3246852159500122	0.7285153269767761	0.39329400658607483	1.0638705492019653	0.6628730893135071	0.2507222592830658	0.2978583574295044	0.7158886194229126	0.6723569631576538	0.317496657371521	0.0	0.42034462094306946	0.21660533547401428	0.9152902960777283	0.37328875064849854	0.6969707012176514	0.27501848340034485	0.3813389539718628	0.6301665306091309	0.6648303270339966	0.5284353494644165	0.9288209676742554	0.33715197443962097	0.8469786643981934	0.4498138427734375	0.38909631967544556	0.3519137501716614	0.11188627779483795	0.3844149708747864	0.41282299160957336	0.05315833538770676	0.9615483283996582	0.40496915578842163	0.47011253237724304	1.3063709735870361	0.1953740119934082	0.2578739821910858	0.4675229787826538	0.9561788439750671	0.5527306795120239	0.4484809637069702	0.19554272294044495	0.8049719333648682	0.5684848427772522	0.49614641070365906	0.4963931739330292	0.5681070685386658	0.39598700404167175	1.922107458114624	1.2481789588928223	0.23602628707885742	0.251980185508728	0.8546522855758667	0.5282818078994751	0.2058253437280655	0.2050241082906723	0.6739554405212402	1.9856460094451904	0.4142342805862427	0.7278945446014404	0.7043660283088684	0.6060999631881714	0.6889172792434692	0.27158844470977783	0.5153446197509766	1.7267377376556396	0.5322564840316772	1.049981951713562	0.5406803488731384	0.42791756987571716	0.9106316566467285	1.5784120559692383	0.130720853805542	1.1227099895477295	0.6897366046905518	0.19226020574569702	0.9774023294448853	0.2006778120994568	0.30240529775619507	0.9184566736221313	0.3373689651489258	0.32721757888793945	0.307094931602478	0.48873957991600037	0.40608343482017517	0.44397062063217163	0.5240234136581421	1.0869369506835938	0.24102231860160828	0.9237587451934814	0.3368573784828186	0.41282495856285095	0.7304815053939819	0.6049332618713379	1.1356173753738403	0.7133493423461914	1.346691370010376	0.5333866477012634	0.4331413209438324	0.4724729657173157	0.988615095615387	0.3760344088077545	0.6195841431617737	0.3301466107368469	0.20722463726997375	0.6183366775512695	0.3765207529067993	0.7755776047706604	0.27225470542907715	0.21619197726249695	0.5811106562614441	0.5991821885108948	0.2269299030303955	0.5023530721664429	0.13567619025707245	0.08639313280582428	0.34560427069664	0.48996469378471375	0.6678776741027832	0.7709519863128662	0.1923002302646637	0.5383328795433044	1.4745895862579346	0.5278916358947754	1.4259687662124634	0.3787481188774109	0.46178069710731506	0.2106136977672577	0.4821086525917053	0.6473876237869263	0.3023877441883087	0.442256897687912	1.197818398475647	0.2978847026824951	0.9867337346076965	0.5745137929916382	0.7638338208198547	0.4775444567203522	0.547796368598938	0.44617414474487305	0.4130055904388428	0.8241837620735168	0.006972014904022217	0.34217262268066406	0.39722055196762085	1.5152498483657837	0.27183300256729126	0.21804460883140564	0.3750934302806854	1.6947985887527466	0.1386670023202896	0.7556484937667847	0.9832059144973755	0.5621058940887451	0.624258279800415	0.24702563881874084	0.20954817533493042	0.32233601808547974	0.4054551422595978	0.3918881416320801	0.6769229173660278	0.5007579922676086	0.37403571605682373	1.1287853717803955	0.22224672138690948	0.6412807703018188	1.350367546081543	0.15164458751678467	0.5734557509422302	0.06286197900772095	0.16170962154865265	0.24116118252277374	0.45007339119911194	0.2782145142555237	0.5668631792068481	0.2572396397590637	0.22058194875717163	0.9586637020111084	0.2957419157028198	0.5036905407905579	0.09153519570827484	0.09570072591304779	0.9188880324363708	0.44278818368911743	0.28655654191970825	0.36769938468933105	0.8075056672096252	0.19349467754364014	1.1078745126724243	0.3937353193759918	0.26984018087387085	0.6824535131454468	0.608664333820343	0.7693409323692322	1.0688611268997192	0.19972564280033112	0.4896991550922394	0.6812430620193481	0.5841374397277832	0.4766335189342499	0.27405765652656555	0.3414594531059265	0.1027844175696373	0.3196595311164856	0.33965516090393066	0.32562488317489624	0.06770619750022888	0.8430948257446289	1.1653194427490234	0.023026570677757263	0.7863240838050842	0.4259510934352875	0.42759203910827637	0.26644834876060486	0.4358211159706116	0.6340408325195312	0.21781563758850098	0.31411436200141907	0.5340306758880615	0.6447712779045105	0.4189806580543518	0.38687101006507874	0.29687151312828064	0.16037918627262115	0.24890275299549103	0.3453303575515747	0.4433076083660126	0.8283668756484985	0.8254759907722473	0.7138290405273438	1.0097038745880127	0.5262584686279297	0.22710484266281128	0.46842464804649353	0.21469485759735107	0.49525272846221924	0.08071637153625488	0.9938756227493286	0.712941586971283	0.6366280913352966	0.7367669343948364	0.5455799102783203	0.7738789319992065	0.34025809168815613	0.41352197527885437	0.39307594299316406	0.12152101844549179	0.5477659702301025	0.9500173330307007	0.7194264531135559	0.7526746988296509	0.3884340226650238	0.7869487404823303	0.5448587536811829	0.06430237740278244	0.1466054916381836	0.6836725473403931	0.46946173906326294	0.8781396150588989	0.384403258562088	0.49711593985557556	1.2897578477859497	0.5055111646652222	0.5269152522087097	0.325558066368103	0.5742239952087402	0.4465961456298828	0.3456321358680725	0.47313809394836426	0.4426363706588745	0.3492960035800934	0.23944760859012604	0.6442598700523376	0.9950296878814697	0.3681618273258209	1.0957415103912354	0.4285789430141449	0.10259170085191727	0.551486611366272	0.21217526495456696	0.38102051615715027	0.9371626973152161	0.5570092797279358	0.3561365604400635	0.46076512336730957	0.9039911031723022	0.38424548506736755	0.4278087019920349	0.27637550234794617	0.08532749861478806	0.032747797667980194	1.2888219356536865	0.971812903881073	0.6312697529792786	0.6986433863639832	0.3902406394481659	0.21880030632019043	0.4259464144706726	0.6090302467346191	1.0959992408752441	0.470255970954895	0.3432685136795044	0.6959373950958252	0.7261959314346313	0.24365347623825073	0.28336623311042786	0.5025805830955505	0.692615270614624	0.4891052842140198	0.2798294723033905	0.46977511048316956	0.4727392792701721	0.47158658504486084	0.2403377741575241	0.5312135815620422	0.7155739068984985	0.1884816288948059	0.6829609870910645	0.41195133328437805	0.45385652780532837	0.32594960927963257	0.20433363318443298	0.10053016245365143	0.2910445034503937	0.4428880214691162	0.4464872479438782	0.6548948884010315	0.5632508397102356	1.0065083503723145	0.4736799895763397	0.4160110354423523	0.46363380551338196	0.0810486450791359	0.6175646781921387	0.33602815866470337	0.5847609639167786	0.22845107316970825	0.44301390647888184	1.1933077573776245	0.3523324728012085	0.24623483419418335	0.5677865743637085	0.24918928742408752	0.866073489189148	0.32460877299308777	1.0951942205429077	0.31876417994499207	0.36390894651412964	1.258342981338501	0.47309738397598267	0.4071187674999237	0.2987097501754761	0.8354927897453308	0.5257694721221924	0.43921956419944763	0.9250867366790771	0.36109817028045654	0.5799135565757751	0.9188517928123474	0.3596288561820984	0.7963312268257141	0.1977614164352417	0.28104427456855774	0.7645198106765747	0.592951774597168	0.9347010254859924	1.016813039779663	0.7779253721237183	0.5632262825965881	0.499178409576416	0.28951069712638855	0.6060001850128174	0.8118959665298462	0.41174572706222534	0.6146905422210693	0.2613236904144287	0.024874001741409302	0.24492689967155457	0.19997012615203857	0.26825380325317383	0.42821618914604187	0.09004586189985275	0.15755294263362885	0.8311861157417297	1.1986188888549805	0.8649616837501526	0.043678343296051025	0.6495631337165833	0.30114734172821045	0.5829101800918579	0.4622875452041626	0.05180106684565544	0.20906631648540497	0.6899768114089966	0.16717302799224854	0.9091588258743286	0.021341191604733467	0.0982731282711029	0.4714953303337097	0.39164090156555176	0.4458215534687042	0.33834144473075867	0.8704002499580383	0.5759930610656738	0.541713297367096	0.1878369152545929	0.1876070201396942	0.37514808773994446	0.38041049242019653	0.6268101930618286	0.48006191849708557	0.5465499758720398	0.7505334615707397	0.47683295607566833	0.3010943531990051	0.5646182894706726	0.8697180151939392	0.47882452607154846	0.15066686272621155	0.8974430561065674	0.796711802482605	0.33377373218536377	0.5914864540100098	0.7556058764457703	0.9421513080596924	0.09666264802217484	0.5025359988212585	0.33008527755737305	0.6109991073608398	0.5527893304824829	1.1036272048950195	0.21961389482021332	0.30876609683036804	0.48580479621887207	0.392371267080307	0.3210744857788086	0.48856014013290405	0.3148878216743469	0.8491362929344177	0.3559877276420593	0.32167431712150574	0.6116025447845459	1.263924241065979	0.8002340197563171	0.43990832567214966	0.5985151529312134	0.23041918873786926	0.05033799260854721	0.396045982837677	0.3111582398414612	0.33038270473480225	0.6688359379768372	1.1834940910339355	0.2709847390651703	0.25564104318618774	0.7428482174873352	0.44742104411125183	0.020979270339012146	0.4148172438144684	0.12242487072944641	0.4756925404071808	0.5196245908737183	0.17364130914211273	0.3213536739349365	0.4568413496017456	0.40068501234054565	0.32162660360336304	0.2340502142906189	0.6455891728401184	0.5601084232330322	0.6009575724601746	0.4385021924972534	0.46710067987442017	0.5021872520446777	0.24872921407222748	0.5518335700035095	0.41925492882728577	0.0938749834895134	0.26786336302757263	0.6609886288642883	1.0876390933990479	0.5414284467697144	0.3517928123474121	0.11345476657152176	0.5882335305213928	0.3545460104942322	0.37561261653900146	0.3112700581550598	0.5556991100311279	0.30278173089027405	0.18498048186302185	0.7442159652709961	1.1540913581848145	0.2114737629890442	0.3102354109287262	0.6764643788337708	0.286044716835022	0.6546918153762817	0.6605305671691895	0.2975425124168396	0.48178327083587646	0.5312759876251221	0.6805101037025452	0.01007142011076212	0.3967582583427429	0.32045644521713257	0.7473464608192444	0.4614606499671936	0.5447606444358826	0.1963895857334137	0.3678921163082123	0.37868455052375793	0.2110353708267212	0.33400559425354004	0.45897337794303894	0.8662459850311279	0.7208523750305176	0.42400598526000977	0.18080726265907288	0.4444584250450134	0.25344347953796387	0.7424378395080566	1.1369062662124634	0.7426139712333679	0.44724541902542114	0.8152282238006592	0.2698570489883423	1.1436711549758911	0.6282272338867188	0.3726505637168884	0.697048008441925	1.1368387937545776	0.41584450006484985	0.6937426328659058	0.017267942428588867	0.9931257963180542	0.6282525062561035	0.6005831956863403	0.4314636290073395	0.4801338315010071	1.0953474044799805	0.007202575448900461	0.35109809041023254	1.5702718496322632	0.48251938819885254	0.06306519359350204	0.30267244577407837	0.33324021100997925	0.9711113572120667	0.0	0.42126819491386414	0.25662389397621155	1.0504560470581055	0.6804885864257812	0.16615380346775055	0.5734413862228394	0.8443461060523987	0.4485853612422943	0.22680217027664185	0.47997480630874634	0.46762582659721375	0.4412303566932678	0.33849650621414185	0.7549887895584106	0.967878520488739	0.7027415633201599	0.3258844017982483	0.19719810783863068	0.10137695074081421	0.10912226885557175	0.33246752619743347	0.8846313953399658	0.2692136764526367	0.6590875387191772	0.2747472822666168	0.39988255500793457	0.5979071855545044	0.13829052448272705	0.4510238468647003	0.3568241596221924	0.2920081913471222	0.9442368745803833	0.37678369879722595	0.26543134450912476	0.09985382109880447	0.48935768008232117	0.7442810535430908	0.6336843371391296	0.20890921354293823	0.5734838247299194	0.2693062424659729	0.14549890160560608	0.3112758696079254	0.09847845137119293	0.40676820278167725	0.08924204111099243	1.095037817955017	0.23570196330547333	0.3453325033187866	0.48003941774368286	0.6663966774940491	0.3785293996334076	0.4894452691078186	0.5822655558586121	0.6813708543777466	0.6086372137069702	0.27152055501937866	0.33356717228889465	0.4210878014564514	0.9759841561317444	0.5646960139274597	0.6329063773155212	0.4701984226703644	0.13779129087924957	1.213425874710083	0.5774400234222412	0.717376172542572	0.5554209351539612	0.14706705510616302	0.4970012605190277	0.7636536955833435	0.32211506366729736	0.015472657978534698	0.25720977783203125	0.21786558628082275	0.5954862833023071	0.532098114490509	0.251989483833313	0.6467822194099426	0.6424365639686584	0.4721023738384247	0.1469179093837738	0.9662692546844482	0.5332498550415039	0.4422318637371063	0.6956614255905151	0.2982584536075592	0.3023737072944641	0.20530417561531067	0.3262414038181305	1.3055616617202759	0.6910286545753479	0.2277446687221527	0.9577916264533997	0.24115732312202454	0.6459534168243408	0.8247624039649963	0.09213893860578537	1.2185235023498535	0.3767155408859253	0.47028008103370667	0.6679519414901733	0.48778897523880005	0.5012398958206177	0.7706685066223145	0.5203647613525391	0.29245829582214355	0.27093666791915894	0.30634307861328125	0.9958102703094482	0.27445515990257263	0.272746205329895	1.261285662651062	0.07025716453790665	0.11226791143417358	0.3388758897781372	0.38644903898239136	0.5858561396598816	0.29555076360702515	0.9023926258087158	0.40926069021224976	0.5353955626487732	0.07073089480400085	0.11713341623544693	0.33587002754211426	0.4267425239086151	0.17773868143558502	0.18245859444141388	0.497485488653183	0.6857137084007263	0.3606770634651184	0.14493906497955322	0.2672519385814667	0.7711430191993713	0.814720869064331	0.337009459733963	0.062134966254234314	0.2636629641056061	0.8213051557540894	0.44442394375801086	0.4651484489440918	0.4997190535068512	0.16234716773033142	0.5868986248970032	0.25806477665901184	0.2919656038284302	0.8725765347480774	0.5767145156860352	0.5774058699607849	0.08747978508472443	0.8690510988235474	0.21044889092445374	0.4892323911190033	1.1142137050628662	0.20453935861587524	0.43519723415374756	0.6044050455093384	0.4485744833946228	0.3965264856815338	0.2767520248889923	0.47638246417045593	0.22813855111598969	0.5231983661651611	0.3725898861885071	0.22388556599617004	0.8758188486099243	0.3165830373764038	0.22540894150733948	0.28497517108917236	0.20210248231887817	1.1342666149139404	0.44489383697509766	0.15327012538909912	0.3873710036277771	0.17360666394233704	0.48412826657295227	0.6649272441864014	0.869682788848877	0.4554980397224426	0.9359594583511353	0.24535463750362396	0.6301701664924622	0.09548978507518768	0.18645794689655304	0.8681919574737549	0.5930787324905396	0.6816484928131104	0.8757039308547974	1.2993046045303345	0.7014097571372986	0.7327853441238403	0.34674468636512756	0.34087085723876953	0.21271567046642303	0.8332330584526062	0.8723140358924866	1.447750210762024	0.5208800435066223	1.1589468717575073	0.26874449849128723	0.28437867760658264	0.3723786175251007	0.3036673963069916	0.4564583897590637	0.24836862087249756	0.2754310667514801	0.2699647545814514	0.23204179108142853	0.1100241094827652	0.739104151725769	0.10921032726764679	0.33525365591049194	0.21666531264781952	0.5916728377342224	0.560153603553772	0.04345318675041199	0.6496842503547668	1.1222641468048096	0.5796239972114563	0.5124291777610779	0.3657834529876709	0.43664610385894775	0.23239248991012573	0.11084152013063431	0.7943839430809021	0.095081627368927	0.393354594707489	0.6132444143295288	0.20091530680656433	0.22383897006511688	0.7338817119598389	1.003530502319336	0.31177738308906555	0.27405110001564026	0.11514259874820709	0.5645275115966797	0.4113960862159729	0.5726193189620972	0.3301486074924469	0.6678905487060547	0.3338055908679962	0.6743485927581787	1.4045040607452393	0.33917397260665894	0.21263083815574646	1.5100173950195312	0.756025493144989	0.5803861618041992	0.528741180896759	0.8298496007919312	0.3618714213371277	0.1604856699705124	0.854280412197113	0.509913980960846	0.5629898309707642	0.6100019216537476	0.011043287813663483	0.5104132294654846	0.21211467683315277	1.2700287103652954	0.48936501145362854	0.7246413230895996	0.19935549795627594	0.663431704044342	0.3320281505584717	0.2769503891468048	0.5971899628639221	0.3911421597003937	0.26408395171165466	0.7677010893821716	0.2480473518371582	0.5698741674423218	0.5097722411155701	0.7857455611228943	0.2599128186702728	0.24485035240650177	0.7035670876502991	0.4700668156147003	0.6524714827537537	0.4245971143245697	0.5278205871582031	0.1525866985321045	0.6747440099716187	0.6189621090888977	0.3401239216327667	0.5979772806167603	1.219062328338623	0.48654842376708984	0.2964724004268646	0.5585815906524658	0.80179762840271	0.7029403448104858	0.5367014408111572	0.7738454937934875	0.555948793888092	1.0050095319747925	0.5162560939788818	0.6099624633789062	0.6587363481521606	0.9780406355857849	0.6800999045372009	0.22949402034282684	0.7311206459999084	0.3083590269088745	0.6713201403617859	0.4719846248626709	0.4981396496295929	1.134456753730774	0.5741577744483948	1.106343150138855	0.6651062965393066	1.0078670978546143	0.7279126048088074	0.25331398844718933	0.6108129620552063	0.17339204251766205	0.8189697861671448	0.6934893727302551	0.22253552079200745	0.23461562395095825	0.807677149772644	0.9815652370452881	0.8153931498527527	0.9840420484542847	0.20806638896465302	0.3377614915370941	0.5635517835617065	0.7887889742851257	0.16422618925571442	0.4944343864917755	0.6009120941162109	0.16483303904533386	0.4089338183403015	0.3681785464286804	0.471161425113678	0.37437868118286133	0.1348567008972168	0.2138831913471222	0.6928032040596008	0.5613121390342712	0.629481315612793	0.08242026716470718	0.7141551375389099	0.396436482667923	0.6750425100326538	0.22090886533260345	0.05198990926146507	1.4740960597991943	0.4060544967651367	0.5537034869194031	0.7508577108383179	0.4977412223815918	0.08759169280529022	0.7958850860595703	0.621802031993866	0.7953242659568787	0.6914499402046204	0.8241430521011353	0.5734946727752686	0.4280194640159607	0.32879123091697693	0.05473032221198082	0.18101072311401367	0.3282463252544403	0.18063580989837646	0.17838655412197113	0.4908131957054138	0.5742626190185547	0.13662146031856537	0.1504044085741043	1.0037236213684082	0.09726838767528534	1.0744497776031494	0.6239343881607056	0.7909073829650879	0.48223182559013367	0.5334032773971558	0.2847723960876465	1.3012895584106445	0.3876551687717438	0.23947596549987793	0.26450029015541077	0.42679697275161743	0.5873276591300964	0.5414390563964844	0.3186248242855072	1.159428358078003	0.3516928255558014	0.3791729211807251	0.40027719736099243	0.46491456031799316	0.5562355518341064	1.0476245880126953	0.16544890403747559	0.22444327175617218	0.6576334834098816	0.3109123706817627	1.311630368232727	0.46891486644744873	0.5303826332092285	0.4362433850765228	1.2125197649002075	0.8033706545829773	0.2815106213092804	0.885325014591217	0.1492963582277298	0.5492582321166992	0.35494667291641235	0.16376782953739166	0.5134919881820679	0.3608395755290985	0.18525923788547516	0.9853442907333374	0.3339543342590332	1.5377626419067383	0.26045751571655273	0.5748856067657471	0.6927056908607483	0.25496307015419006	0.46947383880615234	0.8474469184875488	0.4932030737400055	0.24667178094387054	0.28251025080680847	0.46906960010528564	1.0098302364349365	0.6668453812599182	0.3272034525871277	0.3955797255039215	0.1429918110370636	0.6253101229667664	0.04539769887924194	0.5068338513374329	0.18545518815517426	0.33954915404319763	0.40519845485687256	0.6321407556533813	1.0236196517944336	0.38871726393699646	0.5276095867156982	0.0	0.40075168013572693	0.12307694554328918	0.7964886426925659	1.2082130908966064	1.065226674079895	0.6249510645866394	0.1744461953639984	0.7671752572059631	0.14784884452819824	0.12028948962688446	0.2708684504032135	0.1111128181219101	0.28994643688201904	0.8247054815292358	0.6487597227096558	1.1310455799102783	0.2454686462879181	0.3019559681415558	0.42956793308258057	0.40663185715675354	0.2794826030731201	0.6309358477592468	0.7493512034416199	0.5438589453697205	0.1448117047548294	0.27618569135665894	0.405887633562088	0.8921089172363281	0.31783246994018555	0.4433603286743164	0.2983718514442444	0.8772616386413574	0.40978750586509705	0.6475746631622314	0.4949289858341217	0.8686919808387756	0.3681502640247345	0.08630549162626266	0.5400446057319641	0.9362741112709045	0.26746341586112976	0.1590638905763626	0.29471567273139954	0.1634402871131897	0.3058657944202423	0.5835356712341309	0.29783937335014343	0.913882851600647	0.3748043179512024	0.9666041731834412	0.40132179856300354	0.21152913570404053	0.7871706485748291	0.6775034070014954	0.4681020677089691	0.6131880283355713	0.21332646906375885	1.211244821548462	0.5677642822265625	1.142447829246521	0.34224438667297363	0.22018004953861237	0.9983338713645935	0.7238460779190063	0.20320774614810944	0.857509195804596	0.18403448164463043	0.4645739793777466	0.4810311496257782	0.4976275563240051	0.903617262840271	0.3666900098323822	0.39685580134391785	0.3217921555042267	0.7649800777435303	0.9215890169143677	0.4528053402900696	0.345846951007843	0.8074995279312134	0.3561539947986603	1.062642216682434	0.4351807236671448	0.35667380690574646	0.13633233308792114	0.2013370841741562	0.6112046837806702	0.5266807079315186	0.13171212375164032	0.3737056255340576	0.12150987982749939	0.7426022887229919	1.19948410987854	0.02560507319867611	0.2663511037826538	0.7079511284828186	0.41669490933418274	0.9374029636383057	0.9829030632972717	0.6228185892105103	0.5168245434761047	0.5310305953025818	0.41173720359802246	0.46885666251182556	0.806219220161438	0.2832116484642029	0.4044812321662903	0.2583653926849365	0.20075556635856628	0.08734937757253647	0.8146564364433289	0.636551558971405	0.54993736743927	0.4991123676300049	0.31640762090682983	0.3538844585418701	0.3263656795024872	0.40968257188796997	0.3543272316455841	0.3245236873626709	0.5632728338241577	1.1620922088623047	0.4207669198513031	0.1985776126384735	0.6653910875320435	0.2106695920228958	0.1936376839876175	0.9355232119560242	0.332753449678421	0.4969606101512909	0.635150671005249	0.6036093235015869	0.43692073225975037	0.2710978388786316	0.7995195388793945	0.44712552428245544	0.22067669034004211	0.4705072343349457	0.07765889167785645	0.09339111298322678	0.12319260090589523	0.3196812570095062	0.7466631531715393	0.45022252202033997	0.8572487235069275	0.6521663665771484	0.6694287061691284	0.07457714527845383	0.3450181782245636	0.6605285406112671	0.3211478292942047	1.0799078941345215	0.6606647372245789	0.47195008397102356	0.3490791618824005	0.43306460976600647	0.5393050312995911	0.7205230593681335	0.45236414670944214	0.8021236658096313	0.3643927574157715	0.4090225398540497	0.5087958574295044	0.3354074954986572	0.8695454001426697	0.3946410119533539	1.0989658832550049	1.6352957487106323	0.5567452311515808	0.33565881848335266	0.9527391791343689	0.8901925086975098	0.6838147044181824	0.012894365936517715	0.23182053864002228	0.2432073950767517	0.904555082321167	0.29311567544937134	0.3673965334892273	0.5495485067367554	0.5711628198623657	0.16650959849357605	0.4892086088657379	0.788175106048584	0.304970383644104	0.061484210193157196	0.1925276815891266	1.0647122859954834	0.8302377462387085	0.29068151116371155	0.4949932396411896	0.46324893832206726	0.21358656883239746	0.46237286925315857	0.13125959038734436	0.13718639314174652	0.5456202626228333	0.6142807006835938	0.6359363794326782	0.11101197451353073	0.5555217862129211	0.5790926218032837	0.4078071117401123	0.899555504322052	0.6459164619445801	0.13917633891105652	0.5331894159317017	0.4972265064716339	0.5747714042663574	0.38865023851394653	0.17774628102779388	0.48237472772598267	0.38347190618515015	0.3032345771789551	0.35848379135131836	0.5527691841125488	0.22105157375335693	0.20231641829013824	0.45927363634109497	0.17746800184249878	0.45961833000183105	0.30615514516830444	0.31033968925476074	0.5137128233909607	0.8296147584915161	0.007590455003082752	0.4513953924179077	0.22530756890773773	1.080428957939148	0.84639972448349	0.1683223992586136	0.461411714553833	0.3963914215564728	0.36264216899871826	0.30563434958457947	0.036850620061159134	0.2924575209617615	0.5337237119674683	0.18146711587905884	0.17958766222000122	0.7450968623161316	0.19896113872528076	0.6193758845329285	0.9137290120124817	0.3935723304748535	0.8055131435394287	0.1473390907049179	0.29238009452819824	1.1437888145446777	0.5544014573097229	0.20521235466003418	0.37629434466362	0.7717729210853577	0.2925816774368286	0.6404526829719543	0.14326798915863037	0.31964895129203796	0.6158156394958496	0.6006761789321899	0.3817695677280426	0.6047763228416443	0.563368558883667	0.9524738788604736	0.604659378528595	0.3956190049648285	0.554344117641449	1.082869529724121	0.1765088140964508	0.36252307891845703	1.3774713277816772	1.0860954523086548	0.41563352942466736	0.13509398698806763	0.11756572872400284	0.3127368092536926	0.5942661166191101	0.6194806098937988	0.3975704312324524	0.3325190544128418	0.7071831226348877	0.20210997760295868	0.7556949257850647	0.6077547669410706	0.2844173312187195	0.62119060754776	0.10525968670845032	0.4863440692424774	0.5584222078323364	0.348357230424881	0.6996189951896667	0.3175225853919983	0.32131829857826233	0.784430742263794	0.15246281027793884	1.2902512550354004	0.7006449699401855	0.12377429008483887	0.7033977508544922	0.524502158164978	0.6830804347991943	0.21033646166324615	0.3931901454925537	0.48451924324035645	0.8432719707489014	0.6122788786888123	0.9776057004928589	0.05166373401880264	0.08030527085065842	0.3896973729133606	0.9071518778800964	0.34964534640312195	0.14401862025260925	0.13226470351219177	1.04697847366333	0.2989698350429535	1.4175971746444702	0.5597930550575256	0.3164069354534149	0.46064069867134094	0.8504379987716675	0.32144373655319214	0.5336499214172363	0.9918772578239441	0.7076151967048645	0.7734373807907104	0.3832533061504364	1.6796001195907593	0.1452275514602661	0.335978239774704	0.39158695936203003	1.111951231956482	0.448217511177063	0.4818863868713379	0.5548743605613708	0.06453374773263931	0.5009475350379944	0.5319188833236694	0.021865762770175934	0.5420989990234375	1.190614938735962	0.5007778406143188	0.6989467144012451	0.451596736907959	0.523155152797699	0.7591668963432312	0.22969430685043335	0.3414272964000702	0.0007974507170729339	0.2053205817937851	0.5893163084983826	0.4323751926422119	0.43176567554473877	0.43446406722068787	0.8436757922172546	1.0107451677322388	0.11572501063346863	0.4060743451118469	0.5597988367080688	1.0439319610595703	0.5584077835083008	0.09166276454925537	0.5413877964019775	0.4405535161495209	1.0073050260543823	0.3839957118034363	0.5448369383811951	0.4683167338371277	0.7617853879928589	0.4248376190662384	0.346637099981308	0.6611431241035461	0.4607107937335968	1.54716956615448	0.3888521194458008	0.2679187059402466	0.1425686478614807	0.11819785088300705	0.1890489161014557	0.2819446921348572	0.8533468246459961	1.1021777391433716	0.3073742389678955	0.2375832200050354	0.42523545026779175	0.9772656559944153	0.13360595703125	0.4531884789466858	0.1745203286409378	1.119099497795105	0.32665276527404785	0.3058348596096039	0.32111749053001404	0.39965468645095825	0.23250433802604675	0.9019031524658203	0.45716145634651184	0.5427616238594055	0.32694199681282043	0.6023417711257935	0.2804219424724579	0.40424859523773193	1.3373117446899414	0.8549685478210449	0.5940002799034119	0.6592516303062439	0.5604737401008606	0.32814931869506836	0.6306200623512268	0.1982809603214264	0.39275652170181274	1.1039395332336426	0.29887479543685913	0.5134467482566833	0.29293152689933777	0.8307019472122192	0.45150429010391235	0.18658772110939026	0.3625520169734955	1.0670057535171509	0.5060645341873169	0.43824541568756104	0.19292113184928894	0.741638720035553	0.5642111301422119	0.7178131341934204	0.026785997673869133	0.33408981561660767	0.6844872832298279	0.8638513088226318	0.758745551109314	0.3036063313484192	0.3120851218700409	0.6015616059303284	0.5444388389587402	0.028309408575296402	0.6837518215179443	0.40799352526664734	0.4533882439136505	0.42837488651275635	0.8231356739997864	1.3666419982910156	0.5449995398521423	0.4034549593925476	0.1766456961631775	0.11409572511911392	1.0359660387039185	0.8169563412666321	1.2144989967346191	0.14992056787014008	0.3957514762878418	0.44790875911712646	0.1689549833536148	0.19005142152309418	0.43221569061279297	0.2921043634414673	0.24481719732284546	0.7669291496276855	0.6833217740058899	0.9175704717636108	0.6092675924301147	0.21754005551338196	0.23686383664608002	0.377975195646286	0.25925755500793457	0.3431197702884674	0.5446274876594543	0.16600413620471954	0.6269574761390686	0.1265636533498764	0.35385969281196594	1.135031819343567	0.2575731873512268	0.24800783395767212	0.7659672498703003	0.6592128276824951	0.3977493643760681	0.6034559011459351	0.4416195750236511	0.5164202451705933	0.19478410482406616	0.43677425384521484	0.7262161374092102	0.5134952068328857	0.5370296835899353	0.563852071762085	0.49048078060150146	0.452790766954422	0.9097639322280884	0.21806219220161438	0.5098972916603088	0.7247241139411926	0.23994994163513184	1.1918764114379883	0.8562949299812317	0.2945873439311981	0.4572299122810364	0.09596520662307739	0.2664237916469574	0.5093739032745361	0.6384071707725525	0.8015871047973633	0.3201230764389038	0.2971929609775543	0.40285614132881165	0.5770673751831055	1.5661643743515015	0.5693910717964172	0.33747127652168274	0.5043206214904785	0.6118960380554199	0.36920490860939026	0.11356767266988754	0.45184603333473206	0.8077938556671143	0.7308326363563538	0.7067334651947021	0.5865780115127563	0.977017879486084	0.284706175327301	1.2056186199188232	0.9668199419975281	0.8889867067337036	0.3789924681186676	0.36823397874832153	0.23215831816196442	0.12407641112804413	0.6026071906089783	0.6542019844055176	1.0365077257156372	0.2829534709453583	0.7171008586883545	1.0548131465911865	0.7216989398002625	0.22022977471351624	0.30893558263778687	0.5508965849876404	0.10644334554672241	0.7267075777053833	0.41163986921310425	0.869368851184845	0.6724581718444824	0.29163795709609985	0.8806062340736389	0.7874761819839478	0.6189702749252319	0.5282492637634277	0.3425482511520386	0.45300909876823425	1.048128366470337	0.13923674821853638	0.07357896119356155	0.30285659432411194	0.1494644582271576	0.37589430809020996	0.27927541732788086	1.3703815937042236	1.4460150003433228	0.3959507346153259	0.6494227647781372	0.4691941738128662	0.37480437755584717	0.5571690201759338	0.2320823222398758	0.18426431715488434	0.264528751373291	0.27940380573272705	0.6760921478271484	0.4339370131492615	0.06921224296092987	0.7270513772964478	0.5028983950614929	0.1890614628791809	1.5732007026672363	0.6734986305236816	0.4386354386806488	0.990932285785675	0.23595517873764038	0.7480549216270447	0.37849193811416626	1.2346560955047607	0.31114816665649414	0.7341530919075012	0.0022620754316449165	0.5839288234710693	0.3098723590373993	0.8578352332115173	0.1175609827041626	0.07819182425737381	0.3194831907749176	0.4602663516998291	0.28142622113227844	0.1243002861738205	0.37899795174598694	0.24765418469905853	0.39226752519607544	0.8543017506599426	0.4686933755874634	0.271045446395874	0.51473069190979	0.9747783541679382	0.39313530921936035	0.22899481654167175	0.7745088934898376	0.17807994782924652	0.13473618030548096	0.7201207876205444	1.5436514616012573	0.529789924621582	0.8866094946861267	0.5168479084968567	0.4514409303665161	0.651701033115387	0.7697606086730957	0.5045607089996338	0.18060621619224548	1.1575961112976074	0.5980708599090576	0.9743217825889587	0.4793199598789215	0.129672572016716	0.5254854559898376	0.8411266803741455	0.7127807140350342	0.3157070577144623	1.0450034141540527	0.48409783840179443	0.4421765208244324	0.2455575317144394	0.12557393312454224	0.21391601860523224	0.36240941286087036	0.5313015580177307	0.9766342043876648	0.6737922430038452	0.29552677273750305	0.367775022983551	0.36820662021636963	0.5820041298866272	0.5644663572311401	0.5093163251876831	0.2125793993473053	0.4328649044036865	0.27596500515937805	0.9622853398323059	0.03394423797726631	0.42592108249664307	0.8479901552200317	0.8617025017738342	0.41484612226486206	0.28038302063941956	0.15874071419239044	0.6230835318565369	0.4310638904571533	0.40324100852012634	0.15048541128635406	0.5694634318351746	1.0993235111236572	0.36308959126472473	0.5857082009315491	1.2953485250473022	0.7325038909912109	0.698136031627655	0.273613303899765	0.54703688621521	0.30391210317611694	0.06561823934316635	0.8449358344078064	0.5587455034255981	0.9189518094062805	0.4458651542663574	0.16577298939228058	0.3076057434082031	0.3363654315471649	0.339799165725708	0.3840465843677521	0.43073880672454834	0.27807745337486267	1.002116084098816	0.3361072838306427	0.6562690138816833	0.8486038446426392	0.23968201875686646	1.1949776411056519	0.1256147027015686	0.9662863612174988	0.4787639081478119	0.22918668389320374	0.6202295422554016	0.13644030690193176	0.7304327487945557	0.5047764182090759	0.7261496782302856	0.3420633375644684	0.6079010367393494	0.7664461135864258	0.16681073606014252	0.5062311887741089	0.7545185089111328	0.5000796318054199	0.5129460096359253	0.28161388635635376	0.1462048441171646	1.1207917928695679	0.2824368476867676	0.372320294380188	0.559618353843689	0.35543617606163025	0.4376031756401062	1.0423450469970703	0.3510000705718994	0.3730162978172302	0.22519274055957794	0.19459505379199982	0.5723780393600464	0.23238389194011688	0.5503727197647095	0.40025925636291504	0.7019095420837402	0.777757465839386	0.41189709305763245	0.6038845777511597	0.749000072479248	0.2419038861989975	0.6581084132194519	0.7420529127120972	0.47063034772872925	0.538529634475708	0.4315111041069031	0.6029836535453796	0.44033491611480713	0.8165240287780762	0.4179587960243225	0.15463119745254517	0.16101761162281036	0.45737165212631226	0.3181294798851013	1.0065596103668213	0.30310314893722534	0.3166707754135132	0.43023455142974854	0.2444676011800766	1.2117724418640137	1.0090234279632568	0.9909571409225464	0.7174428701400757	0.4768523871898651	0.996995210647583	0.48521625995635986	0.7342066764831543	0.5252188444137573	1.1917461156845093	0.052656564861536026	0.21506790816783905	0.6095184683799744	0.8719881772994995	0.4956815242767334	0.3613879084587097	0.44773247838020325	0.4221101403236389	0.372884601354599	0.19072800874710083	1.360846996307373	0.34546858072280884	0.7557358741760254	0.25798678398132324	0.2745591700077057	0.42986953258514404	0.5491015911102295	0.5770879983901978	0.31730175018310547	1.1809741258621216	0.0700649619102478	0.4201538860797882	0.7484124302864075	0.31322118639945984	0.578155517578125	0.24791890382766724	0.5644782185554504	0.5678611397743225	0.6076536178588867	0.5391555428504944	1.0317133665084839	0.7576967477798462	0.7278797030448914	1.2321186065673828	0.5591456294059753	0.2234743982553482	0.32724809646606445	0.16040876507759094	0.5846959948539734	0.6835712194442749	0.3483582139015198	0.16109153628349304	0.3147009313106537	0.5850709080696106	0.1756601333618164	0.25147387385368347	0.6673235297203064	0.2294795662164688	0.9375507235527039	0.059516698122024536	0.5522099733352661	0.27805301547050476	0.22600433230400085	0.4063577651977539	0.2590655982494354	0.3740277588367462	0.8817509412765503	0.22434422373771667	1.553734302520752	0.5035912394523621	0.2800987660884857	0.40841686725616455	0.1469508856534958	0.11631292849779129	0.3732787072658539	0.1845182478427887	0.44824326038360596	0.6029235124588013	0.5163164138793945	0.10758243501186371	0.4361118972301483	0.936932384967804	0.283338338136673	0.6176615357398987	0.32135167717933655	0.15571114420890808	0.3739449977874756	0.4231659471988678	0.25800469517707825	0.37697145342826843	0.1240929663181305	0.5289798378944397	0.6380466818809509	0.3065934479236603	0.9759676456451416	1.2842217683792114	0.3117400109767914	0.30913257598876953	0.8727552890777588	0.5081564784049988	0.316974401473999	0.5170423984527588	0.17828798294067383	0.19081994891166687	0.9673728942871094	0.5122950673103333	0.8458595871925354	0.3175273537635803	0.45673203468322754	0.10786888748407364	0.16635197401046753	0.7985566854476929	0.37711605429649353	0.2881794571876526	0.4063264727592468	0.6151894330978394	0.5121269822120667	0.4087587893009186	0.3431967496871948	0.17292417585849762	0.5778660774230957	0.5049153566360474	0.35197028517723083	0.6494613289833069	0.5828915238380432	1.148358941078186	0.7135518193244934	0.41637539863586426	0.6485852599143982	0.11043902486562729	0.5149679780006409	0.5426117777824402
1.0249347686767578	0.48763102293014526	0.6428158283233643	0.7878671288490295	1.0030035972595215	0.553188145160675	0.4437318742275238	0.8823410272598267	0.8012439608573914	0.2818344831466675	1.5099624395370483	0.2577219009399414	0.913423478603363	0.5462881326675415	0.35082390904426575	0.4764939844608307	0.5648550987243652	0.5609633326530457	0.48325520753860474	0.5632466673851013	0.6682792901992798	0.41256827116012573	0.5419180393218994	0.65230792760849	0.5698335766792297	0.8821943402290344	1.1094821691513062	0.5924572944641113	0.49175721406936646	0.25627031922340393	0.7423759698867798	0.37277859449386597	1.0395736694335938	0.5543382167816162	0.36703622341156006	0.4098552465438843	0.5289936661720276	0.694220244884491	0.44069209694862366	0.38114506006240845	0.3051239550113678	0.22567114233970642	0.17861053347587585	0.31733065843582153	0.26566705107688904	0.29706433415412903	0.23851287364959717	0.5456993579864502	0.5707117319107056	1.152174949645996	0.22794806957244873	0.48356109857559204	0.20948880910873413	0.2572503387928009	0.7772325277328491	0.16408200562000275	0.49872180819511414	1.2557562589645386	0.453689843416214	0.6378453969955444	0.3382423222064972	0.33081409335136414	0.67303466796875	0.6034244298934937	0.25323784351348877	0.5364148616790771	0.6901565790176392	0.2987876236438751	0.3415084779262543	0.4776270091533661	0.4128417372703552	0.24569803476333618	0.5945534706115723	0.5569171905517578	0.251446008682251	0.5583752989768982	0.20091576874256134	0.9262202978134155	1.1267879009246826	0.7882965207099915	1.0870798826217651	0.46762344241142273	0.6879012584686279	0.596638560295105	0.9015027284622192	0.45704227685928345	0.5697834491729736	1.022168517112732	0.32954883575439453	0.19034907221794128	0.726850688457489	0.5543677806854248	0.0800757110118866	0.8584929704666138	0.5857653021812439	0.42912766337394714	0.8176267743110657	0.3052310645580292	0.4606468081474304	0.8973343968391418	0.8569758534431458	0.527744710445404	0.2558250427246094	1.070420503616333	0.5321584939956665	0.6384428143501282	0.4637173116207123	1.8497697114944458	0.20564374327659607	0.4251510500907898	0.6802178621292114	1.0611557960510254	0.3447210192680359	0.3944457471370697	0.3189235031604767	0.46277397871017456	0.6855103373527527	1.1806501150131226	0.5474786162376404	0.18417857587337494	0.1646142601966858	0.3620252013206482	0.13586989045143127	0.13572686910629272	0.19515520334243774	0.5346354246139526	0.2811819911003113	0.34609493613243103	0.8370980024337769	0.935152530670166	0.3464966118335724	0.2703816592693329	0.3717149794101715	0.19825759530067444	0.45731163024902344	0.1700914204120636	0.9742496013641357	0.5362999439239502	0.431520015001297	0.17049703001976013	0.26437151432037354	0.2449333518743515	0.9703402519226074	0.10150709003210068	0.6815987229347229	0.2767586410045624	0.23439985513687134	0.5550810098648071	1.2794078588485718	0.3345951735973358	0.41066354513168335	0.3473100960254669	0.7144050598144531	0.0	0.2736634910106659	0.8633946180343628	0.6292518973350525	0.6216764450073242	0.3023277521133423	0.23184554278850555	0.30152520537376404	0.25849974155426025	0.42419472336769104	0.24803751707077026	0.30170997977256775	0.42163118720054626	0.40271633863449097	0.325214684009552	0.15331099927425385	0.28325584530830383	0.7430461645126343	0.5894438624382019	0.38093864917755127	0.7520818710327148	0.23779740929603577	0.17710290849208832	0.4111914038658142	0.225065678358078	0.5238271951675415	0.31130149960517883	0.5647125840187073	0.9179986715316772	0.35286280512809753	0.4521401822566986	0.7964907288551331	1.1693018674850464	0.5601980090141296	0.26132360100746155	1.0294119119644165	0.33861634135246277	0.7527186870574951	0.21847498416900635	0.4546866714954376	0.5298716425895691	0.24104957282543182	0.06627574563026428	0.3099762797355652	0.3098442554473877	0.6265042424201965	0.3007126748561859	0.7519423961639404	0.18032057583332062	0.699462354183197	0.43788909912109375	0.5359519720077515	0.1892549842596054	0.8779498338699341	0.8787481188774109	0.8697269558906555	0.1522807478904724	0.4899372458457947	0.32138657569885254	0.2513134777545929	0.5080936551094055	1.1350196599960327	0.25261637568473816	0.7915084958076477	0.3267456591129303	0.48311546444892883	0.9654357433319092	0.3019925355911255	0.3166680335998535	0.37559354305267334	0.8453673720359802	0.4595972001552582	0.31587275862693787	0.17992019653320312	0.5491428375244141	0.3277061879634857	0.39531105756759644	0.5210445523262024	0.4324558675289154	0.3985501229763031	1.3429633378982544	1.2679275274276733	0.4344980716705322	0.44678977131843567	0.6202839612960815	0.6439546942710876	0.17200982570648193	0.5508585572242737	0.5179811716079712	1.6311442852020264	0.5168499946594238	0.23584303259849548	0.7966018915176392	0.9699586033821106	0.7386190295219421	0.21354354918003082	0.584086537361145	1.009387493133545	0.3063257932662964	0.8707976341247559	0.49360746145248413	0.32418501377105713	0.9276063442230225	1.0235778093338013	0.4115417003631592	1.52213454246521	0.2802872359752655	0.44929027557373047	0.5497392416000366	0.2582475244998932	0.5426288843154907	0.5479035973548889	0.35514914989471436	0.4918127655982971	0.17822125554084778	0.6811968088150024	0.4782331883907318	0.5104966163635254	0.3007456362247467	0.697562575340271	0.18531374633312225	0.8556323647499084	0.3195822834968567	0.6920366883277893	0.7434856295585632	0.4107351005077362	0.9610848426818848	0.6306419968605042	1.1812938451766968	0.30969348549842834	0.28246748447418213	0.3781393766403198	1.0479720830917358	0.32081374526023865	0.8513639569282532	0.07193828374147415	0.5801312923431396	0.9832710027694702	0.2804833650588989	0.6360231637954712	0.3271123766899109	0.3573136031627655	0.7311015725135803	0.09100712835788727	0.3773343563079834	0.548799455165863	0.3791601359844208	0.13709959387779236	0.20497944951057434	0.2203913927078247	0.5557458400726318	0.9469281435012817	0.2626899480819702	0.5134741067886353	1.511357069015503	0.4969605803489685	1.1942247152328491	0.15371869504451752	0.4823437035083771	0.28560328483581543	0.5307295322418213	0.67195063829422	0.05770295485854149	0.7212784290313721	1.149107813835144	0.35898327827453613	1.2216931581497192	0.25064989924430847	0.752985954284668	0.12105958163738251	0.8141928315162659	0.5898273587226868	0.2145257443189621	0.6171256899833679	0.22562722861766815	0.443568617105484	0.013555537909269333	0.9283491969108582	0.34921810030937195	0.21117664873600006	0.807188868522644	1.613004207611084	0.17569173872470856	0.45102471113204956	0.9277381300926208	0.6018474698066711	0.7108669877052307	0.3381088972091675	0.41609394550323486	0.6024268865585327	0.3010959029197693	0.23884820938110352	0.7640343308448792	0.7288626432418823	0.4097188711166382	0.4907919466495514	0.24825188517570496	0.7609250545501709	1.3697993755340576	0.28092581033706665	0.5249146819114685	0.5034083724021912	0.3784608840942383	0.4304828643798828	0.5547451972961426	0.2424931675195694	0.7464237809181213	0.09050622582435608	0.2913160026073456	0.5275989770889282	0.25774243474006653	0.5612133741378784	0.5322434902191162	0.29232287406921387	0.6977531909942627	0.7393591403961182	0.17833085358142853	0.2121562957763672	0.8018850088119507	0.3991292119026184	0.9021413922309875	0.4582683742046356	0.24326647818088531	1.0773777961730957	0.43249571323394775	0.9423367381095886	1.2296192646026611	0.255453884601593	0.3317352533340454	0.4916436970233917	0.30055132508277893	0.4994446337223053	0.36760619282722473	0.16589711606502533	0.28157269954681396	0.41902652382850647	0.4466111361980438	0.6050727367401123	0.14718779921531677	0.522046685218811	1.2734161615371704	0.417514443397522	0.8742170333862305	0.6478750705718994	0.360725462436676	0.17979146540164948	0.8756173849105835	0.8893378973007202	0.5559121966362	0.30861714482307434	0.6537131071090698	0.720192015171051	0.5983546376228333	0.5273318886756897	0.775417685508728	0.8020964860916138	0.4312170743942261	0.4462871253490448	0.5997245907783508	1.2458642721176147	0.265164852142334	0.6320120692253113	0.4014665186405182	0.6136789917945862	0.2925596833229065	0.41704797744750977	0.4595254957675934	0.3870549201965332	0.005907222628593445	0.9193686842918396	0.6665857434272766	0.30885520577430725	0.6722148060798645	0.3718849718570709	0.9433335065841675	0.7315264940261841	0.3404366970062256	0.5498600006103516	0.19260242581367493	0.7034412622451782	0.5857599973678589	0.40732717514038086	0.37386417388916016	0.4517444968223572	1.022115707397461	0.9628944396972656	0.28688424825668335	0.07829640805721283	0.6071881055831909	0.3393103778362274	1.3177167177200317	0.27436715364456177	0.19114622473716736	0.7846209406852722	0.503234326839447	0.42910414934158325	0.2541998028755188	0.7678824067115784	0.5315554738044739	0.23647631704807281	0.8754136562347412	0.4251309335231781	0.38831859827041626	0.18399953842163086	0.548863410949707	0.893555760383606	0.522711455821991	0.5662730932235718	0.48807600140571594	0.3389849066734314	0.728808581829071	0.44992750883102417	0.2736596465110779	1.2338742017745972	0.330940306186676	0.4192778468132019	0.3301762342453003	1.2739055156707764	0.2978900074958801	0.44431358575820923	0.12946724891662598	0.10495530068874359	0.1252933144569397	1.5523765087127686	1.11793053150177	0.2881498336791992	0.7453983426094055	0.40802332758903503	0.39767029881477356	0.6470131874084473	0.43132922053337097	0.8606509566307068	0.21258819103240967	0.3877258896827698	0.2757110595703125	0.8364700675010681	0.6253770589828491	0.4292171597480774	0.266637921333313	0.25429579615592957	0.5406154990196228	1.035062551498413	0.4624834656715393	0.5899248123168945	0.31363075971603394	0.28112006187438965	0.04568566381931305	1.087664008140564	0.2090817093849182	0.6320081949234009	0.26159772276878357	0.45494896173477173	0.21769216656684875	1.0807836055755615	0.0914427861571312	0.28090429306030273	0.2834853231906891	0.3933056890964508	1.0898263454437256	0.271679162979126	1.1255161762237549	0.45106932520866394	0.4152553081512451	0.5316300988197327	0.2925235331058502	0.7358683347702026	0.8419507145881653	0.39770224690437317	0.5923261642456055	0.44211748242378235	0.985630989074707	0.4709967374801636	0.15073274075984955	0.44340574741363525	0.5244172811508179	0.4606517255306244	0.40952444076538086	1.1978265047073364	0.2875959575176239	0.44523197412490845	1.1436258554458618	0.3183172643184662	0.37292975187301636	0.246506005525589	0.49789759516716003	0.5456895232200623	0.4857175648212433	0.7302812933921814	0.47443100810050964	0.6299999356269836	0.982617974281311	0.5119907855987549	0.6534261703491211	0.8192287683486938	0.33783650398254395	0.6977193355560303	1.138120412826538	1.177843451499939	0.49945247173309326	0.42224764823913574	0.6634853482246399	1.1167805194854736	0.5573277473449707	0.3509523570537567	0.45076173543930054	0.7540075182914734	0.3168036937713623	0.365704208612442	0.2593728303909302	0.2435748279094696	0.23971885442733765	0.2583734393119812	0.19941556453704834	0.3102160692214966	0.18720388412475586	0.37824365496635437	1.3701122999191284	0.8346429467201233	0.2331874668598175	1.0100195407867432	0.266719788312912	0.6670502424240112	0.27939990162849426	0.08121513575315475	0.19107459485530853	0.7550379037857056	0.230393186211586	0.9793893098831177	0.1241171807050705	0.17958100140094757	0.5669125318527222	0.42359623312950134	0.4988762140274048	0.5136457085609436	0.7109102010726929	0.9307113885879517	0.782925546169281	0.4638145864009857	0.011821349151432514	0.6727902889251709	0.2773961126804352	0.6771873831748962	0.465302973985672	1.0752921104431152	0.4191690981388092	0.2587665021419525	0.5473198890686035	0.3623279333114624	0.8302769064903259	0.49452492594718933	0.1178339347243309	0.6020511388778687	0.6354852318763733	0.7630587816238403	0.6030423641204834	0.6875284910202026	1.344218134880066	0.13019736111164093	0.5357618927955627	0.38209113478660583	1.0317407846450806	0.19085481762886047	1.2283036708831787	0.2517460584640503	0.557910680770874	0.6300033330917358	0.5015753507614136	0.26398974657058716	0.4535467028617859	0.1210632473230362	0.5832471251487732	0.573142945766449	0.3940277695655823	0.8667036890983582	1.3819283246994019	1.0097286701202393	0.5346354246139526	0.7238763570785522	0.23414811491966248	0.23795270919799805	0.9175504446029663	0.42412930727005005	0.44569888710975647	0.6320333480834961	0.8756017088890076	0.2205200046300888	0.688137412071228	0.6230090260505676	0.3356434106826782	0.05205165594816208	0.46811190247535706	0.4933382570743561	0.5077456831932068	0.40370574593544006	0.30131790041923523	0.388664573431015	0.857952356338501	0.6531169414520264	0.5656447410583496	0.3729783594608307	0.4672856628894806	0.7404305338859558	0.4888607859611511	0.6286646127700806	0.846190333366394	0.34837278723716736	0.4171341061592102	0.39345991611480713	0.6553037166595459	0.24545714259147644	0.2776229977607727	0.3998395800590515	0.7180325984954834	0.31212395429611206	0.8659172654151917	0.2116173505783081	0.6515365839004517	0.6209568381309509	0.5877315998077393	0.4288221299648285	0.6268059611320496	0.4413397014141083	0.2551211714744568	0.7439504861831665	0.7234343886375427	0.29081347584724426	0.5009006261825562	0.2772137522697449	0.304728239774704	0.6050716638565063	0.7088190317153931	0.186168372631073	0.8447231650352478	0.5563347935676575	0.4915016293525696	0.11643686890602112	0.29890668392181396	0.3040529191493988	0.7321417331695557	0.5834161639213562	0.3213493525981903	0.1300588995218277	0.11434494704008102	0.5201756954193115	0.5615195631980896	0.6510692834854126	0.013064656406641006	0.5096852779388428	1.2643568515777588	0.6993541717529297	0.1981983780860901	0.4801214635372162	0.24986125528812408	0.6977310180664062	0.6890342831611633	0.7660863399505615	0.4724753499031067	1.1660966873168945	0.0998748391866684	1.1399072408676147	0.9442830085754395	0.1896023154258728	0.6731183528900146	0.9010812044143677	0.3554517924785614	0.8883735537528992	0.1736893504858017	0.9384780526161194	0.41651833057403564	0.6378377676010132	0.7289764285087585	0.46219950914382935	0.9583021998405457	0.1870948076248169	0.10795280337333679	1.720533847808838	0.3377668261528015	0.7033478021621704	0.31058913469314575	0.3777126669883728	1.0151381492614746	0.5978065133094788	0.4595798850059509	0.5481246709823608	1.3452415466308594	0.7703208327293396	0.2527894079685211	0.2151431292295456	1.2655625343322754	0.9030216336250305	0.5151718854904175	0.327533096075058	0.6468144655227661	0.4615696668624878	0.45262131094932556	0.5832571387290955	0.9597018957138062	0.680225670337677	0.42524755001068115	0.4819900393486023	0.0768541544675827	0.15682832896709442	0.5228618383407593	0.42776644229888916	0.380584716796875	0.6992633938789368	0.1559368371963501	0.7373507618904114	0.4594287574291229	0.16132891178131104	0.4601200520992279	0.31718796491622925	0.33253923058509827	1.0646593570709229	0.5336059927940369	0.28181636333465576	0.16905412077903748	0.5831583142280579	0.9067605137825012	0.6338221430778503	0.40826183557510376	0.5071568489074707	0.5876477956771851	0.6404337286949158	0.4339863061904907	0.328920841217041	0.4410961866378784	0.5173549056053162	1.3499689102172852	0.6032841205596924	0.5929734110832214	0.8205048441886902	0.6640223860740662	0.3545724153518677	0.38823848962783813	0.26596325635910034	0.5177537798881531	0.545638382434845	0.6488708257675171	0.15280942618846893	0.3738960027694702	1.203258752822876	0.2765365242958069	0.8753254413604736	0.4670861065387726	0.11408470571041107	0.6877039074897766	0.9506936073303223	0.5655362606048584	0.057167112827301025	0.40746527910232544	0.4187973141670227	0.9877684712409973	0.5415331125259399	0.05359453707933426	0.29133734107017517	0.20514529943466187	0.5350040197372437	0.9017642736434937	0.2635837495326996	0.8038014769554138	0.6992208957672119	0.21268385648727417	0.4348667860031128	1.1367307901382446	0.27066847681999207	0.3307987451553345	0.6987909078598022	0.3621200919151306	0.3791979253292084	0.20791807770729065	0.5450108051300049	0.9812090992927551	0.7977162003517151	0.2842884957790375	0.794075071811676	0.08066467940807343	0.27838340401649475	0.6146799325942993	0.42214083671569824	0.771675169467926	0.5246939659118652	0.668664813041687	0.6274774074554443	0.4979453682899475	0.7047831416130066	1.0742684602737427	0.887867271900177	0.3162781596183777	0.4896475672721863	0.3152233958244324	0.6930738091468811	0.2759985029697418	0.233981192111969	1.1825098991394043	0.150248721241951	0.11322387307882309	0.478550523519516	0.3966946303844452	0.9918839931488037	0.43062257766723633	0.7627410888671875	0.4055163860321045	0.6330317258834839	0.20249833166599274	0.3016000986099243	0.3496254086494446	0.6203914284706116	0.1632274091243744	0.2059379667043686	1.0218441486358643	0.37008213996887207	0.3871210813522339	0.42679670453071594	0.3869097828865051	0.563091516494751	0.6150427460670471	0.4137539267539978	0.10442151874303818	0.3748505413532257	0.6234515309333801	0.6438851952552795	0.4885222613811493	0.35579609870910645	0.7843641638755798	0.5798086524009705	0.32330581545829773	0.20098556578159332	0.8342923521995544	0.4902655780315399	1.055551290512085	0.25871405005455017	1.2265994548797607	0.4503498673439026	0.5047926306724548	0.9311321377754211	0.40514421463012695	0.587194561958313	1.198342204093933	0.4225400686264038	0.466708242893219	0.24580685794353485	0.4708938002586365	0.10285927355289459	0.44720834493637085	0.3166288435459137	0.48327481746673584	1.8215163946151733	0.2645282745361328	0.27625715732574463	0.26636624336242676	0.2884453535079956	0.6321106553077698	0.6656476259231567	0.5669124126434326	0.2496606707572937	0.3612188696861267	0.4636271893978119	0.33311727643013	0.4670678973197937	0.40980997681617737	0.7066939473152161	0.15228573977947235	0.5384293794631958	0.11368772387504578	0.122557133436203	1.070598840713501	0.6147664189338684	0.5386088490486145	0.6826744079589844	1.282932996749878	0.6136155128479004	0.5843385457992554	0.2732604444026947	0.19364437460899353	0.3431567847728729	0.991938591003418	0.7303961515426636	1.1569511890411377	0.4264170229434967	0.9695479869842529	0.2698060870170593	0.8398038148880005	0.4894653558731079	0.7371525764465332	0.4520494341850281	0.1865793764591217	0.5297183394432068	0.4515579640865326	0.27470266819000244	0.23482415080070496	0.8374356627464294	0.3119335472583771	0.2962447702884674	0.23598647117614746	0.5913165807723999	0.8500068187713623	0.14858520030975342	0.6848405599594116	1.0008678436279297	0.4200189411640167	0.4558679163455963	0.5679511427879333	0.2805767059326172	0.24259811639785767	0.12863712012767792	0.7210345268249512	0.11970703303813934	0.565938413143158	0.9073386192321777	0.33971744775772095	0.12379798293113708	0.6487753987312317	0.6798450350761414	0.29720231890678406	0.3595249652862549	0.04381430149078369	0.8180627822875977	0.286483496427536	0.5026500821113586	0.4715346395969391	0.4490148425102234	0.09976980090141296	0.517871618270874	1.3991808891296387	0.37870657444000244	0.3125039041042328	0.8682153224945068	0.7149957418441772	0.5883813500404358	0.6171581745147705	0.4994323253631592	0.6136530041694641	0.40713033080101013	0.5236706733703613	0.6859477758407593	0.8950719237327576	0.406396746635437	0.0344119518995285	0.39741453528404236	0.1858757883310318	1.1173007488250732	0.28980037569999695	0.5311678051948547	0.21158812940120697	0.35710933804512024	0.2380134016275406	0.4336870312690735	0.5043655037879944	0.2817409038543701	0.23069073259830475	0.17825159430503845	0.19243797659873962	0.6509991884231567	0.4679293632507324	0.7517271041870117	0.48327964544296265	0.24048754572868347	0.6501958966255188	0.4149615168571472	0.28223156929016113	0.5128151178359985	0.4207289218902588	0.4943621754646301	0.22204342484474182	0.35148707032203674	0.5533405542373657	0.6824501156806946	0.7986879348754883	0.8086808919906616	0.4318802058696747	0.5353448987007141	1.1365296840667725	0.7186564207077026	0.560565173625946	0.41434139013290405	0.20997099578380585	0.9024677276611328	1.032960057258606	1.1337465047836304	0.8492681980133057	0.8091006875038147	0.5686128735542297	0.3762418031692505	0.872909665107727	0.3753543496131897	0.627685010433197	0.6627902984619141	0.3610607385635376	0.91745924949646	0.6859411001205444	1.3249871730804443	0.3884158730506897	0.9976935386657715	1.1563597917556763	0.14614537358283997	0.8698968291282654	0.6946747303009033	0.8863530158996582	1.013828992843628	0.3710954487323761	0.4770899713039398	1.1643447875976562	0.9632468223571777	0.8806533217430115	0.6496768593788147	0.2494884580373764	0.7387481927871704	0.35375913977622986	0.6839640736579895	0.40489649772644043	0.719996988773346	0.48648783564567566	0.14513573050498962	0.3005415201187134	0.43420156836509705	0.47034063935279846	0.3915903866291046	0.17318302392959595	0.26479262113571167	0.6909773945808411	0.660741925239563	0.6367737054824829	0.023340536281466484	0.6044391989707947	0.43610966205596924	1.0337871313095093	0.27532652020454407	0.19864889979362488	0.5335066318511963	0.299754798412323	0.8625996112823486	0.8757068514823914	0.5316188931465149	0.15843462944030762	0.4289551377296448	0.27889981865882874	0.6104356050491333	0.4237444996833801	0.7532326579093933	0.4945356547832489	0.2339596152305603	0.4340049624443054	0.09136135131120682	0.5991266965866089	0.4979405403137207	0.2824224829673767	0.1607954502105713	0.2756369411945343	1.0012164115905762	0.08218678832054138	0.6070119738578796	0.7316873073577881	0.3743213415145874	1.1110494136810303	0.3340916335582733	0.5394454598426819	0.41463759541511536	0.46283215284347534	0.32875534892082214	1.3575050830841064	0.39433106780052185	0.4518601894378662	0.45938926935195923	0.3703077733516693	0.717248797416687	0.7084248065948486	0.553723156452179	0.7576454877853394	0.466694176197052	0.5501286387443542	0.3704524636268616	0.2497521936893463	0.6195350885391235	1.005188226699829	0.5683216452598572	0.13280433416366577	0.6550517678260803	0.3903663754463196	1.2243406772613525	0.5123237371444702	0.6446186900138855	0.340792179107666	0.8131289482116699	1.1238746643066406	0.11057757586240768	0.8115783333778381	0.2497142255306244	0.41614004969596863	0.2792273461818695	0.4079815149307251	0.8029016256332397	0.3157622814178467	0.5396186709403992	1.0414141416549683	0.3345786929130554	1.0513664484024048	0.7013935446739197	0.5350411534309387	0.9639553427696228	0.1952584832906723	0.8257555961608887	0.552625834941864	0.5990217328071594	0.43422797322273254	0.5950927138328552	0.5954330563545227	1.2683361768722534	0.42461109161376953	0.38255977630615234	0.5798351168632507	0.26917174458503723	0.9142387509346008	0.09445280581712723	1.0107579231262207	0.5026000738143921	0.1715308278799057	0.38572490215301514	0.9949218034744263	0.6553218960762024	0.15260040760040283	0.7435035109519958	0.22654913365840912	0.47096744179725647	0.2847335636615753	0.8816767930984497	1.3804105520248413	0.6334825754165649	1.155756950378418	0.20227493345737457	0.5308538675308228	0.36159759759902954	0.1914258748292923	0.3943009674549103	0.19338741898536682	0.37671494483947754	0.5272127389907837	0.7693603038787842	0.70884108543396	0.37895989418029785	0.36134034395217896	0.3347459137439728	0.29518941044807434	0.2796226441860199	0.5725072026252747	0.8290055394172668	0.42890939116477966	0.24052709341049194	0.4585078954696655	0.23231744766235352	0.5811538696289062	0.3060859441757202	0.3367142081260681	0.37051042914390564	0.4182254672050476	0.2594136595726013	0.6151229739189148	0.31169137358665466	0.5697864294052124	0.43557095527648926	0.33585837483406067	0.739311933517456	0.7382519841194153	0.5615143775939941	0.15105101466178894	0.40164509415626526	0.1604127436876297	0.6534382700920105	0.38222527503967285	0.2843567132949829	0.8112596273422241	0.2337861955165863	0.7333419322967529	0.5322962999343872	0.30975431203842163	0.4451388120651245	0.7724921703338623	0.31787773966789246	0.6079738140106201	0.18761864304542542	0.8563078045845032	0.43074896931648254	0.7452348470687866	0.2232680469751358	0.620517373085022	0.5858548283576965	0.7165219783782959	0.3031482696533203	0.961028516292572	0.3139226734638214	0.6493048667907715	0.6260657906532288	0.2915327548980713	0.9792740941047668	0.42340514063835144	0.336344838142395	0.6039221286773682	0.5266852974891663	1.256638765335083	0.32328733801841736	0.28137367963790894	1.1733977794647217	0.29101255536079407	0.9408213496208191	0.4503116011619568	0.48690730333328247	0.037901751697063446	0.4659198522567749	0.8117965459823608	0.6465495824813843	0.20132727921009064	0.6704123020172119	0.1118316724896431	0.5377662181854248	0.8027113080024719	0.08757050335407257	0.02356179989874363	0.5953137278556824	0.27318400144577026	0.4257221519947052	0.6379005312919617	0.8206838369369507	0.29890334606170654	0.42093873023986816	0.5824021100997925	0.7093045711517334	0.8455835580825806	0.5399553179740906	0.18000739812850952	0.2790941298007965	0.7377952933311462	0.48602816462516785	0.8230185508728027	1.1097776889801025	0.09809066355228424	0.49125778675079346	0.7405894994735718	0.5946484804153442	0.37348687648773193	0.10538540780544281	0.4806753098964691	0.5076987147331238	0.3116320073604584	0.6119433641433716	0.40886640548706055	0.8120148777961731	0.6199712753295898	0.11582887917757034	0.2579488754272461	1.2072687149047852	0.3427248001098633	0.4643929898738861	0.5825948715209961	0.4156566560268402	0.3875386714935303	0.3686959147453308	0.4337826371192932	0.3509715795516968	0.1931317150592804	0.3433084487915039	0.03114141710102558	0.051712121814489365	0.30696189403533936	0.3283504843711853	0.9109470844268799	0.7428274750709534	1.1455446481704712	0.1485920250415802	0.513482928276062	0.047346778213977814	0.288716197013855	0.5243737101554871	0.23319655656814575	1.1206728219985962	0.74178147315979	0.3409990072250366	0.5417929291725159	0.32772910594940186	0.34544795751571655	1.0730597972869873	0.5068843364715576	1.2205020189285278	0.33210721611976624	0.36613887548446655	0.8785643577575684	0.42837172746658325	0.5195261836051941	0.3346986472606659	0.8584546446800232	1.3224821090698242	1.0107614994049072	0.26426365971565247	0.8801658749580383	0.904107391834259	0.4218013286590576	0.03713272139430046	0.2515663802623749	0.3693679869174957	0.9959554076194763	0.09360107779502869	0.2713351547718048	0.6591528654098511	0.45813286304473877	0.8009558916091919	0.6282500624656677	0.4984440505504608	0.43549802899360657	0.19355393946170807	0.2310047149658203	1.3619701862335205	1.1547983884811401	0.5426118969917297	0.7684093117713928	0.2899518311023712	0.4078885316848755	0.6356678009033203	0.275911808013916	0.39102575182914734	0.37838369607925415	0.4341960549354553	0.660061240196228	0.15114419162273407	0.5438603758811951	0.7352389097213745	0.4305236339569092	0.9207935333251953	0.5676032304763794	0.027044299989938736	0.13776808977127075	0.2877994179725647	0.9579454064369202	0.7582334280014038	0.24724449217319489	0.8501349091529846	0.33414125442504883	0.16944167017936707	0.5736262798309326	0.9539320468902588	0.6940311193466187	0.29964351654052734	0.46184849739074707	0.7193468809127808	0.26821181178092957	0.26194050908088684	0.4763266146183014	0.4147269129753113	0.8285393118858337	0.12224451452493668	0.5116636753082275	0.20653276145458221	0.7338035702705383	0.8535323739051819	0.42510658502578735	0.06454396992921829	0.221949964761734	0.5619956851005554	0.3100086748600006	0.27512025833129883	0.3651348948478699	0.48393961787223816	0.29056528210639954	0.24499920010566711	0.9543638229370117	0.6941630244255066	0.43628400564193726	0.9036708474159241	0.22708606719970703	0.6603711843490601	0.12878842651844025	0.44359272718429565	0.9686509966850281	0.7016514539718628	0.4458302855491638	0.3158606290817261	0.9865046739578247	0.41185009479522705	0.5829681158065796	0.4058525562286377	0.3980365991592407	0.5232046842575073	0.7768011689186096	0.5009999871253967	0.7995045781135559	0.37907421588897705	0.5972147583961487	0.94508957862854	0.5405024290084839	0.47500550746917725	0.6134854555130005	0.4177570343017578	0.3897470533847809	0.9505975246429443	1.2992157936096191	0.5681244730949402	0.11142180860042572	0.3835504651069641	0.4953385889530182	0.2967577278614044	1.0228065252304077	1.2142373323440552	0.26169541478157043	0.6180424690246582	0.8567861318588257	0.5656472444534302	0.5833194255828857	0.08725567162036896	0.7438905835151672	0.46180060505867004	0.34214091300964355	1.0829999446868896	0.2319989949464798	0.5563017129898071	0.5774320363998413	0.43437013030052185	0.4690209925174713	0.3303009271621704	0.5963910818099976	0.6572070121765137	0.05722518637776375	0.7738003134727478	0.5527457594871521	0.8008396029472351	0.4151380658149719	0.4577025771141052	0.39447182416915894	0.5472316741943359	1.084298014640808	0.9469897150993347	0.2689313590526581	0.22330400347709656	0.3643113076686859	0.8543564677238464	0.22854241728782654	0.2138444483280182	0.225761279463768	0.7351921200752258	0.38977956771850586	1.1562308073043823	0.633173406124115	0.4424915611743927	0.6367180943489075	0.44970738887786865	0.5266115665435791	0.7825841903686523	0.9321407079696655	0.36818504333496094	0.3990846276283264	0.5031576752662659	1.8425700664520264	0.15358644723892212	0.32634201645851135	0.23062580823898315	0.945336103439331	0.6093021035194397	0.3178556263446808	0.5283117890357971	0.14937248826026917	0.3816585838794708	0.5093684196472168	0.19260357320308685	0.15780027210712433	0.5175966620445251	1.0134086608886719	0.3876364529132843	0.818533182144165	0.5465972423553467	0.6671577095985413	0.5100204348564148	0.25952398777008057	0.0	0.43875250220298767	0.19509121775627136	0.21812129020690918	0.5181719660758972	0.6328939199447632	0.58403080701828	0.7792219519615173	0.07967527955770493	0.446796715259552	0.619461715221405	1.0691425800323486	0.4654152989387512	0.25119197368621826	0.8717955350875854	0.4703035354614258	0.827160120010376	0.5486460328102112	0.6696587800979614	0.8685142993927002	0.6872230768203735	0.5101701021194458	0.2761898934841156	0.9613983631134033	0.5316934585571289	1.2526746988296509	0.46219611167907715	0.16533109545707703	0.15569312870502472	0.2729903757572174	0.44484177231788635	0.5368411540985107	0.8133876919746399	1.2246743440628052	0.42903652787208557	0.22503691911697388	0.5442914962768555	0.6874195337295532	0.21820072829723358	0.7833350896835327	0.3161550462245941	0.9764150381088257	0.1826491355895996	0.516507089138031	0.147781103849411	0.46251657605171204	0.3363679051399231	0.8455471992492676	0.7778028249740601	1.1446568965911865	0.3261340260505676	0.42544105648994446	0.38615208864212036	0.4165010452270508	1.1054855585098267	0.9590755701065063	0.8324329257011414	0.5687782764434814	0.5124480724334717	0.4558505415916443	0.5447774529457092	0.2721931040287018	0.4136827886104584	1.622685194015503	0.563926100730896	0.46818485856056213	0.219114750623703	1.1053354740142822	0.42771410942077637	0.26629209518432617	0.5491883158683777	0.937959611415863	0.6150959730148315	0.4882292151451111	0.1448795348405838	0.7168674468994141	0.5822154879570007	0.8413944840431213	0.4578350782394409	0.3501599431037903	0.8603729605674744	0.9283062219619751	0.599608302116394	0.719353199005127	0.19905094802379608	0.4167165160179138	0.6934177279472351	0.425476998090744	0.7502434253692627	0.4957681894302368	0.3985385596752167	0.35859978199005127	0.6208646893501282	1.027966856956482	0.5546016097068787	0.7114261388778687	0.2328866720199585	0.09595431387424469	0.45817458629608154	1.0561312437057495	0.8649890422821045	0.6055005788803101	0.6755025386810303	0.591393768787384	0.3600482940673828	0.06342785060405731	0.5099798440933228	0.7003013491630554	0.1606915146112442	0.7903890013694763	0.4451602101325989	0.9745355248451233	0.7353388667106628	0.5226140022277832	0.35885757207870483	0.5567445158958435	0.3545207977294922	0.532336950302124	0.42187145352363586	0.1890265792608261	0.5751599669456482	0.20625609159469604	0.23084507882595062	0.8463194370269775	0.4257516860961914	0.24608537554740906	0.6943220496177673	0.9728431701660156	0.5302980542182922	0.47262632846832275	0.4358097016811371	0.5248478651046753	0.1532391905784607	0.19036005437374115	0.35659220814704895	0.3677898049354553	0.6835452318191528	0.7321153283119202	0.44521665573120117	0.41383665800094604	1.2765319347381592	0.7022526860237122	0.3079768419265747	1.1710517406463623	0.11789539456367493	0.8206198811531067	1.0256940126419067	0.2357712835073471	0.6676133871078491	0.2800125479698181	0.5598636269569397	0.40529918670654297	0.47002264857292175	0.9942147135734558	0.20813630521297455	0.3880285620689392	0.5021607875823975	0.4082016944885254	1.322302222251892	0.8317084312438965	0.7039417624473572	0.42392146587371826	0.6757003664970398	0.46354472637176514	0.09346521645784378	0.10346080362796783	0.4857647716999054	0.6769978404045105	1.1580065488815308	0.45505109429359436	1.1184958219528198	0.29696840047836304	0.8745595216751099	0.8257902264595032	0.9929802417755127	0.2617558240890503	0.3167743384838104	0.2105487585067749	0.3348882496356964	0.45406436920166016	1.0845311880111694	0.7959553003311157	0.37165355682373047	0.24219566583633423	1.4374885559082031	0.5294129848480225	0.27431124448776245	0.41817957162857056	0.5464261174201965	0.2262749969959259	0.16566923260688782	0.5719500184059143	0.9350765943527222	1.2077054977416992	0.2493714541196823	0.5073451399803162	0.8283717632293701	0.9458320736885071	0.41883742809295654	0.613947868347168	0.6489906311035156	0.7265030145645142	0.2841985523700714	0.41738787293434143	0.1951521784067154	0.14020882546901703	0.6935104727745056	0.3830682337284088	1.1568539142608643	1.0446680784225464	0.4291587471961975	0.4789469242095947	0.2498667985200882	0.2915708124637604	0.7139198184013367	0.2383018136024475	0.12094608694314957	0.27049973607063293	0.10664492100477219	0.8338630795478821	0.528518557548523	0.16727560758590698	1.0773310661315918	0.8574181795120239	0.16768737137317657	1.2142096757888794	0.23830381035804749	0.48476165533065796	0.870758593082428	0.5414098501205444	0.4661242663860321	0.5853564143180847	1.1171090602874756	0.35357150435447693	0.6917446255683899	0.017940711230039597	0.4137204587459564	0.19042691588401794	0.6881674528121948	0.26921331882476807	0.7123271226882935	0.3457787334918976	0.5702208280563354	0.1881777048110962	0.43117374181747437	0.447448194026947	0.29231998324394226	0.6533631086349487	0.6733672022819519	0.5017424821853638	0.26699957251548767	0.698045551776886	0.7955237627029419	0.6477888822555542	0.26422128081321716	1.0649163722991943	0.1632956862449646	0.2502320408821106	0.3821278512477875	1.0642578601837158	0.7222808599472046	0.6410150527954102	0.22992964088916779	0.378315269947052	0.6058239936828613	0.8602489829063416	0.5573075413703918	0.44013357162475586	1.4819145202636719	0.42804479598999023	1.092806339263916	0.5924201607704163	0.176838681101799	0.6197298169136047	0.8062625527381897	0.5848302841186523	0.5920969247817993	0.4417005181312561	0.61627596616745	1.1178804636001587	0.5788347721099854	0.3402327299118042	0.43728873133659363	0.395116925239563	0.766806960105896	0.5637719631195068	0.7073826193809509	0.20741793513298035	0.6141728162765503	0.3203008770942688	0.40273892879486084	0.6881664395332336	0.3414651155471802	0.2347431778907776	0.32048094272613525	0.1939375251531601	1.1166465282440186	0.05422266945242882	0.9226282835006714	0.8453407287597656	0.9357603788375854	0.25976312160491943	0.17554807662963867	0.1124880388379097	0.4363565146923065	0.2984579801559448	0.6146264672279358	0.31844115257263184	0.2551248073577881	0.9089211225509644	0.4718708395957947	0.8999505043029785	0.7438925504684448	0.6641764044761658	0.21748656034469604	0.5951983332633972	0.34219810366630554	0.3875121474266052	0.3600003123283386	0.6656348705291748	0.7584763169288635	0.7955899238586426	0.12845826148986816	0.35265570878982544	0.12937571108341217	0.5306320786476135	0.6073743104934692	0.3588186502456665	0.3354293406009674	0.23686344921588898	0.7342619299888611	0.18542718887329102	0.44357454776763916	0.9498366713523865	0.6824495196342468	0.7541179656982422	0.3523293733596802	0.8565686941146851	0.3270251154899597	0.3216851055622101	0.9349261522293091	0.5626325011253357	0.6169924736022949	1.133821725845337	0.7128434181213379	0.3555770218372345	0.7341020107269287	0.8502501249313354	0.10586661845445633	0.6832560896873474	1.1517117023468018	0.4406411051750183	0.4852816164493561	0.49775922298431396	0.5701722502708435	0.9210330247879028	0.4348258674144745	0.909582793712616	0.29045525193214417	0.5557407140731812	0.46451324224472046	0.5456936359405518	0.5542875528335571	0.9037742018699646	0.3666716516017914	0.41734620928764343	0.5550283193588257	0.41316983103752136	0.4709334075450897	0.301789790391922	0.47235074639320374	0.6906362771987915	0.47667816281318665	0.6807714104652405	0.7949523329734802	0.08521433919668198	0.44148918986320496	0.9800164103507996	0.5216954946517944	0.5207552909851074	0.35475659370422363	0.5854936838150024	0.5114953517913818	1.0470339059829712	0.6540268063545227	0.1898321807384491	0.2779266834259033	0.8506014943122864	0.5922082662582397	1.0989468097686768	0.6130455732345581	0.5770691633224487	0.7355507016181946	0.4237869679927826	0.8077523112297058	0.6772003173828125	0.8273801207542419	0.7478058934211731	0.4459977447986603	0.5421297550201416	0.3937839865684509	0.48279869556427	0.36961278319358826	0.8938170075416565	0.3041180372238159	0.11266473680734634	0.4175255298614502	0.7435394525527954	0.8219897747039795	0.5303372144699097	0.8448660373687744	0.22564655542373657	0.4038756489753723	0.36085087060928345	0.5397791862487793	0.3667208254337311	0.42943304777145386	0.6256392598152161	0.012305531650781631	0.43668118119239807	0.7496709823608398	0.5160146355628967	0.22148345410823822	1.1004291772842407	0.6028441190719604	0.2573360502719879	0.724507749080658	0.48686784505844116	0.6567500829696655	0.28480958938598633	0.5472390055656433	0.8843863606452942	0.6072456240653992	0.5368943214416504	1.1680717468261719	0.7254340052604675	0.778049111366272	0.5886455774307251	0.9485949873924255	0.1918283998966217	0.37900325655937195	0.1425221562385559	0.7777427434921265	0.3974865972995758	0.2897850275039673	0.1700710654258728	0.5004304647445679	0.7719194889068604	0.4094906747341156	0.35770606994628906	0.5570490956306458	0.5983337163925171	0.493056982755661	0.09691618382930756	0.5675164461135864	0.19333632290363312	0.5581442713737488	0.5276936888694763	0.2997983992099762	0.7261005640029907	0.4463852345943451	0.17034408450126648	1.1415741443634033	0.49389925599098206	0.22603152692317963	0.4728446304798126	0.41892558336257935	0.23221826553344727	0.8502126932144165	0.21076835691928864	0.6398352384567261	0.5476929545402527	0.739357590675354	0.050979919731616974	0.4101898670196533	0.9484606385231018	0.42720121145248413	0.31178563833236694	0.9718810319900513	0.489421010017395	0.5773265957832336	0.7682853937149048	0.2920668125152588	0.5323174595832825	0.15663766860961914	0.9130604863166809	0.910514235496521	0.44217345118522644	1.1508564949035645	0.6954050660133362	0.3347736597061157	0.43565815687179565	0.9201046228408813	0.5749723315238953	0.06188224256038666	0.5504887700080872	0.261918842792511	0.13318833708763123	0.8087639808654785	0.42314115166664124	0.7064898014068604	0.2368135303258896	0.3479161262512207	0.0438990518450737	0.29595237970352173	0.5674266219139099	0.580325722694397	0.805598258972168	0.32334765791893005	0.6744932532310486	1.070512294769287	0.8039013147354126	0.32097965478897095	0.18148086965084076	0.6450232267379761	0.31501466035842896	0.32436519861221313	0.42214518785476685	1.131764531135559	1.2900105714797974	0.29487213492393494	0.4137483239173889	0.37766504287719727	0.21575459837913513	0.6054908037185669	0.3500097095966339
0.6889035701751709	0.45384323596954346	0.67832350730896	0.6561189889907837	0.6068704128265381	0.19193893671035767	0.44173064827919006	1.1094852685928345	0.8537347316741943	0.3430134952068329	1.0619436502456665	0.46211081743240356	0.9146230220794678	0.4320509135723114	0.40324899554252625	0.2672724723815918	0.6282194256782532	0.49189257621765137	0.9415080547332764	0.45936569571495056	0.8629911541938782	0.3125867545604706	0.3068784773349762	0.2307380735874176	0.4726177155971527	0.6500132083892822	0.9499432444572449	0.7791420221328735	0.3798747658729553	0.46935537457466125	0.7919363975524902	0.5145741701126099	0.5553179979324341	0.3638715445995331	0.412031888961792	0.49701589345932007	0.5032981634140015	0.6162729263305664	0.2908235788345337	0.40442872047424316	0.19782067835330963	1.3006418943405151	0.2332121729850769	0.4332007169723511	0.28360915184020996	0.5190396308898926	0.44101136922836304	0.6510394215583801	0.662720799446106	1.0457792282104492	0.9787059426307678	0.5034688711166382	0.7765145897865295	0.5320687890052795	0.7182362079620361	0.39874157309532166	0.8995914459228516	0.9898818731307983	0.35994648933410645	0.25530385971069336	0.3195456862449646	1.0021389722824097	0.6877482533454895	0.502609372138977	0.6062051057815552	0.3794230818748474	1.5187609195709229	0.5436778664588928	0.35617876052856445	0.6347404718399048	0.28402623534202576	0.3631466031074524	1.3826249837875366	0.9939410090446472	0.30335190892219543	0.30867406725883484	0.5475488901138306	0.5323270559310913	0.9466322660446167	1.1043504476547241	0.669826865196228	0.4280652701854706	0.3730889856815338	0.21073059737682343	0.43171483278274536	0.24205735325813293	0.773429811000824	1.0734223127365112	0.7912910580635071	0.267062246799469	0.4137726426124573	0.5072999000549316	0.2172185778617859	0.9423018097877502	0.5641752481460571	0.633276104927063	0.38018232583999634	0.2893291711807251	0.322853684425354	0.6656563878059387	0.562866747379303	0.5877633094787598	0.4861554503440857	0.39309197664260864	0.3717604875564575	0.5436458587646484	0.596168041229248	1.0476008653640747	0.5257312059402466	0.34537598490715027	0.6599692702293396	0.9106431007385254	0.9368346333503723	0.47607237100601196	0.5482660531997681	0.40042686462402344	0.5157179236412048	0.5156385898590088	0.5321065187454224	0.587900698184967	0.9906338453292847	0.1843380331993103	1.2193238735198975	0.8121523857116699	0.7589739561080933	0.49996209144592285	0.24351632595062256	0.4420190155506134	0.8455675840377808	0.17039725184440613	0.4429371953010559	0.4307655692100525	0.23262934386730194	0.27879598736763	0.5341682434082031	0.3931433856487274	0.7097623944282532	0.4308823049068451	0.7706059217453003	0.26606351137161255	0.31818443536758423	0.2525327503681183	0.36340025067329407	0.43348491191864014	0.6536433100700378	0.8124088644981384	0.7176631093025208	0.13716134428977966	0.5216877460479736	0.6999918818473816	0.4628397524356842	0.40260180830955505	0.5601471662521362	0.644964873790741	0.196827232837677	0.357106477022171	0.3807998299598694	0.5662403106689453	0.23113630712032318	0.28961724042892456	1.4412620067596436	0.6910311579704285	0.4904167652130127	0.3925469219684601	0.46695566177368164	0.8488088250160217	0.3198937773704529	0.34064820408821106	1.0515211820602417	1.2600611448287964	0.3082180917263031	0.5663228034973145	0.5843573808670044	0.7992023825645447	0.27608048915863037	0.2899780571460724	0.45118141174316406	0.44015347957611084	0.3579496443271637	0.376065194606781	0.522339940071106	0.3459157645702362	0.6339262127876282	0.8980393409729004	0.6848446726799011	0.5721076726913452	0.3050805330276489	0.27264976501464844	1.2058477401733398	0.28109246492385864	0.664560854434967	0.18620599806308746	0.48473745584487915	0.517152726650238	0.34166523814201355	1.3048228025436401	0.4815412759780884	0.22433970868587494	0.15258438885211945	0.8846814632415771	0.6294845342636108	0.5670064091682434	0.4297862648963928	0.6094419956207275	0.32208943367004395	0.5564045310020447	0.6477361917495728	0.6108918786048889	0.6665197610855103	0.4127957224845886	0.1034267470240593	0.48744118213653564	0.2856626808643341	0.4893158972263336	0.9568319320678711	0.6712048053741455	0.7237290740013123	0.34367406368255615	0.6742095947265625	0.69911789894104	0.6377630829811096	0.3844214379787445	0.4849398136138916	0.38697460293769836	0.1891399621963501	0.40312349796295166	0.6149020195007324	0.4154711961746216	0.43074852228164673	0.810566782951355	0.5311442017555237	0.2803378701210022	0.343628853559494	0.0700279027223587	0.5685318112373352	0.807270884513855	0.2988804578781128	0.46410730481147766	0.5713580846786499	0.3390048146247864	0.5061177015304565	0.21997515857219696	0.20107616484165192	0.3274543881416321	0.21826042234897614	0.6408270001411438	0.8719332814216614	0.5574607253074646	0.2095855176448822	0.6854824423789978	0.31075018644332886	0.6212659478187561	0.7142213582992554	0.3848065733909607	0.6868581771850586	0.572846531867981	0.21281641721725464	1.2182708978652954	1.179705262184143	0.3748810291290283	0.8840389251708984	0.6217353343963623	0.3853923976421356	0.5221650004386902	0.41254711151123047	0.2856326699256897	1.1177747249603271	0.2605699598789215	0.5979413390159607	0.5635796189308167	0.8854768872261047	0.38668325543403625	0.6625122427940369	0.6068891882896423	0.5112054347991943	0.5518409013748169	1.038228988647461	0.5531527996063232	0.2542461156845093	0.6002552509307861	0.5239273309707642	1.150202989578247	0.5786782503128052	0.17855733633041382	0.6023710370063782	0.6950359344482422	0.4183674156665802	0.6051332950592041	0.6963501572608948	0.650791347026825	0.8503689169883728	0.25166624784469604	0.39996281266212463	0.4968484938144684	0.5725218057632446	0.6338365077972412	0.8966807126998901	0.5255690217018127	1.01234769821167	0.5977407097816467	0.33517101407051086	0.5076041221618652	0.370895117521286	0.894189715385437	0.735717236995697	0.3201354146003723	0.5620655417442322	0.284668505191803	0.37565499544143677	1.098042607307434	0.3439917266368866	0.6678954362869263	0.7377047538757324	0.5995498895645142	1.116377592086792	1.0918147563934326	0.6004259586334229	0.36030420660972595	0.6976286172866821	0.7033525705337524	0.5527946352958679	0.8801040649414062	0.606541633605957	0.865918755531311	0.5158058404922485	0.33771222829818726	0.5436578392982483	0.8975127935409546	0.9534896612167358	0.5040472149848938	0.601687490940094	0.4876941442489624	0.16414284706115723	0.38085201382637024	0.9187402725219727	0.6639857888221741	0.5727444887161255	0.6521515250205994	0.5172568559646606	0.42305535078048706	0.1728578358888626	0.8505885601043701	0.4268501400947571	0.4522995948791504	0.26650968194007874	0.3236997425556183	0.5164501667022705	0.2330121397972107	0.5206322073936462	0.3550661504268646	0.5294986367225647	0.8667410612106323	0.32939937710762024	0.7037457227706909	0.8567895293235779	0.2870548963546753	0.30587276816368103	0.2826840877532959	0.183566614985466	0.734254777431488	0.4552173614501953	0.748029351234436	0.2896929979324341	0.3185323178768158	1.0227150917053223	0.833709180355072	0.7721837759017944	0.8801025748252869	0.4263535141944885	0.277238667011261	0.22346363961696625	0.2642473876476288	0.9623487591743469	0.7984597682952881	0.22155426442623138	0.7280179858207703	0.7414732575416565	0.21122755110263824	0.29622682929039	0.6793981790542603	0.27122801542282104	0.8120437264442444	0.6607197523117065	0.17783018946647644	0.4785885512828827	0.19689099490642548	0.8401761054992676	0.5432173013687134	0.7201188206672668	0.44946396350860596	0.48019909858703613	0.9569851160049438	0.1155308187007904	1.1186892986297607	0.5019899606704712	0.7348172068595886	0.48084768652915955	0.48833703994750977	1.2671703100204468	0.9073284864425659	0.457411527633667	0.6091734170913696	0.6960614323616028	0.4247123599052429	0.2361774742603302	0.5922863483428955	0.8325083255767822	1.3123440742492676	0.29624322056770325	0.20154936611652374	0.724777340888977	0.09494273364543915	0.5264692902565002	0.2277631014585495	0.42621710896492004	0.6257545948028564	0.6706275939941406	0.749046266078949	0.6029332280158997	0.6580204367637634	0.34305310249328613	0.5306035280227661	0.9100136756896973	0.6209896802902222	0.483951210975647	0.6896325945854187	0.4882173240184784	0.41892337799072266	1.0068045854568481	1.0430585145950317	0.7316110134124756	0.6133222579956055	0.4475429058074951	0.401982843875885	0.3304005265235901	0.4551323652267456	0.6313250064849854	0.6876333951950073	0.8450547456741333	0.7792310118675232	0.9231106638908386	0.7938491106033325	1.0468796491622925	0.5276793241500854	0.3420373499393463	0.24299874901771545	0.4220629632472992	0.8204828500747681	0.4601854085922241	0.40376198291778564	0.2560017704963684	0.3843707740306854	0.6451566219329834	0.3915959298610687	0.6556717157363892	0.2267122119665146	0.3853599429130554	0.33855384588241577	0.34433379769325256	0.6584946513175964	0.5964450836181641	0.32545211911201477	0.31778550148010254	0.6359586119651794	0.9019571542739868	0.43316885828971863	1.5702056884765625	0.3757137358188629	0.2580524682998657	0.7130966186523438	1.036231517791748	0.3549661934375763	0.6605456471443176	0.4255297780036926	0.29347264766693115	0.8377677202224731	1.1823827028274536	0.9255954027175903	0.3225882649421692	0.5633209347724915	0.34177860617637634	0.33168503642082214	0.6820405125617981	0.9187082052230835	1.0997278690338135	0.9316144585609436	0.7190824747085571	0.8402132391929626	0.6003255844116211	0.41776978969573975	0.5495828986167908	0.15583056211471558	0.9821533560752869	0.936473548412323	0.6132851839065552	0.4396907389163971	0.2928653657436371	0.40973326563835144	0.4608812630176544	0.47949662804603577	0.5298774242401123	0.4545844793319702	0.5712091326713562	0.523292601108551	0.5234179496765137	0.4039136469364166	0.5756141543388367	0.3774206042289734	0.6478943824768066	0.4296463131904602	0.25923827290534973	0.8476790189743042	0.45513269305229187	0.5935246348381042	0.27817174792289734	0.12943339347839355	0.2750222384929657	0.5787562727928162	0.7222192287445068	0.7558428049087524	0.44900861382484436	0.5877555012702942	0.6978089213371277	0.33400577306747437	0.3394087851047516	0.4438024163246155	0.19577884674072266	0.8165883421897888	0.5027856826782227	0.559442937374115	0.889512300491333	0.4968677759170532	0.7287267446517944	0.5393410325050354	0.40883055329322815	0.23204293847084045	0.6049261093139648	0.42327985167503357	0.6734015941619873	0.5390236377716064	0.5764422416687012	0.754311203956604	0.9208565950393677	0.9176515340805054	0.6903777718544006	0.7490271925926208	0.9958791732788086	0.2881506085395813	0.4632619023323059	1.0394346714019775	0.5544641017913818	0.6148309707641602	0.3019186854362488	0.3096725344657898	0.713214099407196	0.5163716673851013	0.49720829725265503	0.7686511874198914	0.7192085981369019	0.4348703920841217	0.5454413890838623	1.098409652709961	0.44399023056030273	0.3425089120864868	0.45744872093200684	0.31421366333961487	1.2302217483520508	0.23595952987670898	0.3999408185482025	0.7632007598876953	0.17813897132873535	0.9788208603858948	0.6657926440238953	0.9628241062164307	1.0026735067367554	0.368586003780365	0.2820248305797577	0.1942673623561859	0.48979759216308594	0.42887288331985474	1.0037901401519775	0.5078722834587097	0.7096642255783081	0.45682159066200256	0.6115460395812988	0.7004922032356262	0.442983478307724	0.516600489616394	0.17646090686321259	0.4945182204246521	0.47627246379852295	0.7294952869415283	0.6595408916473389	0.7463411688804626	0.7113739252090454	0.26659828424453735	0.8093242049217224	0.41469454765319824	0.542650580406189	0.6180998086929321	0.24861179292201996	0.8717551827430725	0.31859898567199707	0.6797784566879272	0.7750407457351685	0.6814950704574585	0.47626549005508423	0.6485355496406555	0.7099906206130981	1.588677167892456	0.16903947293758392	0.5724518299102783	0.5309414267539978	0.5243796706199646	0.14855365455150604	0.6148671507835388	0.16994279623031616	0.5749669671058655	0.6853205561637878	0.4507628083229065	0.4520450830459595	0.46560823917388916	0.44682568311691284	0.9145833253860474	0.5362047553062439	0.4580203890800476	0.943379282951355	0.6369615197181702	0.8675277829170227	0.35937637090682983	0.41862136125564575	0.23840464651584625	0.21348080039024353	1.0076706409454346	0.6585931181907654	0.44690802693367004	0.7219725251197815	0.6934292316436768	0.30945220589637756	0.6804945468902588	0.8165839314460754	0.3657737970352173	0.4816458821296692	0.46979501843452454	1.4431086778640747	0.5084174871444702	0.36470577120780945	0.6856144070625305	0.3703539967536926	1.2159217596054077	0.8540025353431702	0.37133607268333435	0.3674265146255493	0.33897459506988525	0.6643769145011902	0.2739998400211334	0.47564956545829773	0.6028854846954346	0.7544751763343811	0.5412954092025757	0.6180456876754761	0.619666576385498	0.41968873143196106	0.6830487251281738	0.2964871823787689	0.6830154657363892	0.3645037114620209	0.47616636753082275	0.4781123995780945	0.4502023756504059	0.7079519033432007	0.3460373878479004	0.5226519107818604	0.6595911383628845	0.605291485786438	0.5568573474884033	0.890593409538269	0.5009485483169556	1.237941026687622	0.17604249715805054	0.38888484239578247	0.41498133540153503	0.8099510669708252	0.4251161217689514	0.6069022417068481	0.3848861753940582	0.6451852917671204	0.5012203454971313	0.802156925201416	0.38985109329223633	0.5905405282974243	0.5744903087615967	1.1802953481674194	0.4802914559841156	0.20848676562309265	0.6756845712661743	0.521597146987915	0.5571796298027039	0.7654993534088135	0.4081886112689972	0.33912327885627747	0.7905353307723999	0.6590840220451355	0.30350568890571594	0.3528587222099304	0.3704308867454529	0.5694342851638794	0.45285341143608093	0.6161885857582092	0.9957393407821655	0.2477804571390152	0.3561921715736389	1.2592614889144897	0.5250687003135681	0.3656955063343048	0.507199227809906	0.587493896484375	0.7018570899963379	0.8613103628158569	0.6000287532806396	0.6441553235054016	0.7787309885025024	0.727283775806427	0.7036866545677185	0.33544623851776123	0.39843544363975525	0.5447828769683838	0.2736176550388336	0.9534828662872314	0.39932334423065186	0.5034231543540955	0.1866789013147354	0.5531614422798157	0.5057641863822937	1.0620938539505005	0.16311347484588623	0.4914444088935852	0.19909116625785828	0.5918442606925964	0.4100511074066162	0.44864508509635925	0.9653974771499634	0.5524723529815674	0.5036956071853638	0.521644115447998	0.48598799109458923	0.35835182666778564	0.7673087120056152	0.5968399047851562	0.8412443399429321	0.4628855586051941	0.5506564378738403	0.5168523788452148	0.06669732183218002	0.30658042430877686	0.4663345217704773	0.8954187035560608	0.3714255392551422	0.48336637020111084	0.6526172161102295	1.1481109857559204	0.16786840558052063	0.09403110295534134	0.731784999370575	0.20343017578125	0.2529752552509308	0.6382607817649841	0.5125421285629272	0.40592241287231445	0.49096065759658813	0.4617096185684204	0.6736741065979004	0.9131484031677246	0.3876359760761261	0.4250963628292084	0.3850478529930115	0.7307579517364502	0.2558596134185791	0.30666521191596985	0.37809211015701294	0.8793904185295105	0.12784096598625183	1.152485966682434	0.5955378413200378	0.7671403884887695	0.8353943228721619	0.20640891790390015	0.42495056986808777	0.42952632904052734	0.5412576794624329	0.5246594548225403	0.6527310609817505	0.861182689666748	0.6101519465446472	0.46893951296806335	0.3897239565849304	1.7287012338638306	0.7112772464752197	0.28806719183921814	0.44277524948120117	0.4637141525745392	0.35671669244766235	0.35365819931030273	0.5412962436676025	0.4676879346370697	1.0190784931182861	0.8500825762748718	0.5212681293487549	0.7111994624137878	0.5460584759712219	0.5690112709999084	0.778183102607727	0.4655980169773102	0.6978884935379028	0.6032480001449585	0.4143980145454407	0.7322024703025818	0.5680556893348694	0.23067693412303925	0.4194874167442322	0.24933570623397827	0.4785597324371338	0.7411911487579346	0.5480640530586243	0.5351125597953796	0.5667375922203064	0.8725324869155884	0.37046128511428833	0.5917229652404785	0.25434720516204834	0.2957885265350342	0.2809549570083618	0.7102521061897278	0.6859269142150879	0.5801061987876892	0.3508460223674774	0.6967023611068726	0.7227731347084045	0.49031955003738403	0.6156365871429443	0.48494112491607666	0.30538660287857056	0.41836464405059814	0.4373385012149811	0.2575092613697052	0.4562033712863922	0.3345605134963989	0.7768691778182983	0.5616695284843445	0.5149897933006287	0.6112815737724304	0.4123147130012512	0.5299382209777832	0.501470685005188	0.4910048246383667	0.5211166143417358	0.30984625220298767	0.8760852813720703	0.663720428943634	0.3641243278980255	0.5472575426101685	0.20361755788326263	0.3046266734600067	0.5907182097434998	0.42449718713760376	0.5229942202568054	0.31497088074684143	0.3184627890586853	0.3128149211406708	0.512258768081665	0.5247079133987427	1.0009136199951172	0.4219168424606323	0.5077546834945679	0.4015849828720093	0.44219815731048584	0.5787683725357056	0.9308839440345764	0.5787474513053894	0.4529007375240326	0.7184634208679199	0.41996392607688904	0.7040208578109741	0.6696500778198242	0.5008193850517273	1.3168938159942627	0.619938850402832	0.2935968041419983	0.61302649974823	0.30933666229248047	1.066379189491272	0.41508159041404724	0.32792016863822937	0.2494649887084961	0.4474256932735443	0.5722912549972534	0.16869007050991058	0.3260597586631775	0.3991856575012207	0.8580191731452942	0.9356592297554016	0.14077484607696533	0.5657695531845093	0.7046735286712646	0.3927718997001648	0.2854054868221283	0.5792322754859924	0.452498197555542	0.6366775035858154	0.8059141635894775	0.18645307421684265	0.4975821375846863	0.5513091087341309	0.4788191318511963	0.6810896396636963	0.35162782669067383	0.21334095299243927	0.09167768806219101	0.3070506155490875	0.08125749975442886	0.4732818007469177	0.28164783120155334	0.5412026047706604	0.23313789069652557	0.4687894582748413	0.48230865597724915	0.3755057454109192	0.3102799952030182	0.6841005086898804	0.9068881273269653	0.6394156813621521	0.4708528518676758	0.6452975273132324	0.4733153283596039	0.5177258253097534	0.6531921029090881	0.20849564671516418	0.7760539650917053	0.31481868028640747	0.6434808969497681	0.2868766784667969	0.34720391035079956	0.6157395839691162	0.2968353033065796	0.3411717712879181	0.5046508312225342	0.6529553532600403	0.7259655594825745	0.5156702995300293	0.6899128556251526	0.8960448503494263	0.885535717010498	0.4821397662162781	0.5515668392181396	0.28946757316589355	0.5872887372970581	0.606070876121521	0.43078693747520447	0.4460974931716919	0.1328735649585724	0.2654200792312622	0.6145460605621338	0.4097055196762085	0.8819655776023865	0.2080259472131729	0.4888034760951996	0.5701056718826294	0.3480129539966583	0.7203983664512634	0.49326688051223755	0.5115999579429626	0.41423046588897705	0.37275615334510803	0.3552262485027313	0.5923219323158264	0.35972312092781067	0.6541736721992493	0.5147213935852051	0.650538444519043	0.3617475926876068	0.4471992254257202	1.2187927961349487	0.6206870079040527	0.7646057605743408	0.3800860345363617	0.32606565952301025	0.7981237173080444	0.8299866914749146	0.815739095211029	0.3911919593811035	0.45291033387184143	0.6041601300239563	0.8483607769012451	0.5452132225036621	0.30223342776298523	0.460879921913147	0.4354906976222992	0.4441901743412018	0.23017637431621552	0.2556130886077881	0.21598853170871735	0.2190612554550171	0.5164271593093872	0.4192717969417572	0.25142085552215576	0.2945067286491394	0.7427688837051392	0.15729443728923798	0.3271331787109375	0.5420657396316528	0.6324083805084229	0.08449798077344894	0.6047415137290955	0.3788696825504303	0.35812631249427795	0.08569195866584778	0.6916133165359497	0.8656338453292847	0.3734271228313446	0.5672234296798706	0.45325833559036255	0.4809248447418213	0.4976629316806793	0.21633970737457275	0.41035160422325134	1.05515456199646	0.4128108620643616	0.6822296380996704	0.7628543376922607	0.7177441120147705	0.3226548433303833	0.6419663429260254	0.6978020071983337	0.8683047294616699	0.7556777000427246	0.29252874851226807	0.3313007950782776	0.4364723265171051	0.5654417276382446	0.1119319349527359	0.6203227043151855	0.3200562298297882	0.8744533061981201	0.7901421785354614	0.2890116274356842	1.0890766382217407	0.5593269467353821	0.4485820531845093	0.17421646416187286	0.9326499700546265	0.1662658303976059	0.7024099826812744	0.7869142293930054	0.45008182525634766	0.7949736714363098	0.6458906531333923	0.2938011884689331	0.41381269693374634	0.041978783905506134	0.2682743966579437	0.7695784568786621	0.43115946650505066	0.4021335244178772	0.6656297445297241	0.28524279594421387	0.8246746063232422	0.10409998893737793	0.22988013923168182	0.1554364114999771	0.9431203603744507	0.5533445477485657	0.21050377190113068	0.6172261834144592	0.3584778904914856	0.4991670548915863	0.9365733861923218	0.5637544989585876	0.4483887851238251	0.5853905081748962	0.48001211881637573	0.13495025038719177	1.3565280437469482	0.30573198199272156	0.45083820819854736	0.3910074234008789	0.33072763681411743	0.4821106195449829	1.2927703857421875	0.40016764402389526	0.6502180099487305	0.8850989937782288	0.8011634945869446	0.53033047914505	0.6407779455184937	0.47113722562789917	0.29163724184036255	0.3632238209247589	1.4450956583023071	0.7142353057861328	0.7913470268249512	0.5112944841384888	0.6268761157989502	0.5443747639656067	1.5400151014328003	0.6989423036575317	0.6989210844039917	0.44767963886260986	0.8142315745353699	0.8260115385055542	0.23741541802883148	0.8304598331451416	0.5926329493522644	0.3603554368019104	0.9293616414070129	0.6430860161781311	0.9451272487640381	0.7720287442207336	0.8208460807800293	1.0156725645065308	0.7078127264976501	0.6525920033454895	1.1008307933807373	0.31240758299827576	0.2914174199104309	0.41969728469848633	0.2708721458911896	0.40605467557907104	0.40706366300582886	0.4183989465236664	0.15278491377830505	0.5694441199302673	0.6254706978797913	0.35863828659057617	0.4976690411567688	0.34485703706741333	0.6574631929397583	0.1749642938375473	0.9621486663818359	0.11841856688261032	0.5850099325180054	0.2552456259727478	0.5444885492324829	0.2516980469226837	0.5230675339698792	0.5517055988311768	0.309232622385025	0.5996180176734924	0.9956878423690796	0.27144667506217957	0.44010841846466064	0.602290689945221	0.4812141954898834	0.5096503496170044	0.49829772114753723	0.7690029740333557	0.3920378088951111	0.3917710781097412	0.8229719400405884	1.0505751371383667	0.24634051322937012	0.8978102803230286	0.6325411796569824	0.11900442838668823	0.352409303188324	0.0328541174530983	0.6363289952278137	0.6431297063827515	0.6928128004074097	0.2999257445335388	0.25779983401298523	0.42438969016075134	0.7643849849700928	0.20256665349006653	0.25491034984588623	0.9038957357406616	0.40146058797836304	0.3113953471183777	0.655799388885498	0.7188656330108643	0.8773602843284607	1.353104591369629	0.9764491319656372	0.33243364095687866	0.39782994985580444	0.44019177556037903	0.2627255320549011	0.5437924265861511	0.8770644068717957	0.3396560549736023	1.0527441501617432	0.7539694309234619	0.36164048314094543	0.631888747215271	0.19901320338249207	0.45082607865333557	0.2608399987220764	0.5367087125778198	0.7144396305084229	0.6647973656654358	0.5163954496383667	0.6390414237976074	0.37637439370155334	0.496845543384552	0.6237860918045044	0.46279677748680115	0.36671704053878784	0.6430074572563171	0.67801433801651	0.6918516159057617	1.070757269859314	0.209953173995018	0.4229016602039337	0.15254069864749908	0.9715362787246704	0.8077383041381836	0.7050818204879761	0.5834172964096069	0.6748132705688477	0.6806457042694092	0.5096795558929443	0.6293174624443054	0.1059604287147522	0.2798047959804535	0.8354797959327698	1.33853018283844	0.9287786483764648	0.795309841632843	0.630469799041748	0.2680370807647705	0.7984502911567688	0.32566651701927185	0.25311049818992615	0.37869566679000854	0.4282503128051758	0.37192434072494507	0.6039313077926636	0.24645675718784332	1.2644106149673462	0.4682132601737976	0.8033335208892822	0.42738890647888184	0.3987622857093811	0.2356627881526947	0.6967794299125671	0.4483751952648163	0.5193849802017212	0.4870774745941162	0.18551099300384521	0.7416399717330933	0.9261197447776794	0.916635274887085	0.9495197534561157	0.5202065110206604	0.24005591869354248	0.7020091414451599	0.3327680230140686	0.8150457739830017	0.5494006276130676	0.6266908049583435	0.49598807096481323	0.6062050461769104	0.9131395816802979	0.27906689047813416	0.47371920943260193	0.4881395101547241	0.29069361090660095	0.4946048855781555	0.2701132893562317	0.39952242374420166	0.7983367443084717	0.7583751082420349	0.7746437191963196	0.20351967215538025	1.1450927257537842	0.1638658344745636	0.6776576042175293	0.35655608773231506	0.4902518391609192	0.6461565494537354	0.6336460709571838	0.5928980112075806	0.2599174380302429	0.9491094946861267	0.3772178888320923	0.9043164253234863	0.35850250720977783	0.7824033498764038	0.47105202078819275	0.654769778251648	0.7032057046890259	0.45992031693458557	0.11002125591039658	0.23110191524028778	0.41789358854293823	0.7401562929153442	0.5702199339866638	0.2663167119026184	0.560734748840332	0.5330045819282532	0.8960089683532715	0.3510075509548187	0.2153596580028534	0.8021100759506226	0.35132989287376404	0.1369161307811737	0.4677507281303406	0.545842170715332	0.543513298034668	0.23569642007350922	0.20069535076618195	0.6298719048500061	0.32602375745773315	0.5468772053718567	0.7806859016418457	0.468305766582489	0.5665473341941833	0.28943291306495667	0.5920989513397217	0.6566488742828369	0.8385885953903198	0.6424586176872253	0.25289177894592285	0.7218586206436157	0.7379435300827026	0.555446982383728	0.627556324005127	1.092821717262268	0.42257410287857056	0.26820307970046997	0.5540876388549805	0.14105500280857086	0.8555268049240112	0.36137616634368896	0.28966715931892395	0.21931658685207367	0.39690861105918884	0.35365986824035645	0.5943286418914795	0.5504392385482788	0.17935802042484283	0.26961731910705566	0.41811221837997437	0.4597505033016205	0.46291109919548035	0.5388516187667847	0.7719107866287231	0.4369695782661438	0.3981234133243561	0.6268517971038818	0.46879613399505615	0.610446035861969	0.6303638815879822	0.16498598456382751	0.25215211510658264	0.25985026359558105	0.37348467111587524	1.4217532873153687	0.5461759567260742	0.5237323641777039	0.37111181020736694	0.25811463594436646	0.22435224056243896	0.5233927369117737	1.239199161529541	0.4246566593647003	0.39138346910476685	0.5282429456710815	0.4389375150203705	0.7354124784469604	0.25884100794792175	0.6501567959785461	0.5774618983268738	0.5087847709655762	0.4954489767551422	0.5673094987869263	0.7161449790000916	0.5897443294525146	0.9814389944076538	0.6190814971923828	1.2971878051757812	0.1690753698348999	1.114516019821167	0.48434215784072876	0.00014643557369709015	0.5117497444152832	0.43060773611068726	0.6451199650764465	0.7408610582351685	0.1922357678413391	0.4217698872089386	0.9212498664855957	1.1728121042251587	0.6023087501525879	0.6212796568870544	1.0773643255233765	0.29593566060066223	0.5043706297874451	0.6078782081604004	0.5718678832054138	1.1664234399795532	0.8554102778434753	0.3233896493911743	0.3354390263557434	0.3071655333042145	0.912075936794281	0.47938281297683716	0.5053209662437439	0.8295344114303589	0.3570884168148041	1.0474419593811035	1.166103482246399	0.903162956237793	0.35029682517051697	1.281606912612915	0.6637527942657471	0.6097408533096313	0.35838720202445984	0.5862157940864563	0.40908318758010864	1.067093849182129	0.6900231838226318	0.2936617434024811	0.3874332308769226	0.2879188656806946	0.6086375713348389	1.0865181684494019	0.322632759809494	0.38641029596328735	0.4525258541107178	0.5216383934020996	1.0329025983810425	0.3283047080039978	0.29572904109954834	0.529404878616333	0.6514915227890015	0.3520129919052124	0.06760357320308685	0.2628406882286072	1.4672596454620361	0.17300891876220703	0.9342833161354065	0.4175644814968109	0.7564555406570435	0.3411814272403717	0.5972388386726379	0.6578753590583801	0.5475190281867981	1.0340107679367065	0.5628083348274231	0.9194750785827637	0.24901807308197021	0.6913493871688843	0.7721449732780457	0.25110527873039246	0.3449004292488098	0.06230909004807472	0.38393276929855347	0.23021741211414337	1.518049955368042	0.5221216678619385	0.7486348748207092	0.23362189531326294	0.8787736892700195	0.30801209807395935	0.17952126264572144	0.7080239653587341	0.5412173867225647	0.6369813680648804	0.3528730571269989	0.6127239465713501	0.5580310821533203	0.3264707922935486	0.8240095973014832	0.6496061086654663	0.6820811629295349	0.4906674325466156	0.2548253536224365	0.5160129070281982	0.8762274980545044	0.6448525190353394	0.5849863290786743	0.39754825830459595	0.981879711151123	0.6299541592597961	0.649187445640564	0.18527625501155853	0.8906458616256714	0.9999820590019226	0.1332484483718872	0.6888630986213684	0.6433638334274292	0.4827585220336914	0.3071407377719879	0.503171980381012	0.8415359258651733	0.4736310839653015	0.6704639196395874	0.6148951649665833	0.4175860285758972	0.37184661626815796	0.9113191962242126	0.9004888534545898	0.5492057800292969	0.3686301112174988	0.3367849290370941	0.28579771518707275	0.2534206807613373	0.620472252368927	1.0702370405197144	1.3343945741653442	0.5348471403121948	0.5637010335922241	0.7205145955085754	0.40091800689697266	0.49108922481536865	0.95658940076828	0.632965624332428	0.5363510847091675	0.37492483854293823	0.25353267788887024	0.5188595056533813	0.4768048822879791	0.7755588293075562	0.37486401200294495	0.5053459405899048	0.49785736203193665	0.532428503036499	0.8054221272468567	0.35046714544296265	0.18563614785671234	0.44723907113075256	0.9707583785057068	0.5392940640449524	0.6555079221725464	0.1251990795135498	0.565325140953064	0.3313533663749695	0.5678518414497375	0.3477210998535156	0.5139578580856323	0.7546306252479553	1.040693759918213	0.34757447242736816	1.1236900091171265	0.4159160852432251	0.5761061906814575	0.4110366702079773	0.8123350143432617	0.4390333890914917	0.530584990978241	0.9137071967124939	0.4419262707233429	0.5652888417243958	0.8947028517723083	0.41800570487976074	0.4532819986343384	0.5772374868392944	0.6341937780380249	0.9165999293327332	1.1042249202728271	1.4498246908187866	0.7221020460128784	0.5504401326179504	0.5209519863128662	0.1753745973110199	0.3462323844432831	0.8880854845046997	0.26444578170776367	0.8011540770530701	0.5839443206787109	0.8584060668945312	0.5352715849876404	0.34358805418014526	0.40704938769340515	0.44845372438430786	0.36312469840049744	0.5433650016784668	0.6269373297691345	0.4491496682167053	0.33877140283584595	0.38438165187835693	0.5033020377159119	0.41751599311828613	0.5265774130821228	0.23215584456920624	1.1464616060256958	0.6617328524589539	0.5809789299964905	0.4071796238422394	0.3781038820743561	0.5094922780990601	0.7422850728034973	0.726008951663971	0.712505578994751	0.5580413341522217	0.5034544467926025	0.20991945266723633	0.9121159911155701	0.4110817015171051	0.8817905187606812	0.888629138469696	0.41922634840011597	0.485344260931015	0.3893269896507263	0.3797491490840912	0.1784127950668335	0.8807795643806458	0.17854467034339905	0.4764350652694702	0.7236235737800598	0.599239706993103	1.2741366624832153	0.7027108073234558	0.7573630809783936	0.39479169249534607	1.0566351413726807	0.5540443062782288	1.0527313947677612	0.7532223463058472	0.4404783546924591	0.6693955659866333	0.2302287369966507	0.44637569785118103	1.0462195873260498	0.8670491576194763	0.36003103852272034	0.260823518037796	0.3534347414970398	0.5527620911598206	0.4798305332660675	0.2263038456439972	0.5435173511505127	0.8051425814628601	0.6074275374412537	0.6348757743835449	0.6640294194221497	0.8744004368782043	0.42966166138648987	0.8463876247406006	0.5849394202232361	0.33680370450019836	0.39792436361312866	0.25461965799331665	0.608875572681427	0.23867040872573853	0.22485566139221191	0.3290971517562866	0.35960373282432556	0.6773331165313721	0.4264356791973114	0.5430380702018738	1.2664823532104492	0.4943568706512451	0.8359953761100769	0.18353749811649323	0.5385693907737732	0.47588539123535156	0.40544164180755615	1.1624958515167236	0.5046663284301758	0.4500358998775482	0.49375322461128235	0.5321782231330872	0.3924855589866638	0.8602499961853027	0.6580470204353333	1.3356223106384277	0.1500624716281891	0.8455058336257935	0.5105302929878235	0.3927079141139984	0.2797936499118805	0.8793501257896423	0.4210061728954315	0.28830984234809875	0.3315209746360779	0.29520130157470703	0.29518163204193115	0.501851499080658	0.5916138291358948	1.171879529953003	0.6959560513496399	0.2765677869319916	0.3470103144645691	1.001178503036499	0.28986406326293945	0.14216437935829163	0.3109062612056732	0.8238053917884827	0.526408314704895	0.5016036033630371	0.20843292772769928	0.6305329203605652	0.5430588722229004	0.9664942026138306	0.669029712677002	0.5566957592964172	0.5926101207733154	0.1842985600233078	0.8662415146827698	0.6846330165863037	0.09909871220588684	0.7225953340530396	0.7914907336235046	0.3417777121067047	0.3224763572216034	0.47943663597106934	0.660842776298523	0.7192228436470032	0.5319933891296387	0.4152032732963562	0.29736578464508057	0.22014537453651428	0.3168037533760071	0.7196906805038452	0.8212880492210388	0.28742530941963196	0.32849109172821045	0.5648562908172607	0.7075729966163635	0.47958117723464966	0.4945582151412964	0.4806957542896271	0.6320511102676392	0.24680039286613464	0.2917312681674957	0.3109179139137268	0.3576657176017761	0.547724723815918	0.7343764901161194	0.6836321949958801	0.8040941953659058	0.374875009059906	0.29170429706573486	0.23943978548049927	0.47443583607673645	0.7011933326721191	0.584716260433197	0.1674625724554062	0.19100113213062286	0.33610913157463074	0.4038778245449066	0.6616480946540833	0.15432988107204437	0.5528751015663147	1.1953293085098267	0.23452426493167877	0.7183763980865479	0.7791624069213867	1.089550256729126	0.4080144166946411	0.7323096394538879	0.8063578009605408	0.9028754234313965	1.083766222000122	0.7027746438980103	0.8744217157363892	0.3755047917366028	0.5770255923271179	0.1621159464120865	0.431801974773407	1.0579469203948975	0.8271329998970032	0.44261863827705383	0.689922034740448	0.2636001706123352	0.39722615480422974	0.6922616958618164	0.4401247799396515	0.7041457295417786	0.8066757917404175	0.18087169528007507	0.5031663775444031	0.5920760035514832	0.4899316728115082	1.3169360160827637	0.4822225570678711	0.3386210501194	0.6758697032928467	0.31473594903945923	0.5057024955749512	0.34009677171707153	0.4412820637226105	0.43001601099967957	0.27391281723976135	0.5127820372581482	0.43236014246940613	0.40828508138656616	0.15606030821800232	0.5259971618652344	1.020249605178833	0.4313260316848755	0.8428881168365479	0.6111748814582825	0.256482869386673	0.2654549479484558	0.3293237090110779	0.4951321482658386	0.2180982381105423	0.32284387946128845	0.35044845938682556	0.8428813815116882	0.2612879276275635	0.7041285037994385	0.9560348987579346	0.6802043914794922	0.7285035848617554	0.6028100848197937	0.5617302656173706	0.3703320026397705	0.6477027535438538	0.40246862173080444	0.6243647336959839	1.0580174922943115	0.8099307417869568	0.2890154719352722	0.3981160521507263	0.2619876265525818	1.042515516281128	0.808522641658783	0.5934058427810669	0.6068100929260254	0.6823466420173645	0.5262564420700073	0.1812373846769333	0.13472101092338562	0.18720918893814087	0.35015952587127686	0.20897206664085388	1.3638166189193726	0.9245210886001587	0.32144695520401	0.39075541496276855	0.10489903390407562	0.7579320669174194	0.7074925303459167	0.6587352752685547	0.6024802327156067	0.4441659152507782	0.6737990379333496	0.9828446507453918	0.5044888854026794	0.36328601837158203	0.7818232178688049	0.911881685256958	0.6576555967330933	0.2374398410320282	0.8863239884376526	0.7704678177833557	0.3348233699798584	0.745741605758667	1.0723090171813965	0.895785927772522	0.8063437938690186	0.5289109349250793	0.5066452026367188	0.48906683921813965	1.0362437963485718	1.177506685256958	0.7138733267784119	0.3497583866119385	0.6913661956787109	0.7559747695922852	0.9175428152084351	0.44290363788604736	0.9489520788192749	0.5671998262405396	0.43841755390167236	0.5975092053413391	0.6758677959442139	0.29320430755615234	0.4519428014755249	0.9985798001289368	0.3203549087047577	0.6378906965255737	0.4542354345321655	0.7579281330108643	0.6679776310920715	0.43511319160461426	0.8727824091911316	0.28653988242149353	0.27130985260009766	0.44149407744407654	0.30296480655670166	0.37065356969833374	1.0768383741378784	0.22636209428310394	0.2135358601808548	0.496248722076416	0.38904836773872375	0.6582022309303284	0.3412232995033264	0.3350491523742676	0.18264885246753693	0.5353412628173828	0.6722145080566406	0.23240779340267181	0.23566533625125885	0.743109405040741	0.3733118176460266	0.543293833732605	0.6428760290145874	0.666960597038269	0.5359157919883728	0.29835930466651917	0.5880266427993774	0.611865758895874	0.552129328250885	0.494053453207016	0.5057024955749512	0.6548009514808655	0.5256993770599365	0.3199838101863861	0.7248088717460632	0.4077903628349304	0.41516849398612976	0.4406847357749939	0.7817988991737366	0.4257570505142212	0.4999728202819824	0.5366958975791931	0.43127959966659546	0.46216487884521484	1.1014381647109985	0.708030104637146	0.25336623191833496	0.7183569669723511	0.4591977000236511	0.5403722524642944	0.39085590839385986	0.7801275253295898	1.084343671798706	0.5964733958244324	0.4634745121002197	0.33199042081832886	0.4242017865180969	0.1425662636756897	0.45392099022865295	0.6389942169189453	0.6661794781684875	0.32475847005844116	0.31907638907432556	0.5735448002815247	0.7045189142227173	0.17914514243602753	0.6145639419555664	1.1230961084365845	0.16539226472377777	0.7664546966552734	0.26144516468048096	0.39312508702278137	0.43587636947631836	0.06377311050891876	0.35842448472976685	0.5081480145454407	0.7140898704528809	0.5558476448059082	0.641875147819519	0.7402571439743042	0.2867792546749115	0.5442447662353516	0.4266725778579712	0.46991243958473206	0.1643650382757187	0.9391046762466431	0.5058895349502563	0.6219035387039185	0.238878071308136	0.31163865327835083	0.5302486419677734	0.25751933455467224	0.4332653880119324	0.12382803112268448	0.9746956825256348	0.7185948491096497	0.15216155350208282	0.6290326118469238	0.20004737377166748	0.24590888619422913	0.7490072846412659	0.5013830065727234	0.7205002903938293	0.2542992830276489	0.4316868484020233	0.12038864195346832	0.5212686657905579	0.48886048793792725	0.3816254436969757	1.1035455465316772	0.2521623373031616	0.6457977294921875	0.3812633752822876	0.7761901617050171	0.6280282139778137	0.8123370409011841	0.30625808238983154	0.34341874718666077	0.6911026239395142	0.4529677629470825	0.4826605021953583	0.5597831010818481	0.817817211151123	0.4368129074573517	0.7956811785697937	0.38063719868659973	0.2388332635164261	0.7054368257522583	1.2317205667495728	0.5524489879608154	0.6746630668640137	0.4754747450351715	0.4303989112377167	0.5767716765403748	0.3530411422252655	0.6986149549484253	0.41519874334335327	0.9439734220504761	0.6391137838363647	0.32253265380859375	0.7022759318351746	0.752760648727417	0.246831014752388	0.533725917339325	0.29826265573501587	0.6749141216278076	0.3421270251274109	0.5391779541969299	0.42191845178604126	0.5878419280052185	0.5386947989463806	0.4560025930404663	0.8229278326034546	0.7484532594680786	0.2961972951889038	0.40139317512512207	0.8443421721458435	0.5869619250297546	0.38839957118034363	0.2968733310699463	0.332893967628479	1.3743336200714111	1.0503665208816528	0.457905113697052	0.725398063659668	0.6034099459648132	0.4856005311012268	0.17389944195747375	0.17618083953857422
1.4022830724716187	0.8844009041786194	1.0510461330413818	0.005998872220516205	0.09194166958332062	0.2970717251300812	0.47835493087768555	0.7356566786766052	0.8247703909873962	0.2884173095226288	0.055472396314144135	0.20918264985084534	1.5662460327148438	0.5428822040557861	0.39317142963409424	0.030561456456780434	0.5468181371688843	0.6572277545928955	0.9382891654968262	0.37032562494277954	0.6739711165428162	0.257855087518692	0.20533479750156403	0.3044429123401642	0.2526280879974365	0.6250094175338745	0.3276064693927765	1.0895541906356812	0.4655139148235321	0.5092204213142395	0.4299966096878052	0.809840202331543	0.5357259511947632	0.11240740865468979	0.2794218063354492	0.6970069408416748	0.5222007036209106	0.7649358510971069	0.7190095782279968	0.8073548674583435	0.1503017246723175	1.3581087589263916	0.5310379266738892	0.4605983793735504	0.14529761672019958	0.17434369027614594	0.6110017895698547	0.5864059329032898	0.48270899057388306	0.839654266834259	1.241579532623291	0.7951089143753052	0.7319507002830505	0.4050314426422119	0.2889309525489807	0.2353796511888504	0.3672703504562378	0.04044719785451889	0.2793641984462738	0.0980137437582016	0.1537013053894043	0.26198381185531616	1.2633839845657349	1.1884052753448486	0.40457385778427124	0.5909819006919861	1.2862704992294312	0.24329304695129395	0.52863609790802	0.3993237614631653	0.40886834263801575	0.3273524045944214	1.1523222923278809	0.5752208828926086	0.33077454566955566	0.09645850956439972	0.5202872157096863	0.26862961053848267	1.1529738903045654	1.1301079988479614	0.3285807967185974	0.6124905347824097	0.4947144687175751	0.4626692235469818	0.33833107352256775	0.2184540331363678	0.716474175453186	1.1059775352478027	0.7653953433036804	0.2861748933792114	0.1177949383854866	0.5164255499839783	0.0	1.0649750232696533	0.1624583601951599	0.3970540463924408	0.5905759930610657	0.34598153829574585	0.4052441716194153	0.02820473536849022	0.07177691906690598	0.5535322427749634	0.5626552700996399	0.5438052415847778	0.7730167508125305	0.8661616444587708	0.7760692238807678	0.7743396759033203	0.7846139073371887	0.2923952043056488	0.5904351472854614	0.30131739377975464	1.0428699254989624	0.43265724182128906	0.7537683248519897	0.2628464698791504	0.4364505112171173	0.5645697116851807	1.610113501548767	0.8968239426612854	0.6654199361801147	0.19279278814792633	0.950634777545929	0.40458324551582336	1.197107195854187	0.39179548621177673	0.3169802725315094	0.7961349487304688	0.7410099506378174	0.5146583318710327	0.529733419418335	0.41337570548057556	0.5531238317489624	0.18293806910514832	0.3212217688560486	0.6484875679016113	0.3154410421848297	0.31344160437583923	0.3445802628993988	0.5582419633865356	0.47154438495635986	0.034361571073532104	1.0110371112823486	0.5176159739494324	0.8271984457969666	1.095947027206421	1.2442187070846558	0.14511361718177795	0.5713605880737305	0.5144728422164917	0.2679087221622467	0.16409167647361755	0.036384254693984985	0.9728950262069702	0.25333982706069946	0.5290327668190002	0.2525566518306732	0.26895949244499207	0.33851101994514465	0.44966480135917664	0.591387152671814	1.1682875156402588	0.3837038576602936	0.22119075059890747	0.62110835313797	0.32852548360824585	0.010214687325060368	0.29702597856521606	1.6122146844863892	0.4850972890853882	0.6071039438247681	0.5136972069740295	0.164241760969162	1.090338945388794	0.2799356281757355	0.1612837314605713	0.2426091730594635	0.4197254776954651	0.45288193225860596	0.19367007911205292	0.05857820808887482	0.9289048910140991	0.6532747745513916	0.7198560237884521	0.3037114143371582	1.2406572103500366	0.4361329674720764	0.4016120731830597	1.0558109283447266	0.7887312769889832	0.6274348497390747	0.3833340108394623	0.38393014669418335	0.3107946813106537	0.3131127655506134	0.6437755227088928	0.7809411287307739	0.2727750539779663	0.4174007177352905	0.5678113698959351	0.6878140568733215	0.6626933217048645	0.9445197582244873	0.7464728355407715	0.6540413498878479	1.4651837348937988	0.6506012082099915	0.24090860784053802	0.9194667935371399	0.7796602249145508	0.3636164665222168	0.5646265149116516	0.17835882306098938	0.32764753699302673	0.46265947818756104	0.8245131373405457	0.8405274152755737	0.7037454843521118	0.7222459316253662	0.6495176553726196	0.30291688442230225	0.5462427139282227	0.4804559051990509	0.5815865397453308	0.07801756262779236	0.25032269954681396	0.6276746988296509	0.464756041765213	0.23087453842163086	1.0700548887252808	0.6351512670516968	0.3814658224582672	0.194361612200737	1.5335590839385986	0.6562461853027344	0.38900402188301086	0.2037840187549591	0.3691391348838806	0.7907297015190125	0.20458051562309265	0.5399959683418274	0.363159716129303	0.22576329112052917	0.4255959391593933	0.625777006149292	0.5977707505226135	0.9422959685325623	1.2081282138824463	0.277297705411911	0.6660964488983154	0.749981701374054	0.5289133787155151	0.360199511051178	0.665287971496582	0.6905797719955444	0.44958290457725525	0.7257009744644165	0.7507272958755493	1.5557823181152344	0.3877367079257965	0.6384952068328857	0.9698778390884399	0.37588438391685486	0.644655704498291	0.49475306272506714	0.20874421298503876	0.5708314180374146	0.45347946882247925	0.15102830529212952	0.6566495895385742	0.4088921844959259	1.1432454586029053	1.152335524559021	0.6112831234931946	0.9376781582832336	0.32293373346328735	0.749719500541687	0.9147448539733887	0.4260273277759552	0.19271773099899292	0.7807044982910156	0.6833125948905945	0.6480854749679565	0.19874630868434906	1.0406780242919922	0.9039903283119202	0.298123300075531	0.133405864238739	1.1477625370025635	0.5122661590576172	0.1522754579782486	0.41381189227104187	0.4553614854812622	0.22054550051689148	0.39542102813720703	1.2506098747253418	0.39115357398986816	0.44512033462524414	0.6974235773086548	0.311271071434021	0.29297149181365967	0.2932165861129761	0.4868171811103821	1.2837854623794556	0.7670103311538696	0.29046866297721863	0.08369671553373337	0.293812096118927	0.5087853074073792	0.6482271552085876	0.6073745489120483	0.14409451186656952	0.7743096351623535	0.4105442762374878	0.8987216949462891	1.2364994287490845	0.22390961647033691	0.25569090247154236	0.8120813369750977	0.08602911978960037	0.6804065108299255	0.37453439831733704	0.5116167664527893	0.5691089034080505	1.2467553615570068	0.23760204017162323	0.21972022950649261	0.8801523447036743	1.1788464784622192	0.5546682476997375	0.4906994700431824	0.550308108329773	0.10723597556352615	0.6671627759933472	0.17196965217590332	0.5785013437271118	0.5439517498016357	0.6617777943611145	0.2513112425804138	0.7671538591384888	0.20643854141235352	0.42851701378822327	0.27632150053977966	0.17704078555107117	0.448253870010376	0.4342758059501648	0.5365213751792908	0.6253947615623474	1.4055956602096558	0.4990222454071045	0.821145236492157	0.34433069825172424	0.2993883192539215	1.7037997245788574	0.6824062466621399	0.1928226202726364	0.5412375330924988	0.5015531778335571	0.4083806276321411	0.7573056221008301	1.0828076601028442	0.1808881163597107	0.5479562282562256	0.3814844489097595	1.3461605310440063	0.8846133351325989	1.2639871835708618	0.3914251923561096	0.3651072680950165	0.2407926768064499	0.49152249097824097	0.13993896543979645	0.6476148366928101	0.6309117674827576	0.3062370717525482	0.8274102807044983	0.5509204268455505	0.19808782637119293	0.9020639061927795	0.527024507522583	0.6567683815956116	0.7874991297721863	0.27198153734207153	0.47201794385910034	0.272461861371994	0.2606123387813568	1.2278655767440796	0.3112245500087738	0.3206246793270111	0.33025890588760376	0.8596085906028748	0.5458273887634277	0.30309998989105225	0.45394718647003174	0.606108546257019	0.36845189332962036	0.44940072298049927	0.3261881470680237	1.160412073135376	1.0063204765319824	0.45053884387016296	0.43316197395324707	0.21585239470005035	0.9065340757369995	0.42655566334724426	0.2053101658821106	0.7337201237678528	0.8160856366157532	0.5521789193153381	0.31552016735076904	0.9340400099754333	0.46648889780044556	0.3698299527168274	0.40852847695350647	0.347359836101532	0.36426031589508057	0.2907141447067261	0.957283079624176	0.5572583675384521	0.8743136525154114	0.4046262502670288	0.5453275442123413	0.8618214130401611	0.4502837657928467	0.4393182396888733	0.4800499677658081	0.576562225818634	0.18303947150707245	0.8351610898971558	0.8571841716766357	0.17572550475597382	0.5763167142868042	0.24205248057842255	0.4284570813179016	0.44073328375816345	0.5580052137374878	0.6516335010528564	0.28359928727149963	0.488628089427948	0.3829330503940582	0.2291422188282013	1.4390501976013184	1.0236486196517944	0.5856887102127075	0.3889012336730957	0.5811678767204285	0.2015674114227295	0.6120421886444092	0.7052978873252869	0.46168798208236694	0.1046958789229393	0.29583513736724854	1.2156611680984497	0.3862120509147644	0.7837528586387634	0.16644378006458282	0.21483837068080902	0.3068634867668152	0.6799433827400208	0.4627312123775482	0.9312509894371033	0.4226812720298767	0.35590705275535583	1.4216461181640625	0.6407507061958313	0.380270779132843	0.6454237103462219	0.5257067084312439	0.5591715574264526	0.7899216413497925	0.5799339413642883	0.41209542751312256	0.7689046859741211	0.3746788203716278	0.5144795775413513	0.33446159958839417	0.5205680131912231	0.24916958808898926	0.8377344012260437	0.7396955490112305	0.35107728838920593	0.19999346137046814	0.601460874080658	0.6213632822036743	1.6376007795333862	0.9751554727554321	0.902408242225647	0.6383540630340576	0.6328577995300293	0.4425194263458252	0.43170154094696045	0.267523854970932	0.8689377307891846	0.6291907429695129	0.34940236806869507	0.685560941696167	0.37463298439979553	0.3714856207370758	0.11175380647182465	1.433913230895996	0.1859910786151886	0.7018043994903564	0.514064610004425	0.3009127378463745	0.9191587567329407	0.7273620963096619	0.385236531496048	0.5170727968215942	0.3815300464630127	0.44865572452545166	0.13471560180187225	0.4858400523662567	0.5157780647277832	0.441033273935318	0.4261047840118408	0.2819654047489166	0.4363533556461334	0.3972020745277405	0.85857093334198	0.2128944844007492	0.34490618109703064	1.637852668762207	1.0493768453598022	1.2018382549285889	0.2859635651111603	0.1548728048801422	0.9438209533691406	1.1060103178024292	0.34542709589004517	0.6682761311531067	0.28373703360557556	0.6605489253997803	0.5462498664855957	0.23333363234996796	0.921623706817627	0.2757687568664551	0.6331142783164978	0.4049363434314728	0.567481517791748	0.8909802436828613	0.8509234189987183	0.5853152275085449	0.09160540997982025	1.0117404460906982	0.4277484714984894	1.0674190521240234	0.3909052312374115	0.2849113345146179	1.0038636922836304	0.25739890336990356	0.563654899597168	0.5857464671134949	0.2542461156845093	0.5084161162376404	0.25847676396369934	0.36999204754829407	0.4942244589328766	0.5186984539031982	0.5083439946174622	0.4590595066547394	0.44551345705986023	0.9502156972885132	0.533428966999054	0.33996590971946716	0.27549803256988525	0.25144219398498535	0.49653860926628113	0.2831921875476837	0.7296048402786255	0.4049519896507263	0.9306802749633789	1.2466928958892822	0.391701877117157	1.4684041738510132	0.3712146282196045	0.447466641664505	0.07813337445259094	0.19875197112560272	0.7277501821517944	0.42052513360977173	0.6094164252281189	0.49642306566238403	0.590018630027771	0.5832159519195557	0.5614518523216248	0.42166784405708313	0.2048875093460083	0.9408156871795654	0.14784909784793854	0.596027135848999	0.7967818379402161	1.2106775045394897	0.40108370780944824	0.568497896194458	0.4425598680973053	1.0407956838607788	1.3787858486175537	0.4249829053878784	0.6363487839698792	0.4319538474082947	0.2360762506723404	0.49802184104919434	0.37786364555358887	0.6049119234085083	1.311666488647461	0.5571432709693909	0.5816408395767212	0.4953484833240509	0.15001745522022247	0.7736067175865173	0.05875299498438835	0.4998531937599182	0.3172357976436615	0.16420841217041016	0.5732699036598206	0.7400635480880737	0.18665875494480133	0.37959733605384827	0.4105815291404724	0.24926236271858215	0.27067169547080994	0.592113196849823	0.47622475028038025	1.0913621187210083	0.2449510544538498	0.22585073113441467	0.34107506275177	0.4049549996852875	0.3831218481063843	0.4398813545703888	0.6700103282928467	0.19718855619430542	0.1692296266555786	1.4305495023727417	0.41614776849746704	0.4003438651561737	0.49852365255355835	0.0618562325835228	0.20991776883602142	0.7454258799552917	0.5490002632141113	0.5317200422286987	0.5181158185005188	0.4457993507385254	0.8112465739250183	0.5022777915000916	0.46794092655181885	0.5897969603538513	0.10497868061065674	1.0469608306884766	0.5451300740242004	0.38154906034469604	0.35147973895072937	0.29112154245376587	1.1039780378341675	0.13648030161857605	0.13933295011520386	0.7210888862609863	0.7418752312660217	0.25881826877593994	0.2508639395236969	0.22490552067756653	0.10259124636650085	0.5647827386856079	0.5839411020278931	0.7517597079277039	0.458909809589386	0.32313916087150574	0.18782967329025269	0.44336998462677	0.22417889535427094	0.43313804268836975	0.1502220332622528	0.3604813814163208	0.9965853691101074	1.4169516563415527	0.043505214154720306	0.6486985087394714	1.472883701324463	0.21960565447807312	0.45301198959350586	0.47358882427215576	1.1704727411270142	0.40032991766929626	0.7735534906387329	0.5159119367599487	0.5043075084686279	0.5047433376312256	0.26113051176071167	0.4504900574684143	1.2673898935317993	0.5972999930381775	1.0744433403015137	0.6078726053237915	0.25842130184173584	0.4578981101512909	0.6044950485229492	0.25470003485679626	0.40525853633880615	0.49430128931999207	0.3639276921749115	0.7878086566925049	0.13184493780136108	0.24556073546409607	0.3125907778739929	0.2870998978614807	0.1676008403301239	0.5407423377037048	0.39170271158218384	0.519574761390686	0.39770248532295227	0.4183925986289978	1.4851857423782349	0.27609148621559143	0.5561797618865967	0.38416528701782227	0.6090501546859741	0.6536973714828491	0.5467736721038818	1.1439534425735474	0.9285881519317627	0.7546597719192505	0.7730395197868347	0.32461804151535034	0.1945713758468628	0.482632577419281	0.4136617183685303	0.31173422932624817	0.14097198843955994	0.69535231590271	0.23020079731941223	0.9058526754379272	0.4631422162055969	0.29429125785827637	1.126044511795044	0.2517080307006836	0.09586086869239807	0.7419298887252808	0.5021868944168091	0.2221698760986328	0.920364499092102	1.0813640356063843	0.988121509552002	0.6196013689041138	0.9170787334442139	0.8096345067024231	0.44432443380355835	0.6316120028495789	0.5113539695739746	0.7745259404182434	0.5838368535041809	0.39525023102760315	0.3204006850719452	0.15239672362804413	0.40707340836524963	0.5468695759773254	1.1299959421157837	0.16231249272823334	0.825052797794342	0.8788623213768005	0.6853693127632141	0.29168930649757385	0.0527971051633358	0.43656063079833984	0.347838431596756	0.393985778093338	0.5219082832336426	0.5330302715301514	0.36720407009124756	0.23421528935432434	0.467008113861084	0.393020361661911	0.8806256055831909	0.47283700108528137	0.36250418424606323	0.3761439621448517	0.5262418985366821	0.18352356553077698	0.17531675100326538	0.57735675573349	0.7807185649871826	0.11465611308813095	1.2013850212097168	0.32929569482803345	0.11443163454532623	0.7197656631469727	0.5090725421905518	0.2955435812473297	0.16630227863788605	0.2293558120727539	1.0510886907577515	0.44666579365730286	0.6593737006187439	0.5937961339950562	0.6000436544418335	0.31534311175346375	0.4909289479255676	0.6538596749305725	0.48726218938827515	0.8407378792762756	0.635697603225708	0.4054786264896393	1.4772980213165283	0.590900182723999	0.16918370127677917	0.9160467982292175	1.0533090829849243	0.34710490703582764	0.8575790524482727	0.44157883524894714	0.3813443183898926	0.5509849190711975	0.7117282152175903	0.2639068365097046	0.7436726093292236	0.5816280841827393	1.0479546785354614	0.7690598964691162	0.396379292011261	0.3251194655895233	0.31450730562210083	0.6153214573860168	0.5276854038238525	0.823584258556366	0.5777910947799683	0.9580526947975159	1.37261962890625	0.49148815870285034	0.4615671634674072	0.3851962685585022	0.6324370503425598	0.2549559473991394	0.213621124625206	0.4246315360069275	0.42030054330825806	1.0145078897476196	0.44921618700027466	0.6154887080192566	0.2826352119445801	0.9569057822227478	0.18504664301872253	0.35387399792671204	0.04664239287376404	0.39648619294166565	1.2437167167663574	0.6240668892860413	0.578276515007019	0.1606837511062622	0.880934476852417	0.10764434933662415	0.6221004724502563	0.6236083507537842	0.33748653531074524	0.3775710463523865	0.9029687643051147	0.6165518164634705	0.3129543364048004	0.4927225708961487	0.734729528427124	0.1874927133321762	0.7595775723457336	0.2646247446537018	0.32726001739501953	0.40832197666168213	0.43970850110054016	0.3074701130390167	0.2109532654285431	0.15152530372142792	0.2636825144290924	0.8566417694091797	0.852910041809082	0.8810864686965942	0.47191983461380005	0.11008971184492111	0.25011730194091797	0.4169873297214508	0.42517152428627014	0.7298063635826111	1.485416293144226	0.1753554493188858	0.38803184032440186	0.29898661375045776	0.7476775050163269	0.5279359817504883	0.3233094811439514	1.058838129043579	0.37287673354148865	0.31408828496932983	1.535325527191162	0.6737849712371826	0.8989986777305603	0.3214849829673767	0.3992987871170044	0.3494025468826294	0.45918822288513184	0.28146088123321533	0.08104829490184784	0.694517970085144	0.578004777431488	0.9013569355010986	0.7148042917251587	0.09336920082569122	0.7814013957977295	0.26211991906166077	0.2883179783821106	1.1529964208602905	0.5708379149436951	0.32143497467041016	0.5593231320381165	0.3886602818965912	0.4261361360549927	0.3320178687572479	0.6419206857681274	0.10317786782979965	0.548475444316864	0.621491551399231	0.20335300266742706	0.09489932656288147	0.1900414228439331	0.16495519876480103	0.5608572959899902	0.6740261316299438	0.976315438747406	0.2974149286746979	0.45308297872543335	0.3401520550251007	0.4058495759963989	0.8181500434875488	0.6412353515625	0.7885912656784058	0.48441094160079956	0.8654351830482483	0.48329272866249084	0.3788110315799713	0.3504789173603058	0.44055652618408203	0.42330941557884216	0.8854189515113831	0.14834091067314148	0.28515931963920593	0.10079771280288696	0.654478907585144	0.5096514821052551	0.19124333560466766	0.37011516094207764	0.11503288894891739	0.49123141169548035	0.92514568567276	0.6736807227134705	0.5356830358505249	1.4511692523956299	1.1060220003128052	0.6438568830490112	0.632191002368927	0.5683081150054932	0.10773581266403198	0.04205620288848877	0.20300725102424622	0.5082131624221802	0.586121678352356	0.24165473878383636	0.6503835916519165	0.4791184365749359	0.7409169673919678	0.36249229311943054	0.15143419802188873	0.7508556246757507	0.44039762020111084	0.9512555003166199	0.08502498269081116	0.44399502873420715	0.186536967754364	0.46897390484809875	0.40228259563446045	0.7420260906219482	0.3802812993526459	0.706921398639679	0.5343300700187683	0.6199010014533997	0.3453536629676819	1.2886381149291992	0.8338069319725037	0.8064340949058533	0.399472177028656	0.5108885765075684	0.3716460168361664	0.5282976627349854	1.2893489599227905	0.29400700330734253	1.234336495399475	0.5914684534072876	0.8564274907112122	0.8919095993041992	0.5391829013824463	0.6835613250732422	0.825038731098175	0.49285322427749634	0.5016171932220459	0.41883227229118347	0.3003477156162262	0.38108035922050476	0.26363080739974976	0.776635468006134	0.6106688380241394	0.5575804114341736	0.3488738238811493	0.544497013092041	0.08202579617500305	0.4758799374103546	0.3740778863430023	1.026698350906372	0.02725227363407612	0.531421422958374	0.5337235331535339	0.34297409653663635	0.4322444200515747	0.15074262022972107	0.624937117099762	0.2960021197795868	0.8984560966491699	0.751350462436676	0.3253749907016754	0.5337252020835876	0.3483062982559204	0.46198078989982605	0.34140074253082275	0.7474442720413208	0.48529836535453796	1.2336844205856323	0.7362744212150574	0.34135857224464417	0.553909957408905	0.3229755163192749	0.1323128342628479	0.7989440560340881	0.4074879586696625	0.38431069254875183	0.46256428956985474	0.48112723231315613	0.144476979970932	0.7715267539024353	0.3687478303909302	0.06823700666427612	0.6997044682502747	0.3162403702735901	0.44039979577064514	0.22552095353603363	0.20660239458084106	0.2730141580104828	0.7698642611503601	0.15034769475460052	0.8948035836219788	1.1200978755950928	0.47422006726264954	1.1271008253097534	0.4283159077167511	0.6604356169700623	0.2905636131763458	0.16992944478988647	0.4214986264705658	0.6406100392341614	0.4180015027523041	0.5932776927947998	0.5374714136123657	0.4753027856349945	1.0841740369796753	0.2892208695411682	0.4002007842063904	0.06802617013454437	0.536858320236206	0.6845741868019104	0.45587700605392456	0.17806920409202576	0.7617515325546265	0.3665010929107666	1.1641288995742798	1.1758910417556763	0.3561515808105469	0.38211825489997864	1.2743808031082153	0.17601922154426575	1.4350537061691284	1.1548103094100952	0.39219483733177185	0.4016021192073822	0.3720431327819824	0.8153794407844543	0.9653143882751465	0.797325611114502	0.3934934139251709	0.8937757611274719	0.6325058341026306	1.2125155925750732	0.5303955674171448	0.5367083549499512	0.15919166803359985	0.24240627884864807	1.1201870441436768	0.44686898589134216	0.5300065875053406	0.3916604518890381	0.3586244285106659	1.0364540815353394	1.3922410011291504	0.15690955519676208	0.2590385377407074	0.28740525245666504	0.043355803936719894	0.8748047351837158	0.07190094888210297	1.116655707359314	0.4198105037212372	0.5521741509437561	0.2348114550113678	0.7678566575050354	0.83558189868927	0.5667557120323181	0.9025434851646423	1.8261878490447998	0.8175137042999268	0.970505952835083	0.8284080028533936	0.3529449701309204	0.38514450192451477	0.6498090028762817	0.4263334572315216	0.5033484101295471	0.5581985712051392	0.35361531376838684	0.09311683475971222	0.3441799283027649	0.6379114389419556	0.442497193813324	0.551291286945343	0.20822787284851074	0.6288332939147949	0.5837318301200867	0.5974515080451965	0.3952639400959015	0.8063659071922302	0.23802609741687775	0.49106860160827637	0.33271944522857666	0.4539099931716919	0.3456164598464966	0.2792852222919464	0.5835272669792175	0.6271561980247498	0.30781957507133484	0.529525101184845	0.4479486346244812	0.22775331139564514	0.36491334438323975	0.534775972366333	0.541710376739502	0.6084917187690735	0.39133256673812866	1.2544207572937012	0.4820331931114197	0.5948825478553772	0.9156738519668579	0.9916850924491882	0.1344487965106964	0.6377312541007996	0.21965566277503967	0.26518315076828003	0.6219817996025085	0.7487494945526123	0.1951030194759369	0.12602007389068604	0.4903591573238373	0.12314330041408539	0.4066835939884186	0.36598679423332214	0.9831221699714661	0.07526372373104095	0.1433943212032318	0.3664357662200928	0.6206377744674683	0.8492361903190613	0.842353105545044	0.9581209421157837	0.1922719031572342	0.2762529253959656	0.22644783556461334	0.03201131522655487	0.5394482612609863	0.9369356036186218	0.2920910120010376	0.733489990234375	0.6098665595054626	0.16017693281173706	0.3843807280063629	0.5560044050216675	0.4755555987358093	0.2892301678657532	0.4113108217716217	0.4785332679748535	0.6795673966407776	0.4975477457046509	0.5203765630722046	0.24999582767486572	0.5390374660491943	0.4189586043357849	0.4841313660144806	0.5994381308555603	0.35707947611808777	0.5189025402069092	0.9964368343353271	0.4750158190727234	0.2673409581184387	0.4120466411113739	0.1775241196155548	0.766844630241394	0.35130995512008667	0.4909090995788574	0.36070096492767334	0.787472128868103	1.2411798238754272	1.217210292816162	0.13809531927108765	0.48517030477523804	0.46046727895736694	1.699417233467102	1.4241114854812622	1.4242244958877563	0.6622798442840576	0.13936330378055573	1.2426990270614624	0.5712664127349854	0.6587342619895935	0.16538941860198975	0.29608070850372314	1.391250729560852	0.45279261469841003	0.4480089545249939	0.3195527195930481	0.4975644052028656	1.2458363771438599	0.7341068387031555	0.8388797044754028	0.7248656749725342	0.3948814570903778	0.8736822605133057	0.07012095302343369	0.6604311466217041	0.31419432163238525	0.279527872800827	0.7781773805618286	0.6039090156555176	0.5420017838478088	1.4195036888122559	0.37740492820739746	0.19344699382781982	0.5699800252914429	0.38431307673454285	1.1727964878082275	0.7076031565666199	0.4137327969074249	0.7310330271720886	0.44339022040367126	0.45086777210235596	0.5273918509483337	0.24701249599456787	0.4583019018173218	0.21204599738121033	0.3051441013813019	0.3152458071708679	0.06932832300662994	0.9789743423461914	0.5132757425308228	0.4538589119911194	0.3327694535255432	0.9624115228652954	0.794355034828186	0.7339950203895569	0.5240734219551086	0.08779136836528778	0.3760766386985779	0.45234939455986023	0.23862051963806152	0.36601772904396057	0.28429675102233887	0.4015095829963684	0.3006105422973633	0.6536228656768799	0.3676217496395111	1.1583648920059204	0.6360377669334412	0.31613653898239136	0.7683019638061523	0.1920008808374405	0.474262535572052	0.8922655582427979	0.657939612865448	0.6656744480133057	0.49147820472717285	0.5233305096626282	0.39416447281837463	1.2382892370224	0.24949634075164795	0.2916651964187622	0.7596795558929443	0.5453245639801025	0.08178559690713882	0.346301406621933	0.4437810182571411	0.35030603408813477	0.1628945767879486	0.4762665033340454	0.5563242435455322	0.09382180869579315	0.6095355153083801	1.2024730443954468	0.8520858287811279	0.29677844047546387	0.7104977965354919	0.16629518568515778	0.4504834711551666	0.8252843618392944	0.6432629823684692	0.35960549116134644	0.8484790325164795	0.24676430225372314	0.6740490794181824	0.45716845989227295	0.6457067131996155	0.041141021996736526	0.466985285282135	0.443192720413208	0.13884881138801575	0.5633413195610046	1.0659174919128418	0.30665117502212524	0.568613588809967	0.454049289226532	0.3153563439846039	0.615827739238739	0.6648609042167664	0.4631015360355377	0.34882912039756775	0.5085060596466064	0.5699848532676697	0.46737146377563477	1.3333628177642822	0.6872468590736389	0.8129813075065613	0.7314485311508179	0.9041409492492676	0.5261181592941284	0.49031928181648254	0.4517572224140167	0.7784995436668396	0.263508141040802	0.32802677154541016	0.4675001800060272	1.8442219495773315	0.7264848351478577	0.4863130450248718	0.3786846697330475	0.7237712740898132	0.6263498663902283	0.5408185720443726	0.18577760457992554	0.31765905022621155	0.7437940835952759	0.5512590408325195	0.13367697596549988	1.2533111572265625	0.530637264251709	0.37331610918045044	0.527806282043457	0.6719046235084534	0.36679786443710327	0.8394100069999695	0.974902868270874	0.7045507431030273	0.2642029821872711	1.287824034690857	0.6893665194511414	0.21791453659534454	0.7218531370162964	1.5498164892196655	0.31138765811920166	0.636867880821228	0.20723339915275574	0.6289389729499817	0.2117566168308258	0.35578784346580505	0.49399080872535706	0.31405067443847656	1.1448657512664795	0.46553027629852295	0.2962663471698761	0.5063406825065613	0.7330151200294495	0.2741538882255554	0.6077295541763306	0.7505720257759094	1.150658369064331	1.2410646677017212	0.14168401062488556	0.41601938009262085	1.4399725198745728	0.8179996609687805	0.17359104752540588	0.44521093368530273	0.5049422979354858	0.1427527219057083	0.9553433060646057	1.1440277099609375	0.527041494846344	0.12141812592744827	0.41807273030281067	0.3723217248916626	0.4690757989883423	0.431559294462204	0.7506684064865112	0.47700875997543335	0.08731938153505325	0.2881191074848175	0.17081496119499207	0.25019538402557373	0.4953276515007019	0.40389496088027954	0.8417125344276428	0.2240498960018158	0.48558229207992554	0.5164059400558472	0.6264147758483887	1.0917161703109741	0.4032359719276428	0.37687307596206665	0.9664361476898193	0.7412815690040588	0.6185188889503479	0.2193799912929535	0.22759124636650085	0.6613675951957703	0.3398457467556	0.8117852210998535	0.4116800129413605	0.7183911800384521	0.4521949887275696	0.3780836760997772	0.9570313096046448	0.4559946060180664	1.0136464834213257	0.15152302384376526	0.5233524441719055	0.5707977414131165	0.2117067575454712	0.5506005883216858	0.3697914779186249	0.6683828234672546	0.16227561235427856	0.36929985880851746	0.48006346821784973	1.6412314176559448	0.3993515074253082	1.3294613361358643	0.18185946345329285	1.3956992626190186	0.5575621128082275	0.35910990834236145	0.5908392667770386	0.3963809311389923	0.32573992013931274	0.1411726027727127	0.7405462861061096	0.4799990952014923	0.5427200198173523	0.41802698373794556	0.3230060338973999	0.41813039779663086	0.13039854168891907	0.6605813503265381	0.517703652381897	1.2512084245681763	0.2618829607963562	1.2138981819152832	0.3553558588027954	0.47619664669036865	0.8188835382461548	0.7124101519584656	0.14561407268047333	0.08720041811466217	1.5752487182617188	0.35211530327796936	0.1802041232585907	0.04987678304314613	0.8162157535552979	0.3817260265350342	0.22647757828235626	0.8930961489677429	0.31504297256469727	1.0017712116241455	0.9505594968795776	0.8867703676223755	0.8126979470252991	0.7003189921379089	0.5056169033050537	0.3215652108192444	0.3489624261856079	0.270634263753891	0.31670570373535156	0.4599153995513916	0.7674311995506287	0.41059190034866333	1.274458408355713	0.376817524433136	0.43034061789512634	0.22146733105182648	0.5745060443878174	0.6760124564170837	0.7255975008010864	0.4444536566734314	0.5871081948280334	0.5751397013664246	0.6661109328269958	1.0945521593093872	1.0629185438156128	0.2868092656135559	0.3349437713623047	0.9014309644699097	0.6050038933753967	0.45811891555786133	0.696951687335968	0.4691476821899414	0.12785334885120392	0.4494682550430298	0.3165821135044098	0.3727092742919922	0.3913284242153168	0.20803208649158478	0.42024409770965576	0.42180830240249634	0.5028940439224243	0.7574781179428101	0.34380239248275757	0.3151690363883972	1.0830929279327393	0.8093962669372559	0.5062276721000671	0.7712636590003967	1.1904964447021484	0.41189849376678467	0.5684164762496948	0.3894065320491791	0.40336528420448303	0.6721901893615723	0.8382298350334167	0.36546945571899414	0.4363112449645996	0.5679011344909668	0.2614265978336334	0.8083804845809937	0.8419155478477478	0.24723242223262787	1.2054935693740845	0.8161503076553345	0.8138836622238159	0.4845099151134491	1.2387160062789917	0.22329719364643097	0.47892123460769653	0.14165504276752472	0.30712130665779114	0.4060537815093994	0.4021666646003723	0.5873575806617737	0.4537270665168762	0.12570321559906006	0.36976832151412964	0.5552939176559448	0.2256261259317398	0.3901922106742859	0.20246049761772156	0.17515453696250916	0.5406056046485901	0.4957945644855499	0.307875394821167	0.37144413590431213	0.4053908586502075	0.17437635362148285	0.0022222623229026794	0.32754749059677124	1.046208143234253	0.12610390782356262	0.4631626009941101	0.682156503200531	0.524450421333313	0.6256804466247559	0.5274034738540649	0.1111973449587822	0.33002805709838867	0.11186384409666061	0.7285385131835938	0.6523772478103638	1.488580584526062	1.001043438911438	0.4136202931404114	0.12140664458274841	0.592428982257843	0.7779031991958618	0.47987547516822815	1.0293298959732056	0.18249228596687317	0.8255394697189331	0.7410398125648499	0.3740904927253723	1.2427667379379272	0.31011614203453064	0.5514044165611267	0.5990521311759949	1.4230955839157104	0.27943557500839233	0.017742842435836792	0.27013838291168213	0.6950344443321228	1.1603180170059204	0.38874268531799316	0.08821277320384979	1.2478978633880615	1.1600515842437744	0.5253690481185913	0.21864287555217743	0.5705745220184326	0.4020250141620636	0.8159645199775696	0.2649596631526947	0.864295482635498	0.7014889121055603	0.6675181984901428	0.6362529397010803	0.4539322555065155	1.076221227645874	0.4348338842391968	0.4526141583919525	0.2547743618488312	0.4594745635986328	0.16813194751739502	0.8798627853393555	0.6831440925598145	0.32978135347366333	0.5889919400215149	0.10074669122695923	0.3924088478088379	0.21686020493507385	0.32217302918434143	0.8501732349395752	0.907453179359436	0.6639609336853027	0.9118536710739136	0.29570087790489197	0.7675194144248962	0.9399036169052124	0.9002929329872131	0.6423478722572327	0.3038490414619446	0.5502008199691772	0.38446861505508423	0.2360912561416626	0.19494810700416565	0.7358470559120178	1.0107979774475098	0.89131760597229	0.2271992266178131	0.566802978515625	0.32906702160835266	0.7313057780265808	0.3717861771583557	0.8551386594772339	0.838241696357727	0.21615493297576904	0.20967084169387817	0.05275828391313553	0.5704151391983032	0.29564735293388367	1.1006568670272827	0.8685861825942993	0.868956983089447	0.2380376160144806	0.7071739435195923	1.2458900213241577	0.30375587940216064	0.07777546346187592	0.36829671263694763	0.9755181670188904	0.5430134534835815	0.8597310781478882	0.7944828271865845	0.20609687268733978	0.490973562002182	0.6127874851226807	1.8192389011383057	0.07090985774993896	0.883679211139679	0.987015962600708	0.29243889451026917	0.13282349705696106	0.23463043570518494	0.35782390832901	0.4984620213508606	0.22810904681682587	0.4794824719429016	0.8803707361221313	1.3191287517547607	0.8832358121871948	0.806009829044342	0.8145037889480591	0.16514381766319275	0.1863841414451599	0.16782253980636597	0.8792258501052856	0.1636665165424347	0.18091720342636108	0.8130835294723511	1.0187747478485107	0.5111430287361145	1.3843293190002441	0.5595091581344604	0.7462109327316284	1.4612128734588623	0.1324697732925415	0.19884485006332397	0.8045335412025452	0.47018957138061523	0.5369194149971008	0.633738100528717	0.7942800521850586	1.7480216026306152	0.39319220185279846	0.3542967140674591	0.3389061689376831	0.3163619637489319	0.6640323400497437	0.9243087768554688	0.3113345205783844	0.16401399672031403	0.27701887488365173	0.15735085308551788	0.4509013295173645	0.1913936585187912	0.8958402276039124	0.6563740372657776	0.12104044109582901	0.3339589238166809	1.2068723440170288	1.0536072254180908	1.1306240558624268	1.1460628509521484	0.8038368225097656	0.3091663420200348	0.18488472700119019	0.6813452839851379	0.6737903952598572	0.3718612790107727	0.5024155974388123	0.16814841330051422	0.5425733923912048	1.4978101253509521	0.7203116416931152	0.41732239723205566	0.7548215985298157	0.3125314712524414	0.3144986629486084	0.6011285185813904	0.21340258419513702	0.7508377432823181	0.2579084634780884	0.15889884531497955	0.6242226958274841	0.5961523652076721	1.1372318267822266	0.7646963000297546	0.22702203691005707	0.2955878973007202	0.752758264541626	0.14223095774650574	0.42510730028152466	0.31729942560195923	0.5637999176979065	0.3047187924385071	0.3203382194042206	0.7621369957923889	0.8017408847808838	0.5990089774131775	0.4589751362800598	0.21575923264026642	1.1471295356750488	0.7499099373817444	1.0711820125579834	0.7434384822845459	0.17818576097488403	0.4451737105846405	0.5523598194122314	0.6997324228286743	0.27862125635147095	0.6908597350120544	0.5143935084342957	0.6008578538894653	0.6451200246810913	0.0	0.7990410327911377	0.5610869526863098	0.8324836492538452	0.6404684782028198	0.5302711725234985	0.14795148372650146	0.48775145411491394	0.37723296880722046	0.4962732493877411	0.4439137578010559	0.2856033444404602	0.5299960374832153	0.3427060842514038	0.3241000771522522	0.27179357409477234	0.877274751663208	0.5881426930427551	0.8216673731803894	0.8419240713119507	0.5201731324195862	0.23496076464653015	0.6438652873039246	0.37671294808387756	0.46382513642311096	0.30395132303237915	0.7477273941040039	0.4676050543785095	1.2036993503570557	0.39319655299186707	0.37157171964645386	0.9235864281654358	1.4772385358810425	0.48221051692962646	0.36601680517196655	0.6594883799552917	0.4200385510921478	0.403550386428833	0.4594521224498749	0.6222512125968933	0.5748352408409119	1.4180763959884644	0.7658737301826477	0.27768805623054504	0.5794651508331299	0.6648301482200623	0.4520125985145569	0.8874543309211731	0.6482396721839905	0.3240003287792206	0.497303307056427	0.1155373752117157	0.5276150703430176	0.31398510932922363	0.25729238986968994	1.0044307708740234	0.19593310356140137	0.4883494973182678	1.0920264720916748	0.30481886863708496	0.24678301811218262	0.3584618866443634	0.5351197123527527	1.3147284984588623	0.8112209439277649	0.6143561005592346	0.37320613861083984	0.5694827437400818	0.4973122179508209	1.5259302854537964	0.27705949544906616	0.7240676283836365	0.6485052108764648	0.35107022523880005	0.11128485202789307	0.3040401339530945	0.7595693469047546	0.6843757629394531	0.24237215518951416	0.3854356110095978	0.16239744424819946	0.0792253240942955	0.22586116194725037	0.18420961499214172	0.09739083051681519	0.41083720326423645	0.25986674427986145	0.9084362983703613	0.579944372177124	0.2597966194152832	0.06665494292974472	0.36674174666404724	0.6900748610496521	0.04169170558452606	0.21800805628299713	0.8288843631744385	0.36656421422958374	0.5119980573654175	0.4906884729862213	0.8606312274932861	0.5003705620765686	0.2555767893791199	0.5952096581459045	0.5166290998458862	1.1020888090133667	0.8752517104148865	0.12919418513774872	0.25351250171661377	0.6653209924697876	0.5535262227058411	0.8916674852371216	0.5917481780052185	0.2913322150707245	1.5813648700714111	0.47824469208717346	0.5788025259971619	0.5156328082084656	0.6861587762832642	0.7764527797698975	0.5922096967697144	0.873979926109314	0.922706127166748	0.1867171674966812	0.1629398614168167	0.450378954410553	1.0633091926574707	0.2814115583896637	0.3722492456436157	1.1826355457305908	0.21403741836547852	0.7937135696411133	0.5830469131469727	0.4272277355194092	0.4826357066631317	0.359897643327713	1.021138310432434	0.44684523344039917	0.47260424494743347	0.2871367931365967	0.31031185388565063	0.7005281448364258	0.565392017364502	0.2692093253135681	0.05914692580699921	0.43826931715011597	0.7021286487579346	0.3069274127483368	0.37862294912338257	0.49686506390571594	0.3387220501899719	0.5311315059661865	0.3635566532611847	0.7678208351135254	0.7447657585144043	0.49465128779411316	0.663503885269165	0.7402616739273071	0.37260568141937256	0.5701696276664734	0.2425057739019394	0.20845118165016174	0.29535990953445435	0.7335717678070068	0.8498443961143494	0.1002078503370285	0.41552624106407166	0.45052990317344666	0.5219487547874451	0.32638418674468994	0.0	0.6504804491996765	0.5593826770782471	0.13897445797920227	1.4080308675765991	0.20882689952850342	0.03718666732311249	0.4240786135196686	0.11870130151510239	0.6331337094306946	0.2816372215747833	0.5671530365943909	0.3262522220611572	0.3749660849571228	0.40631788969039917	0.2885827124118805	1.0139408111572266	0.15731780230998993	0.5973915457725525	0.1726571023464203	0.713861882686615	0.16429759562015533	1.3480632305145264	0.5114391446113586	0.44212543964385986	0.3655244708061218	0.8175569176673889	0.49400216341018677	0.43351268768310547	0.3963823616504669	0.9780204892158508	0.33768346905708313	0.38945960998535156	0.3838439881801605	0.9221364855766296	1.0607359409332275	0.7027248740196228	0.7502447366714478	0.698738157749176	0.6620175838470459	0.7250188589096069	0.238494411110878	0.4229888617992401	1.046251893043518	1.1476659774780273	0.42155709862709045	0.5199898481369019	0.9258555173873901	0.9489474296569824	0.5437697172164917	0.6963634490966797	0.38230717182159424	1.1535887718200684	0.21371401846408844	0.6576374769210815	0.38345834612846375	0.10523246228694916	0.31518182158470154	0.25128766894340515	0.021439610049128532	0.5076874494552612	0.6650404930114746	0.4769304394721985	0.3116036653518677	0.3983394205570221	0.4004549980163574	0.25999486446380615	0.4705113172531128	1.0775086879730225	0.045218076556921005	0.9404794573783875	1.7071223258972168	0.8554028272628784	0.39354270696640015	0.5807716846466064	0.29411885142326355
0.22528517246246338	0.6610689163208008	0.704275369644165	0.7773705720901489	0.2769213020801544	0.3340144455432892	0.2903887927532196	0.6322211623191833	0.10881389677524567	0.2963574528694153	0.34626305103302	0.27418363094329834	1.0076960325241089	0.4711449444293976	0.6015549302101135	0.33600321412086487	0.7331820726394653	0.1479889452457428	0.23060180246829987	0.4952392876148224	1.284896731376648	0.3616839051246643	1.0722819566726685	0.7015824913978577	0.48519691824913025	0.4014435112476349	1.1535279750823975	0.9331766366958618	0.586240828037262	0.3994159996509552	0.2918597459793091	0.4647301733493805	0.8362318873405457	0.6431639194488525	0.24066372215747833	0.21238093078136444	0.5527638792991638	0.8492010235786438	0.7515009045600891	0.9678667783737183	0.5544515252113342	0.5067717432975769	0.4601163864135742	0.5275474190711975	0.22903527319431305	0.41969987750053406	0.3446992337703705	0.6079298257827759	0.31137266755104065	0.9790259599685669	0.12037988007068634	0.232566237449646	0.5508352518081665	0.4260464906692505	0.5335540175437927	0.22636882960796356	0.19369478523731232	0.7946578860282898	0.8224643468856812	1.0417556762695312	0.1895495057106018	0.15889373421669006	0.7617493867874146	0.8495123386383057	0.1493767350912094	0.7062872648239136	0.15907512605190277	0.6386547088623047	0.31205955147743225	0.828099250793457	0.26406949758529663	0.4048348367214203	0.4863452911376953	0.3121159076690674	0.6471903920173645	0.6768187880516052	0.18417735397815704	0.44488027691841125	0.41595929861068726	0.8066353797912598	0.4378982186317444	0.5201902985572815	0.46262550354003906	0.22290024161338806	0.5276216268539429	0.34522056579589844	0.41628092527389526	0.3731154203414917	0.4904099702835083	0.1434544324874878	0.5179507732391357	0.2884185016155243	0.31048086285591125	0.5185863375663757	0.4355732202529907	0.9735583662986755	1.101807713508606	0.3857754170894623	0.41877323389053345	0.4270075261592865	0.8216007947921753	0.6461830735206604	0.402445524930954	1.457095980644226	0.895897626876831	1.1630337238311768	0.566595196723938	1.7426018714904785	0.5011805891990662	0.3602950870990753	0.22862641513347626	1.0664637088775635	0.11499089747667313	0.5056979656219482	0.815522313117981	0.35141611099243164	0.3313063681125641	0.26073309779167175	0.9263929128646851	0.30522099137306213	0.6587851643562317	0.5475810170173645	0.3792276382446289	0.6754287481307983	0.7694577574729919	0.7128058075904846	0.16388864815235138	0.5000466704368591	0.7469519972801208	1.3119580745697021	0.239817276597023	0.25996673107147217	0.8402143120765686	0.1406017541885376	0.3385973572731018	0.4829205274581909	0.19357118010520935	0.5298230648040771	0.3354920446872711	0.3394835591316223	0.2504897713661194	0.1614709347486496	1.0264511108398438	0.27924537658691406	0.49411967396736145	0.7823271751403809	0.08160581439733505	0.17716649174690247	0.2433798611164093	0.25661593675613403	0.2255760282278061	0.3057064712047577	0.44528287649154663	0.26740750670433044	0.23140893876552582	0.5739090442657471	0.5877195596694946	0.6791532039642334	0.23277398943901062	0.5287606120109558	0.028742626309394836	0.5128193497657776	0.27690571546554565	0.4002383351325989	0.22594009339809418	0.35449618101119995	0.5462467670440674	0.5414340496063232	1.0195472240447998	0.6490932106971741	0.12050943076610565	0.4592995345592499	0.41417786478996277	0.32957154512405396	0.4653382897377014	0.38332825899124146	0.4676268994808197	0.5140023231506348	0.4845988154411316	0.20544201135635376	0.3634275794029236	0.6097338199615479	0.18993517756462097	0.45628687739372253	0.2729748785495758	1.0273078680038452	0.6176334619522095	0.3474290072917938	0.35199955105781555	0.8045148849487305	0.1226091980934143	0.3536631166934967	0.8099102973937988	0.4788230061531067	0.3167307376861572	0.007439734414219856	0.5160622000694275	0.19555151462554932	0.9050676822662354	0.4400835335254669	0.3712005019187927	0.7401738166809082	0.23780915141105652	0.6594454050064087	0.5916962027549744	0.8989394903182983	0.7978854179382324	0.1196763664484024	0.8629956841468811	0.4761868119239807	0.6780197620391846	0.1700698882341385	0.09963424503803253	0.20564496517181396	0.30100515484809875	0.5122860074043274	0.795566737651825	0.6100451350212097	0.42313748598098755	0.7668178081512451	0.10219480097293854	0.2756235897541046	0.26275038719177246	0.7278910875320435	0.7227067947387695	0.7277829647064209	0.22950920462608337	0.8580353856086731	0.5044676065444946	0.10090523213148117	0.5742509961128235	0.5769319534301758	0.49398019909858704	1.812576174736023	1.2427071332931519	0.1861986219882965	0.38269421458244324	0.63758784532547	0.248054638504982	0.23835144937038422	0.44406649470329285	0.5472038984298706	1.4492778778076172	0.3884774148464203	0.35308584570884705	1.0620524883270264	0.24606043100357056	0.7177290916442871	0.2874007523059845	0.49073249101638794	0.76187664270401	0.7807833552360535	0.9196350574493408	0.7467101216316223	0.34149110317230225	0.6894818544387817	1.359107255935669	0.22509941458702087	0.7623047828674316	0.542201042175293	0.5577114224433899	0.9019262790679932	0.22013497352600098	0.24624492228031158	0.6021586656570435	0.33951878547668457	0.4784143567085266	0.21558141708374023	0.5106303691864014	0.2199695110321045	0.6083475947380066	0.3837774097919464	0.3791216015815735	0.5071383714675903	1.1391241550445557	0.29885247349739075	0.5876388549804688	0.5903486609458923	0.7135236263275146	0.7046070694923401	0.8850581645965576	0.8223322033882141	0.561782717704773	0.4766277074813843	0.673007071018219	1.140135407447815	0.4596175253391266	0.5579164028167725	1.0125116109848022	0.29217463731765747	0.6256908774375916	0.37774330377578735	0.4732171893119812	0.4029735028743744	0.20480629801750183	0.2784344553947449	0.6851212382316589	0.4314570724964142	0.31880974769592285	0.1154235452413559	0.20581349730491638	0.4671468734741211	0.9225993752479553	0.7466826438903809	0.7078123092651367	0.1549607217311859	0.6437146067619324	1.2251336574554443	0.530177891254425	0.7090882658958435	0.5942389965057373	0.7417953014373779	0.20998749136924744	0.318628191947937	0.437406063079834	0.37464016675949097	0.2718084454536438	0.6105967164039612	0.27054959535598755	0.3281804323196411	0.6249396800994873	0.5487322211265564	0.644964873790741	0.6654055118560791	0.8245134949684143	0.37910890579223633	0.9096829295158386	0.6167567372322083	0.07566872239112854	0.5258396863937378	1.5027899742126465	0.29307007789611816	0.15685567259788513	0.45579367876052856	1.1793370246887207	0.15483707189559937	0.5972913503646851	0.6672394871711731	0.4761354327201843	0.3551837205886841	0.17301172018051147	0.21763643622398376	0.2530500292778015	0.7210586071014404	0.36978328227996826	0.7918764352798462	0.5570775270462036	0.37608665227890015	1.2099297046661377	0.2806265950202942	0.2665192782878876	0.8426286578178406	0.2680005431175232	0.5632073879241943	0.11164238303899765	0.23750552535057068	0.23218241333961487	0.4955478012561798	0.3315195143222809	0.5300769805908203	0.6376051902770996	0.40212881565093994	0.7615125775337219	0.2757723331451416	0.4030865728855133	0.8420186042785645	0.4682704210281372	0.29612308740615845	0.41352611780166626	0.3096117377281189	0.4411710500717163	0.9062805771827698	0.4137510061264038	1.2941126823425293	0.31138449907302856	0.52030348777771	0.37968993186950684	0.724357545375824	0.11207002401351929	0.4724433124065399	0.4611572027206421	0.5052655935287476	0.5735030174255371	0.6084161996841431	0.41242313385009766	0.3794235289096832	0.5375602841377258	0.12976321578025818	0.35279276967048645	0.3326151669025421	0.5088517069816589	0.11767695844173431	0.9710142612457275	0.06306663155555725	0.38973334431648254	0.9374670386314392	0.525379478931427	0.47581589221954346	0.5620540976524353	0.08605895191431046	0.6123750805854797	0.3418563902378082	0.29728707671165466	0.6702462434768677	0.5796679854393005	0.22385889291763306	0.4819094240665436	0.2695019841194153	0.5405809879302979	0.2632148265838623	0.7755349278450012	0.17151767015457153	0.6613785028457642	0.597781777381897	0.7546707987785339	0.851931631565094	0.2150784432888031	0.706346869468689	0.6268537640571594	0.6965090036392212	0.4209742546081543	0.4426577091217041	1.066092848777771	0.526994526386261	0.8047970533370972	0.5665796995162964	0.5646001696586609	1.0557931661605835	0.287335067987442	0.5374162197113037	0.49806204438209534	0.82765793800354	0.5774223208427429	0.9660163521766663	0.4397793114185333	0.324427992105484	0.27693575620651245	0.27527081966400146	0.6073237657546997	0.1331653743982315	0.34772107005119324	0.5992977023124695	0.7888826727867126	1.0442991256713867	0.1643143743276596	0.4087789058685303	0.9048006534576416	0.6316662430763245	0.475764662027359	0.4155600368976593	0.7324178814888	0.4209336042404175	0.18220651149749756	0.45933306217193604	0.4033369719982147	0.39367610216140747	0.06613290309906006	0.4991666078567505	0.8038251399993896	0.8150953650474548	0.7959961891174316	0.27144768834114075	0.26948612928390503	0.42257606983184814	0.38350939750671387	0.8036022186279297	0.8818097114562988	0.5446953773498535	0.25320693850517273	0.6086329221725464	0.6755191683769226	0.4410485327243805	0.17837181687355042	0.19214753806591034	0.43249717354774475	0.07743197679519653	0.9792630672454834	0.5098327994346619	0.45454779267311096	0.4648197591304779	1.0799682140350342	0.21238836646080017	0.7781868577003479	1.0768901109695435	0.37794366478919983	0.9341882467269897	0.32511621713638306	0.9313111901283264	0.2538878321647644	0.3140031397342682	0.43391603231430054	0.6322903037071228	0.8396713733673096	0.39463406801223755	0.7842787504196167	0.8320119380950928	0.4226132035255432	0.6038222908973694	0.19651281833648682	0.7127612829208374	0.38621217012405396	0.394381582736969	0.7507272958755493	0.5757853388786316	0.07191485166549683	0.5947604179382324	0.12089899182319641	0.019686967134475708	0.3272019624710083	0.39280179142951965	0.44101330637931824	0.9423619508743286	0.28415656089782715	1.1927989721298218	0.5958625674247742	0.5845908522605896	0.4801604151725769	0.302470862865448	0.7543972134590149	0.38073936104774475	0.592583417892456	0.22480455040931702	0.6869891881942749	1.1593732833862305	0.33367404341697693	0.37961655855178833	0.9248819947242737	0.42094099521636963	1.197209358215332	0.392774373292923	1.3117196559906006	0.39853623509407043	0.4293166697025299	1.2754154205322266	0.779324471950531	0.30223914980888367	0.2170572727918625	0.49298083782196045	0.3889445662498474	0.5092440247535706	1.0270607471466064	0.4922495186328888	0.5121598839759827	0.7773506045341492	0.2070227861404419	0.4261561930179596	0.318598210811615	0.32060688734054565	0.8495411276817322	0.156663179397583	1.1556791067123413	0.9379331469535828	0.34134915471076965	0.17595244944095612	0.24038240313529968	0.24173372983932495	0.492218554019928	0.9219930768013	0.19157755374908447	0.3742835521697998	0.20201697945594788	0.0	0.25962960720062256	0.544681966304779	0.6610885858535767	0.1881728172302246	0.03849194943904877	0.16910025477409363	0.602489709854126	1.198383092880249	0.5052548050880432	0.4063720107078552	0.31700125336647034	0.37431076169013977	0.31113702058792114	0.31315237283706665	0.22118589282035828	0.1743471622467041	0.47054076194763184	0.2519281506538391	0.3944799602031708	0.14813587069511414	0.16012878715991974	0.37128952145576477	0.3204164206981659	0.6791610717773438	0.32576316595077515	0.9758563041687012	0.4082525372505188	0.6377502083778381	0.4353560507297516	0.6192358732223511	0.4965747892856598	0.4613000154495239	0.32760289311408997	0.305450439453125	0.38506317138671875	0.3052995800971985	0.4383630156517029	0.21362316608428955	0.6769484281539917	0.4554436504840851	0.49740034341812134	0.5070973038673401	0.8926985263824463	0.6057624816894531	0.4404641389846802	0.19547238945960999	0.7526430487632751	0.40788522362709045	0.3028031587600708	0.35696959495544434	0.7812626361846924	0.5108062624931335	0.7569843530654907	0.7960586547851562	0.1970486044883728	0.23661278188228607	0.33419477939605713	0.6168425679206848	0.21060723066329956	0.4813045859336853	0.5653566718101501	0.5952232480049133	0.4184490442276001	0.29878371953964233	1.1499974727630615	0.9071931838989258	0.42234641313552856	0.5962696671485901	0.7186806797981262	0.21243125200271606	0.04191393777728081	0.3062460720539093	0.23654140532016754	0.19017550349235535	1.0777783393859863	1.2600399255752563	0.2782970666885376	0.46605026721954346	0.4597259759902954	0.6744707226753235	0.09845039993524551	0.6729320287704468	0.34634119272232056	0.5829185843467712	0.4583096206188202	0.09006199985742569	0.6626992225646973	0.6041139364242554	0.48343345522880554	0.07969632744789124	0.185917466878891	0.4190090298652649	0.2950120270252228	0.4168006181716919	0.501772940158844	0.6468837857246399	0.9588813185691833	0.03635367378592491	0.5463451147079468	0.44459807872772217	0.2326122373342514	0.22376760840415955	0.5275472402572632	1.1910431385040283	0.6534466743469238	0.48712557554244995	0.19064152240753174	0.43151625990867615	0.4360181987285614	0.32580238580703735	0.3335711359977722	0.6931576132774353	0.24252307415008545	0.5901298522949219	0.6276784539222717	0.3302236795425415	0.8546778559684753	0.12498433887958527	0.3731774091720581	0.44142138957977295	0.5337249636650085	0.4608745574951172	0.5291475057601929	0.6905653476715088	0.8613541722297668	0.3715856075286865	0.48869121074676514	0.34423407912254333	0.9911094307899475	0.5350388288497925	0.029378138482570648	0.3640441298484802	0.18125954270362854	0.3752244710922241	0.4162898659706116	0.19668127596378326	0.47375234961509705	0.6455644965171814	0.8324121832847595	0.6835281252861023	0.42685431241989136	0.25579166412353516	0.6056188941001892	0.2208528220653534	0.7054243683815002	0.9892681241035461	0.718672513961792	0.6474222540855408	0.7293623685836792	0.575120210647583	0.4012753665447235	0.49968814849853516	0.26666468381881714	0.42111578583717346	1.1379437446594238	0.40311798453330994	0.7393021583557129	0.4685255289077759	0.8021189570426941	0.6744557619094849	0.5456252098083496	0.36149612069129944	0.3476509749889374	0.8915510177612305	0.12139445543289185	0.6895995140075684	1.3038361072540283	0.45110851526260376	0.13904786109924316	0.4324481189250946	0.5080764293670654	0.2307875007390976	0.17328116297721863	0.5948700904846191	0.39333492517471313	0.9009287357330322	0.9486764669418335	0.150966614484787	0.6335302591323853	0.14973673224449158	0.6999911069869995	0.3683156371116638	0.4235280156135559	0.8677265048027039	0.6239016056060791	0.6115461587905884	0.732820987701416	1.198158621788025	0.6589286923408508	0.306931734085083	0.369383841753006	0.08415286988019943	0.15938566625118256	0.4371377229690552	0.7174516320228577	0.6281099915504456	0.7198343873023987	0.46754246950149536	0.6703129410743713	0.7991909980773926	0.14552250504493713	0.583414614200592	0.449819415807724	0.15320344269275665	0.3200686275959015	0.2871118187904358	0.40308770537376404	0.328320175409317	0.4716722369194031	0.37529289722442627	0.693909227848053	0.5201878547668457	0.4876296818256378	0.20289796590805054	0.6054519414901733	0.306151419878006	0.10920111835002899	0.40350615978240967	0.3425980508327484	0.9844893217086792	0.3802172839641571	0.20111967623233795	0.11784783005714417	0.6932326555252075	0.4008025527000427	0.36236509680747986	0.47772330045700073	0.5685279369354248	0.7082877159118652	0.31823915243148804	0.6810693740844727	0.4671611189842224	0.9889087677001953	0.9131587743759155	0.46212637424468994	0.5213279724121094	0.39156830310821533	1.2775464057922363	1.0970103740692139	0.39769673347473145	0.9259346723556519	0.35196638107299805	0.3971305191516876	0.9447346329689026	0.2894025146961212	0.3050479590892792	0.6019928455352783	0.41327401995658875	0.8178905248641968	0.3449695408344269	0.5705019235610962	0.6361071467399597	0.2836392819881439	0.6094151139259338	0.020397789776325226	1.0460903644561768	0.29636257886886597	0.24460995197296143	1.1413475275039673	0.6233617067337036	0.6013268828392029	0.8589538335800171	0.5878889560699463	1.2523339986801147	0.35432296991348267	0.37223193049430847	1.2022204399108887	0.237960085272789	0.2988741993904114	0.727763295173645	0.01945854350924492	0.9557138085365295	0.45539039373397827	0.4429677426815033	0.422760009765625	0.5800426006317139	0.5898281335830688	0.06418286263942719	0.5570647716522217	0.31532996892929077	0.4130796194076538	0.5573017597198486	1.3558908700942993	0.14900906383991241	0.45128118991851807	0.2978259325027466	0.2248719036579132	0.5581303834915161	0.6004064083099365	0.5844473838806152	0.09756068885326385	0.2798312306404114	0.8599587678909302	0.5045321583747864	0.8334068059921265	0.4133860170841217	0.18192049860954285	0.23483027517795563	0.4251517355442047	0.19733507931232452	0.2060564160346985	0.1787700355052948	0.40792983770370483	0.4035237431526184	0.25247323513031006	0.2644761800765991	1.1254709959030151	1.0162451267242432	0.25961026549339294	0.39394843578338623	0.3937722444534302	1.1843366622924805	0.35853832960128784	0.4155442714691162	0.33358797430992126	0.26737624406814575	0.3088052272796631	0.509340763092041	0.5066766738891602	0.6168379783630371	0.24024203419685364	0.3632778227329254	0.26041483879089355	0.3439658284187317	0.17819850146770477	0.6054596900939941	1.4492213726043701	0.5320013761520386	0.1378890722990036	0.2347312867641449	0.41905418038368225	0.4151865243911743	0.8495687246322632	0.5131310820579529	0.22206442058086395	0.8071134686470032	0.595111072063446	0.221853569149971	0.5679309368133545	0.2366565465927124	0.5358309149742126	0.23633134365081787	0.42289555072784424	0.9281827807426453	0.5960009694099426	0.5092440247535706	0.18214385211467743	0.3359358310699463	0.5120958685874939	0.4309178292751312	0.5365151762962341	0.45360061526298523	0.8031073808670044	0.18422816693782806	0.8375593423843384	0.10347452014684677	0.11535488814115524	0.8696538209915161	0.5489860773086548	0.7471306920051575	0.88077312707901	0.7939779758453369	0.46099209785461426	0.5941693782806396	0.3203698694705963	0.8717356324195862	0.30978500843048096	0.6862619519233704	1.0538671016693115	0.936139702796936	0.5277698040008545	0.8233968019485474	0.1490597277879715	0.4067186713218689	0.5924903154373169	0.35692647099494934	0.3846980929374695	0.16939322650432587	0.3328554332256317	0.2998165488243103	0.2488580346107483	0.054080188274383545	0.5315796732902527	0.29824328422546387	0.4028792083263397	0.4050453305244446	0.5114223957061768	0.7041321396827698	0.3633216619491577	0.8582112193107605	0.33282822370529175	1.2463605403900146	0.5938351154327393	0.1229829490184784	0.5465340614318848	0.3542851209640503	0.426646888256073	1.1058250665664673	0.18820519745349884	0.4093976616859436	0.7622967958450317	0.38337740302085876	0.3521304428577423	0.7721048593521118	0.8844977021217346	0.47365304827690125	0.062233783304691315	0.04751228913664818	0.258079469203949	0.3571770489215851	0.47686854004859924	0.26000386476516724	0.9965531229972839	0.43535199761390686	0.4365498125553131	1.1721397638320923	0.7626314163208008	0.4300786852836609	1.3061225414276123	0.5940977931022644	0.6557667851448059	0.24739834666252136	0.5154559016227722	0.25418055057525635	0.11149406433105469	0.45622673630714417	0.8801120519638062	0.29359763860702515	0.457066148519516	0.35803940892219543	0.5349799394607544	0.21405157446861267	1.3839088678359985	0.7068180441856384	0.6234282851219177	0.04331233352422714	0.606543242931366	0.39932775497436523	0.4937107563018799	0.5739200115203857	0.34674546122550964	0.2636614441871643	0.3878893256187439	0.47451066970825195	0.6761173605918884	0.6016221046447754	0.924589216709137	0.3631975054740906	0.5168249011039734	0.43461886048316956	0.8587420582771301	0.202190101146698	0.4757814407348633	1.1430975198745728	0.3138764500617981	0.7613381147384644	0.44146209955215454	0.65877366065979	0.4580230116844177	0.8942700624465942	0.44540801644325256	0.45239171385765076	0.36461141705513	0.1809946447610855	0.5709467530250549	0.40350157022476196	0.8195997476577759	0.313886821269989	0.937004804611206	0.7286708950996399	0.5490886569023132	0.43210431933403015	0.9168301224708557	0.6580111980438232	0.35454797744750977	0.7959821224212646	0.18091975152492523	0.6089759469032288	0.4701314866542816	0.5115616321563721	1.196133017539978	0.2281905859708786	1.1290000677108765	0.2836376130580902	0.2951294183731079	1.393434762954712	0.21167410910129547	1.0122787952423096	0.13659119606018066	0.32456329464912415	0.7515804767608643	0.5061637163162231	0.5952661037445068	0.9646192789077759	0.5477393865585327	0.8829245567321777	1.281424880027771	0.4139992594718933	0.6562604904174805	0.538513720035553	0.5433622002601624	0.5740311145782471	0.4701961278915405	0.4488539397716522	0.20458683371543884	0.8249801993370056	0.26347360014915466	0.18299779295921326	0.7735722661018372	0.20756396651268005	0.2954833507537842	0.6674942970275879	0.4290001690387726	0.27470117807388306	0.2324569821357727	0.24595677852630615	0.5465741157531738	0.5993943810462952	0.2248290628194809	0.14564020931720734	1.5348358154296875	0.4089392423629761	0.15005457401275635	0.6348768472671509	0.4895932376384735	0.042897507548332214	0.5367907285690308	0.35838013887405396	0.9653369188308716	0.7495941519737244	0.4637409746646881	0.4713843762874603	0.7974685430526733	0.1771404892206192	0.1829124540090561	0.07815235108137131	0.5779788494110107	0.4343757927417755	0.49559420347213745	0.4600748121738434	0.10645997524261475	0.08441247791051865	0.6421838998794556	0.3330599069595337	0.5313512086868286	0.19034485518932343	0.6123062372207642	0.5300931930541992	0.38523784279823303	0.6957750916481018	0.467448353767395	1.063098669052124	0.7159265279769897	0.7091881036758423	0.28452834486961365	0.8131411075592041	0.37014180421829224	0.5022700428962708	0.6526113152503967	1.2387855052947998	0.6053747534751892	0.5736485123634338	0.6698936223983765	0.40911999344825745	0.33668988943099976	0.9388444423675537	0.3373652398586273	0.14737088978290558	1.1489217281341553	0.3542175889015198	0.8468936681747437	0.5438650250434875	0.7371176481246948	0.7289742827415466	0.9328386783599854	0.44202739000320435	0.26180216670036316	0.9415994882583618	0.17389769852161407	0.40445682406425476	0.29151320457458496	0.021442510187625885	0.4847196936607361	0.3526451885700226	0.3433205485343933	0.5454521179199219	0.5483152866363525	1.3179000616073608	0.33941271901130676	0.7156667113304138	0.7483586668968201	0.6071834564208984	0.40677446126937866	0.385992169380188	0.7379231452941895	0.37829917669296265	0.2609690725803375	0.545280933380127	0.17842835187911987	0.7097413539886475	0.21540771424770355	0.5010648965835571	0.5098121166229248	0.2221027910709381	0.04733135551214218	0.7515609264373779	0.25264620780944824	0.530754804611206	0.5532052516937256	0.11357094347476959	1.3716418743133545	0.2914462685585022	0.2348756492137909	0.4443570077419281	0.4166984558105469	0.21901510655879974	0.6726468801498413	0.529862642288208	0.4537844955921173	0.5737726092338562	0.3369999825954437	0.6301340460777283	0.3707188069820404	0.07153985649347305	0.5602226257324219	0.4920484125614166	0.270354300737381	0.7035159468650818	0.5190951824188232	0.5874285101890564	0.29320085048675537	0.3007586896419525	0.41346845030784607	0.27934396266937256	0.26735568046569824	0.5545757412910461	0.9059455990791321	0.4145145118236542	0.4716263711452484	0.2853921353816986	0.6074153780937195	0.8849895596504211	0.20199322700500488	0.12787754833698273	0.4881022572517395	0.7716683745384216	0.49516648054122925	0.5283066034317017	0.42380446195602417	0.44129708409309387	0.31464147567749023	0.70102858543396	0.9702495336532593	0.6955019235610962	0.5014870166778564	0.06988663971424103	0.6458000540733337	0.20714929699897766	0.2527960538864136	0.47824642062187195	0.24800530076026917	0.17763175070285797	0.7786678671836853	0.6751424670219421	0.5959557294845581	0.5874475836753845	0.7629633545875549	1.1737325191497803	0.23650605976581573	0.6032953858375549	0.41813337802886963	1.2422406673431396	0.3823789358139038	0.8676676154136658	0.17607006430625916	0.12099411338567734	1.2575712203979492	0.11171573400497437	0.3590642511844635	0.3657807409763336	0.2896307110786438	0.3686825931072235	0.6509641408920288	0.6212116479873657	0.9476228356361389	0.28136593103408813	0.38448476791381836	1.0267338752746582	0.469146192073822	1.1796197891235352	0.11689349263906479	0.4144640862941742	0.41803106665611267	0.38148894906044006	0.602933943271637	0.5648449063301086	0.42618778347969055	0.6295273900032043	0.0777263417840004	0.3732254207134247	1.0944252014160156	0.16781999170780182	0.1347208321094513	0.10678841173648834	0.647337019443512	0.8657782077789307	0.19123122096061707	0.7602065801620483	0.677160918712616	0.660042941570282	0.43963292241096497	1.253771424293518	0.16966339945793152	0.2968794107437134	0.31163355708122253	1.054158091545105	0.5917617678642273	0.7946706414222717	0.2838166356086731	0.3593428134918213	0.4493859112262726	0.2852538228034973	0.005166214425116777	1.1241745948791504	0.5245076417922974	0.6804591417312622	0.6306989192962646	0.35621729493141174	0.539566159248352	0.49544912576675415	0.46691983938217163	0.3472338616847992	0.2214619517326355	0.40030187368392944	1.0030503273010254	0.26959675550460815	0.3977328836917877	0.3537033498287201	0.25090450048446655	0.35209327936172485	0.6554235816001892	0.3372880220413208	0.4916704297065735	0.6734400391578674	0.3779003918170929	0.6324670314788818	0.2874140441417694	0.6541095972061157	0.6230971217155457	0.10139453411102295	0.5923914313316345	1.059310793876648	0.5376962423324585	0.24760904908180237	0.4073665738105774	0.7046388983726501	0.23191891610622406	0.10799560695886612	0.6723211407661438	0.9484196901321411	0.12389610707759857	0.24291987717151642	0.7285307049751282	0.4726233184337616	0.8797453045845032	0.7849700450897217	0.4806395173072815	0.4394196569919586	0.25630390644073486	0.43385764956474304	0.17990869283676147	0.5184345245361328	0.25404563546180725	0.27032163739204407	0.23535235226154327	0.1742597371339798	0.4893442392349243	0.9721848368644714	0.4062442481517792	0.7201967239379883	1.1525849103927612	0.6027060151100159	0.8092531561851501	0.5108391046524048	0.3638066351413727	0.908146858215332	0.469179630279541	0.446451872587204	0.4370107650756836	0.8475334644317627	0.1967495232820511	0.518164873123169	0.3534295856952667	0.37015241384506226	0.3746642768383026	0.6278342604637146	0.6172764301300049	0.45285946130752563	0.26082825660705566	0.5375011563301086	0.3606939911842346	1.011686086654663	0.38847029209136963	0.6338444948196411	0.472456157207489	0.2803584337234497	0.35405999422073364	0.28081655502319336	0.3530391752719879	0.5388936996459961	0.5838302373886108	0.7415733933448792	0.25544407963752747	0.4408178925514221	0.43729323148727417	0.4989190101623535	1.3473037481307983	0.14091157913208008	0.14304682612419128	0.923154890537262	1.2373265027999878	0.2465018332004547	0.24273593723773956	0.2679806649684906	0.5728809833526611	0.8265947699546814	0.4769798815250397	0.6912069916725159	0.5942780375480652	0.042753711342811584	0.29122596979141235	0.2113700956106186	0.06678666919469833	1.0136959552764893	0.335066556930542	0.7856053113937378	0.7776833772659302	0.16749653220176697	0.018292568624019623	0.7516998052597046	0.05109691619873047	1.2276076078414917	0.5773390531539917	0.2155192345380783	0.912013828754425	0.6236205697059631	0.2532860338687897	0.21712204813957214	0.1879349797964096	0.4044710397720337	0.658653974533081	0.339821457862854	0.051715414971113205	0.3768761157989502	0.2888420820236206	0.19513310492038727	0.8747438788414001	0.38636842370033264	0.3263833820819855	0.08385780453681946	0.2011641412973404	1.0278878211975098	0.5234934687614441	0.38710683584213257	0.2891489267349243	0.06542391330003738	0.5921856760978699	0.8219829797744751	0.08590592443943024	0.31513163447380066	0.5811247825622559	0.6304264664649963	0.404349684715271	0.29619184136390686	0.5821031332015991	0.9152097702026367	0.23926042020320892	0.5812446475028992	0.3212279677391052	1.2205311059951782	0.4756675958633423	0.46169567108154297	1.1422597169876099	0.5575417876243591	0.4732897877693176	0.22415152192115784	0.18062040209770203	0.5193651914596558	0.5745524168014526	1.053690791130066	0.47060340642929077	0.4550240933895111	0.7113652229309082	0.1332397609949112	0.6592746376991272	0.36144569516181946	0.05255553126335144	0.5810363292694092	0.7813209891319275	0.2875264883041382	0.17383188009262085	0.4908595085144043	0.5451982617378235	0.474302738904953	0.34601908922195435	0.2664937973022461	0.21145473420619965	0.9943522214889526	0.6429412364959717	0.35405316948890686	0.6106308698654175	0.36704301834106445	0.553006649017334	0.4743975102901459	0.22602488100528717	0.5192661285400391	0.6704182624816895	0.20492999255657196	0.45922407507896423	0.0996805876493454	0.6385555863380432	1.2747530937194824	0.7152565121650696	0.19583654403686523	0.5125709176063538	1.1281664371490479	1.0228394269943237	0.2997514307498932	0.9162826538085938	0.2800428867340088	0.47666284441947937	0.5165090560913086	0.9600785970687866	0.5178555846214294	0.4583287537097931	0.8917328715324402	0.8970535397529602	0.716109573841095	0.4958188533782959	2.1259312629699707	0.5223158001899719	0.3258126974105835	0.1812373697757721	1.2573158740997314	0.33435606956481934	0.6656383872032166	0.7805513739585876	0.04525960981845856	0.3307602107524872	0.5331804156303406	0.09534462541341782	0.5055443048477173	0.9084184169769287	0.3184228241443634	0.6754350662231445	0.379421591758728	0.4759849011898041	0.6063480377197266	0.21987789869308472	0.3286616802215576	0.4694848358631134	0.25884953141212463	0.7516167163848877	0.4668406844139099	0.2965446412563324	0.45821622014045715	0.5103451609611511	1.069345474243164	0.7058295607566833	0.019819606095552444	0.4852410554885864	0.6408411264419556	0.5520086884498596	0.3187767267227173	0.2786023020744324	0.5044845342636108	0.7798209190368652	0.4030074179172516	0.17081467807292938	0.37497779726982117	0.9195929169654846	0.3938344419002533	0.6270628571510315	0.8733189105987549	0.7246640920639038	0.9491407871246338	0.3549237549304962	0.4578092098236084	0.5672089457511902	0.18652798235416412	0.2432594895362854	0.8792130947113037	0.8053852915763855	0.6943701505661011	0.2681748569011688	0.3627411425113678	0.22094744443893433	0.13762697577476501	0.1367224007844925	0.5593323707580566	0.2574828565120697	0.9266388416290283	0.29911747574806213	0.3023463785648346	0.4102965295314789	0.5048512816429138	0.13873781263828278	0.79093337059021	0.36737364530563354	0.7060397863388062	0.31721755862236023	0.8522740006446838	0.5532649159431458	0.4455711841583252	1.4183661937713623	0.6345090866088867	0.3734799325466156	0.710282564163208	0.5616111159324646	0.1324392706155777	0.4591779112815857	0.2751997113227844	0.379978746175766	0.18966495990753174	0.28691554069519043	0.3052347004413605	0.3886532783508301	1.0855119228363037	0.4511217474937439	0.11500585824251175	0.3108193874359131	0.5067373514175415	0.3679436445236206	0.5739343166351318	0.12736280262470245	1.0002639293670654	0.5954056978225708	0.8358808159828186	0.10313957184553146	0.36047059297561646	0.07974380999803543	0.37155747413635254	1.1156513690948486	0.6480811834335327	0.48276692628860474	0.4595937132835388	0.7650834918022156	0.06864632666110992	0.7609464526176453	0.18696559965610504	0.571679413318634	0.3285876512527466	0.7589502334594727	1.40325927734375	0.6040366291999817	0.7658069133758545	0.36876314878463745	0.11018120497465134	1.3030788898468018	0.29717913269996643	0.7521641254425049	0.12850651144981384	0.5214650630950928	0.29840585589408875	0.24603666365146637	0.42885446548461914	0.38807451725006104	0.18227557837963104	0.1746862530708313	0.3677501082420349	0.6438621878623962	0.6342329382896423	0.5573896169662476	0.2859748899936676	0.6333353519439697	0.6494187116622925	0.3137992024421692	0.38044777512550354	0.46720391511917114	0.1773965060710907	0.558018684387207	0.1839226484298706	0.2547307312488556	0.6928360462188721	0.06674956530332565	0.1488509178161621	0.40227407217025757	0.29991430044174194	0.7468578815460205	0.19791200757026672	0.5390002727508545	0.629051923751831	0.18481691181659698	0.32993268966674805	0.6253432631492615	0.6287765502929688	0.565974771976471	0.2403060346841812	0.4816899001598358	0.5441287755966187	1.0173282623291016	0.5323482751846313	0.3416484594345093	0.7349196076393127	0.709951639175415	1.2780730724334717	0.596564531326294	0.2977628707885742	0.3002420961856842	0.3330629765987396	0.7073398232460022	0.6563581824302673	0.4553337097167969	0.8184271454811096	0.6881481409072876	0.22008845210075378	0.43434765934944153	0.5216469168663025	1.5741783380508423	0.35953259468078613	0.17725156247615814	0.5705556273460388	1.183718204498291	0.27727410197257996	0.06130881980061531	0.37382903695106506	0.6071821451187134	0.8337864279747009	0.5020387768745422	0.6042590141296387	0.7676523327827454	0.15523508191108704	1.10530424118042	0.651465117931366	0.3028140068054199	0.6984851956367493	0.3187168836593628	0.6022276878356934	0.37908226251602173	0.5778933763504028	0.7457890510559082	0.5407989025115967	0.3920842409133911	0.48811838030815125	0.4370286762714386	0.7500472068786621	0.23492282629013062	0.6571372747421265	0.43128594756126404	0.17468325793743134	0.6110748052597046	0.3908388912677765	0.3629470765590668	0.13921603560447693	0.11438214778900146	0.9883227944374084	0.7586087584495544	0.5794687271118164	0.8379696607589722	0.6111443042755127	0.01247384026646614	0.4489615857601166	0.08090682327747345	0.5575885772705078	0.3512040376663208	0.1385429948568344	0.6010810136795044	0.5928898453712463	0.598543643951416	1.8227022886276245	0.3265131711959839	0.768714427947998	0.5043593049049377	0.5636621117591858	0.29504114389419556	0.21670189499855042	0.1835695058107376	0.18010756373405457	0.4665513038635254	0.5841064453125	0.49006012082099915	0.22260782122612	0.8368855714797974	0.7369218468666077	0.1878129243850708	1.0330860614776611	0.38167649507522583	1.162447214126587	1.17464017868042	0.30480948090553284	0.5104507207870483	0.314528226852417	0.73469078540802	0.5250359773635864	0.20540766417980194	0.29767587780952454	0.22254487872123718	0.30105772614479065	0.6429505944252014	0.5310249328613281	0.09287026524543762	0.36632347106933594	0.7977909445762634	0.2656330168247223	0.43758922815322876	0.4663529396057129	0.3474314510822296	0.5049742460250854	0.9280294179916382	0.5386673808097839	0.2809086740016937	0.6542853116989136	0.9452415108680725	0.6713266968727112	0.20099946856498718	0.9588523507118225	0.3603931665420532	0.38419076800346375	0.665036678314209	0.667155385017395	0.5324395298957825	0.4798511862754822	0.6037096977233887	0.5473675727844238	0.7379029989242554	0.6934118866920471	0.6437441110610962	0.6134816408157349	1.0581090450286865	0.6105430126190186	0.29880738258361816	0.7062838673591614	0.18612447381019592	0.5934584736824036	1.2148802280426025	0.7123716473579407	0.19530178606510162	1.4216946363449097	0.5047088265419006	0.26338687539100647	0.3998855948448181	0.3406164348125458	0.17918488383293152	0.38137802481651306	0.33782103657722473	0.7307571768760681	0.5771751403808594	0.30816537141799927	0.3335854113101959	0.35290685296058655	0.3821372389793396	0.5449779033660889	0.645540714263916	0.13090506196022034	0.39544665813446045	0.34108415246009827	0.4516696035861969	0.16318786144256592	0.5581079721450806	0.34744101762771606	0.9515748620033264	0.3454982042312622	0.28237515687942505	0.7353198528289795	0.7025023698806763	0.7806157469749451	0.40670695900917053	0.11130434274673462	0.39791351556777954	0.6850007176399231	0.509342610836029	0.682022750377655	1.1807056665420532	0.5608032941818237	0.3064371645450592	0.43175214529037476	0.4721508324146271	0.26506587862968445	0.146878182888031	0.3801977038383484	0.06078992038965225	0.9202547669410706	0.28461799025535583	0.3177911937236786	0.1620904505252838	0.2762434184551239	0.2906787097454071	0.5047399997711182	0.39094895124435425	0.08193415403366089	1.0249816179275513	0.3323395848274231	0.7364263534545898	0.7122530937194824	0.0810619443655014	1.0177849531173706	0.08894767612218857	0.7547298669815063	0.3358232378959656	0.2595618665218353	0.4943823218345642	0.7559611201286316	0.6420871019363403	0.21001039445400238	0.9513006806373596	0.8118200302124023	0.23026825487613678	0.5030395984649658	0.11401963979005814	0.41744276881217957	0.6298803091049194	0.4485732913017273	0.45836368203163147	0.36224135756492615	0.24376840889453888	0.3742224872112274	0.3891168236732483	0.15978467464447021	0.5713777542114258	0.47529780864715576	0.33070582151412964	1.1470247507095337	0.15858452022075653	0.06983017176389694	0.14828839898109436	0.08728929609060287	0.4675041437149048	0.2642655670642853	0.19348949193954468	0.5093657374382019	0.7967767715454102	1.0830382108688354	0.6209189295768738	0.7462567090988159	0.7711008191108704	0.380315363407135	1.0164637565612793	0.5980952978134155	0.4076712727546692	0.41324323415756226	0.6615942120552063	0.5635578036308289	0.4790126085281372	0.5187881588935852	0.4897210896015167	0.029698889702558517	0.4857295751571655	0.4728940725326538	0.18654084205627441	0.5357719659805298	0.2705245018005371	0.46350210905075073	0.5272259712219238	0.3380346894264221	1.8068681955337524	0.7529048919677734	0.8407061100006104	0.1920015513896942	0.26664867997169495	0.6167827248573303	0.3850971460342407	1.3835798501968384	0.6484642624855042	0.9557291865348816	0.08970727026462555	0.20857155323028564	0.5478060245513916	0.5766644477844238	0.5930577516555786	0.26679447293281555	0.5892328023910522	0.492841511964798	0.48144012689590454	0.5696450471878052	1.1353847980499268	0.42624998092651367	0.8275966644287109	0.47362762689590454	0.30102401971817017	0.5065950751304626	0.4705304205417633	0.6940426230430603	0.3075961172580719	0.9031607508659363	0.0031632743775844574	0.4845663905143738	0.1588674932718277	0.4072362780570984	0.41570988297462463	0.46965092420578003	0.48613831400871277	0.7999329566955566	0.5516735315322876	0.7063420414924622	0.20857855677604675	0.869693398475647	1.029587984085083	1.1948175430297852	0.3224736750125885	0.49243491888046265	0.46411702036857605	0.2059604674577713	0.18381370604038239	0.4715786874294281	0.695862352848053	0.6751314401626587	0.7132866978645325	0.6200950741767883	0.2003353238105774	0.4637387692928314	0.4040079414844513	0.5252041220664978	1.150329351425171	0.0923633873462677	0.43155279755592346	0.2044227421283722	0.5178262591362	0.43809443712234497	0.17585599422454834	0.6835529804229736	0.4314681589603424	0.3132588267326355	1.301871657371521	0.6528888940811157	0.19563302397727966	0.9400708079338074	0.30357182025909424	0.2794915437698364	0.4007716476917267	0.2013353407382965	0.5494229197502136	0.7479208707809448	0.6952191591262817	0.3935093879699707	0.6135762929916382	0.47940516471862793	0.2054193615913391	0.605778694152832	0.3736429214477539	0.0722455233335495	0.4996856153011322	0.36106884479522705	0.23639997839927673	0.4972439706325531	0.3150428235530853	0.32285076379776	0.8442130088806152	0.5362342596054077	1.0142269134521484	0.9439294934272766	0.48242834210395813	0.26443713903427124	0.8878850936889648	0.7813289165496826	0.41202592849731445	0.7049375772476196	0.2931499183177948	0.8251771926879883	1.0934001207351685	0.1395186185836792	1.2656774520874023	0.2117716670036316	0.6909953951835632	0.21144939959049225	0.2840055525302887	0.6452161073684692	0.3782132863998413	0.09841087460517883	0.5267495512962341	0.7731732130050659	0.17456066608428955	0.527614414691925	0.4662192463874817	0.4247813820838928	0.43981584906578064	0.3198859393596649	0.5210232734680176	0.5809234380722046	0.6628727316856384	1.2439868450164795	0.7841675877571106	0.6865054965019226	0.8380287289619446	0.26752811670303345	0.8783431053161621	0.7149752378463745
0.2957713007926941	0.5152625441551208	0.549272894859314	0.4398229420185089	1.0734657049179077	0.48703643679618835	0.23816749453544617	0.8555029034614563	0.8786191344261169	0.24520966410636902	1.0703097581863403	0.20361848175525665	0.7728269100189209	0.4812071919441223	0.6158999800682068	0.2865854799747467	0.20689739286899567	1.004071831703186	0.7905687689781189	0.3841072916984558	0.8104006052017212	0.5711845755577087	0.40789997577667236	0.28999245166778564	0.324623703956604	0.4588613510131836	0.5003648996353149	0.6315851211547852	0.4917323589324951	0.961861252784729	0.38242706656455994	0.9420381188392639	0.2290157973766327	0.3785330653190613	0.3781436085700989	0.6113015413284302	0.3598560690879822	0.4867234528064728	0.498533695936203	0.8279575109481812	0.5014301538467407	1.0980801582336426	0.3549441695213318	0.36747029423713684	0.20905962586402893	0.246334969997406	0.4331195056438446	0.6130704879760742	0.2409822940826416	0.4435286819934845	1.574303150177002	0.8217437863349915	0.8813411593437195	0.8079392313957214	0.5684310793876648	0.22777055203914642	0.1920611411333084	0.8535718321800232	0.4926573634147644	0.5226185321807861	0.3088526725769043	1.063602328300476	0.3409004807472229	0.6992758512496948	0.7030780911445618	0.5951659083366394	1.0046820640563965	0.5680966973304749	0.42573678493499756	0.5079249143600464	0.18805193901062012	0.2471248358488083	1.39066481590271	0.6422016620635986	0.43274372816085815	0.5767834782600403	0.23577116429805756	0.5515609979629517	0.33181309700012207	0.7440366148948669	0.7217659950256348	0.37425917387008667	0.35306161642074585	0.2811126708984375	0.22286628186702728	0.3802032768726349	0.3748793601989746	0.750920295715332	1.362097144126892	0.3660392463207245	0.3625851273536682	0.676214337348938	0.341696172952652	0.7985503673553467	0.49460044503211975	0.32711949944496155	0.5800740122795105	0.4402378797531128	0.5913450717926025	0.45388728380203247	0.011318130418658257	0.7321276068687439	0.22181540727615356	0.14131341874599457	0.34037259221076965	0.38582223653793335	0.6167040467262268	1.4951426982879639	0.8745056390762329	0.6503157019615173	0.9625951647758484	0.3863065838813782	0.7094154357910156	0.30860185623168945	0.6518840789794922	0.3246309161186218	0.43215757608413696	1.2916076183319092	0.2707548439502716	0.777033269405365	0.9359087944030762	0.2937592566013336	0.9092966318130493	0.16579562425613403	1.0655385255813599	0.5198662877082825	0.38762208819389343	0.7530315518379211	0.6154392957687378	0.6010428667068481	0.49159711599349976	0.7706725597381592	0.2485801726579666	0.30645909905433655	0.4088636040687561	0.10877358168363571	0.6507456302642822	0.18464234471321106	0.2426488846540451	0.2721664607524872	0.2937774956226349	0.21844325959682465	1.0405924320220947	0.3547435700893402	0.7090027928352356	1.2830241918563843	0.3777156472206116	0.5340272784233093	1.303356647491455	0.3802568316459656	0.1487114429473877	0.3188227117061615	0.6367257833480835	1.237721562385559	0.4427611827850342	0.6528186202049255	0.3880554735660553	0.7512482404708862	0.2239568829536438	0.5063977241516113	1.144425868988037	0.9281647205352783	0.3841346800327301	0.4098970293998718	0.32534998655319214	0.5069261193275452	0.1279524713754654	0.18233944475650787	1.4304238557815552	0.5810902714729309	0.4489515721797943	0.5249786972999573	0.4320814311504364	0.6965451836585999	0.47245925664901733	0.18839402496814728	0.5078527927398682	0.4069138169288635	0.42138949036598206	0.28718698024749756	0.2332650125026703	0.2720617949962616	0.37951231002807617	0.7735511064529419	0.5782221555709839	0.6286460757255554	0.5101443529129028	0.31314265727996826	0.9445831775665283	1.1248739957809448	0.5902071595191956	0.3047827184200287	0.28374001383781433	0.8537582159042358	0.3047024607658386	0.8312267661094666	0.6708726286888123	0.4272700548171997	0.38370877504348755	0.7379785776138306	0.6873360276222229	0.3065299391746521	0.450006902217865	0.7626716494560242	0.6804523468017578	0.6236096024513245	0.7857717871665955	0.18521705269813538	0.5289746522903442	0.9699649214744568	0.3700511157512665	0.2942521274089813	0.34981104731559753	0.256316214799881	0.5350247621536255	0.6009670495986938	0.37273383140563965	0.7407926321029663	0.7636970281600952	0.9329187870025635	0.4417320787906647	0.34924837946891785	0.30497169494628906	0.7079127430915833	0.5316944122314453	0.6458374261856079	0.9673840403556824	1.024238109588623	0.5299559235572815	0.6909345388412476	0.862075686454773	0.5493590831756592	0.39157769083976746	0.6285527944564819	0.290151447057724	0.5720382928848267	0.39449238777160645	0.5080278515815735	0.7569290399551392	0.2269189953804016	0.20760828256607056	0.5603861808776855	0.32319897413253784	0.43604153394699097	0.5808176398277283	0.32873839139938354	1.2056045532226562	0.5706796050071716	0.2382754683494568	0.6444908380508423	0.7385020852088928	0.9073441028594971	0.2001926302909851	0.9205470681190491	0.567035436630249	0.8203132152557373	0.43598121404647827	0.8537150025367737	1.6176787614822388	0.2552247941493988	0.4357282817363739	0.7952233552932739	0.3900858163833618	0.4485742449760437	0.5307140946388245	0.29220670461654663	0.8410443067550659	0.25232505798339844	0.2805469334125519	1.0324501991271973	0.3744203746318817	0.39258530735969543	1.5696371793746948	0.5570729374885559	0.1681760549545288	0.367512047290802	0.706142783164978	0.5693777799606323	0.519754946231842	0.6963971257209778	0.5905820727348328	0.7568780779838562	0.3059466481208801	0.34174594283103943	0.642531156539917	0.8185657262802124	0.350025475025177	0.6412450075149536	1.0135161876678467	0.41728338599205017	0.8452432751655579	0.5073979496955872	0.8132016658782959	0.2945258617401123	0.33266642689704895	0.5295656323432922	1.0249581336975098	0.6365840435028076	0.526962399482727	0.6259577870368958	0.45944148302078247	0.3549586534500122	0.4792554974555969	0.47407931089401245	0.4216541051864624	0.20679962635040283	0.6201252937316895	0.13083240389823914	0.5968239903450012	0.9914380311965942	1.4321033954620361	0.5701964497566223	0.7896649241447449	1.340247392654419	0.5356310606002808	1.1608612537384033	0.42462608218193054	0.9004281163215637	0.5117766857147217	0.8663508892059326	0.4377390444278717	0.6086692214012146	0.6780018210411072	0.3959696590900421	0.9997091889381409	0.7841506004333496	0.24321435391902924	0.5253239870071411	0.47331860661506653	1.2972873449325562	0.5467962026596069	0.38196343183517456	0.34122157096862793	0.3266115188598633	0.7704905271530151	0.4716649055480957	1.3566747903823853	0.4524531960487366	0.5269705057144165	0.8636555671691895	0.28086748719215393	0.06936582177877426	0.324001282453537	0.18041594326496124	0.45421651005744934	0.30637550354003906	0.3508881628513336	0.26950275897979736	0.7285389304161072	0.384713739156723	0.6806204319000244	0.2787187099456787	0.3796626329421997	1.3831859827041626	0.5854957103729248	0.19795697927474976	0.9812505841255188	0.44532009959220886	0.18818271160125732	0.29256123304367065	1.7133464813232422	0.31858789920806885	0.445939302444458	0.36322036385536194	0.4483726918697357	0.27201583981513977	0.5718749761581421	1.4622020721435547	0.7673383355140686	0.4260685443878174	0.584417462348938	0.8187252283096313	0.38040846586227417	1.0255934000015259	0.3487008512020111	0.9587195515632629	0.3958622217178345	0.5106710195541382	0.7140442132949829	0.7010617852210999	0.40726879239082336	0.7141167521476746	0.26988646388053894	0.5507427453994751	0.4918244183063507	0.3292548358440399	0.849419116973877	0.3461502492427826	0.5376368165016174	0.3408040404319763	0.19788256287574768	0.8358269929885864	0.2563347816467285	1.3006422519683838	0.23918554186820984	0.3146502375602722	0.7557637691497803	0.4005613327026367	0.43530720472335815	0.5188489556312561	0.9318292737007141	0.7699722647666931	0.41089487075805664	1.1252013444900513	0.38818541169166565	0.5321015119552612	0.19935664534568787	0.8868218064308167	0.5904996991157532	0.3244107961654663	0.33123672008514404	0.11686104536056519	0.3826073706150055	0.4298326373100281	0.3402712941169739	0.6490605473518372	0.4758414030075073	0.22910217940807343	0.48565614223480225	0.17585207521915436	0.3737849295139313	0.4486614465713501	0.5568593740463257	0.44178056716918945	0.5310940146446228	0.26216718554496765	0.2887379825115204	0.38747739791870117	0.7053683996200562	0.9542485475540161	0.3636966049671173	0.03596988320350647	0.5461925268173218	0.5214340090751648	0.5106368660926819	0.6485393047332764	0.6071723699569702	0.6056426167488098	0.2826531231403351	0.35660040378570557	0.9170517921447754	0.7263582944869995	0.8802077770233154	0.2649562358856201	0.3565274178981781	0.5616192817687988	0.963996410369873	0.6902537941932678	0.6433475613594055	0.8959475755691528	0.16243310272693634	0.3874427378177643	1.198807716369629	0.5806701183319092	0.33651623129844666	0.22320210933685303	1.0245904922485352	0.2658803462982178	0.7999163866043091	0.5681831240653992	1.0509753227233887	0.3606320917606354	0.18268735706806183	0.9722931981086731	0.5240619778633118	1.042346477508545	0.5314142107963562	0.6994396448135376	0.19897793233394623	0.4417576193809509	0.47138306498527527	0.24760615825653076	0.7375953197479248	0.4685765206813812	0.49087971448898315	0.6696491241455078	0.2773076295852661	0.6526142954826355	0.8506849408149719	0.971560001373291	0.26956450939178467	0.11159439384937286	0.5827983617782593	0.7103410363197327	1.672316551208496	0.9346410036087036	0.9828814268112183	0.700691819190979	0.8866655826568604	0.23311667144298553	0.3627816438674927	0.5388275384902954	0.5572365522384644	0.7750024795532227	0.33622193336486816	0.5271821022033691	0.36464354395866394	0.5267428755760193	0.2724874019622803	0.6775723099708557	0.5443322658538818	0.40929245948791504	0.6109703183174133	0.4804854989051819	0.44646814465522766	0.8442724347114563	0.45007210969924927	0.8245757818222046	0.3630165755748749	0.3781101405620575	0.38448813557624817	0.10239793360233307	0.6492761969566345	0.7532939314842224	0.3002175986766815	0.24241851270198822	0.2164718508720398	0.3620738387107849	0.5162785649299622	0.2910272181034088	0.24419203400611877	0.4292791485786438	0.6985083818435669	0.7079371809959412	0.26891589164733887	0.7948039770126343	0.2929643988609314	0.4431055784225464	1.0468714237213135	0.6066836714744568	0.3471668064594269	0.4096151888370514	0.24017614126205444	0.7247824668884277	0.546285092830658	0.3444320559501648	0.1688229888677597	0.714108943939209	0.6073381304740906	0.4329310357570648	1.1507294178009033	0.4152590334415436	0.5774210095405579	0.7560930252075195	0.47729918360710144	0.5501765608787537	0.6032941937446594	0.24295750260353088	0.3976716995239258	0.8735824823379517	0.029957162216305733	0.5829035639762878	0.4657914638519287	0.20011699199676514	0.21620310842990875	0.3646736741065979	0.9043505191802979	0.40854430198669434	0.8061618208885193	1.1444326639175415	0.7438900470733643	0.7755511999130249	0.48409223556518555	0.2509046494960785	0.29650208353996277	0.5927168130874634	0.7996537685394287	0.10938174277544022	0.5023002624511719	0.7528132200241089	1.0517332553863525	0.5872111320495605	1.4046462774276733	1.0044546127319336	0.3768482208251953	0.2947821617126465	0.20821911096572876	0.2181900143623352	0.5853373408317566	0.22540801763534546	0.4372923970222473	0.1335243284702301	0.4840894639492035	0.4856962263584137	0.33382973074913025	0.34301790595054626	0.16056348383426666	0.15194302797317505	0.09269408136606216	0.31337714195251465	0.48024988174438477	1.4180322885513306	0.45828282833099365	0.4700586795806885	0.9441624879837036	0.5791580677032471	0.6800478100776672	0.2506297528743744	0.48643258213996887	0.41586658358573914	0.3717215657234192	0.8081669807434082	0.17949490249156952	0.6089987754821777	0.9325656890869141	0.44917944073677063	0.4075029492378235	0.717648446559906	0.34939292073249817	0.8957526087760925	0.1967395842075348	0.4345037639141083	0.3348323106765747	0.7751786708831787	0.47638511657714844	1.0282599925994873	0.12963812053203583	0.3957923948764801	0.26477354764938354	0.32336869835853577	0.35880565643310547	0.5551710724830627	0.0488487109541893	0.5199060440063477	0.3089684844017029	0.34302571415901184	0.36722037196159363	0.11776314675807953	0.6245161294937134	0.7416519522666931	0.6033836007118225	0.45611727237701416	0.10632827877998352	1.0671032667160034	0.7998536229133606	0.24108681082725525	0.2861884534358978	0.5695514678955078	0.3086989223957062	0.41272297501564026	0.6675764918327332	0.3542313575744629	0.44434475898742676	0.3027465045452118	0.9053843021392822	0.35128962993621826	0.512624979019165	0.4800167679786682	0.19866780936717987	0.505299985408783	0.599530041217804	0.40044254064559937	0.11948763579130173	0.6117388010025024	0.7500319480895996	0.3757553696632385	0.6344737410545349	0.44044995307922363	1.2100690603256226	0.5496061444282532	0.547697126865387	0.6693317890167236	0.141179621219635	0.34879201650619507	0.2985481321811676	0.49831223487854004	1.1697577238082886	0.31251227855682373	1.417863130569458	0.37967604398727417	0.538670539855957	0.4519476294517517	0.30826112627983093	0.6519280672073364	1.045607328414917	0.6455211043357849	0.6250530481338501	0.990990161895752	1.0611871480941772	0.44319289922714233	0.4938463866710663	0.28858494758605957	0.8285797238349915	0.5718477964401245	0.9316201210021973	0.5168449878692627	0.4479880928993225	0.40358346700668335	0.44960901141166687	0.41996851563453674	0.30179363489151	0.40879616141319275	0.9667559862136841	0.45756641030311584	0.2219354212284088	0.865009605884552	0.8543083071708679	0.3154747784137726	0.6152150630950928	0.26763850450515747	0.4416288733482361	0.40343061089515686	0.31730398535728455	0.26084181666374207	0.24437180161476135	0.06617218255996704	0.6815364360809326	0.2829858064651489	0.5322808027267456	0.1559518575668335	0.29786667227745056	0.7481269836425781	0.9852021932601929	0.41783758997917175	0.45807909965515137	0.7489673495292664	0.3889904022216797	0.4963909089565277	0.3625444173812866	0.3852601945400238	0.5301451086997986	0.5860248804092407	0.5757683515548706	0.6567894220352173	0.7849411964416504	0.18351225554943085	0.9317925572395325	0.21603477001190186	0.6552561521530151	0.7178372144699097	0.29300880432128906	0.2665189802646637	0.5843647718429565	0.8470498919487	0.904498815536499	0.25968125462532043	0.5617766380310059	0.07299831509590149	0.12338411062955856	0.3939094841480255	0.39037618041038513	1.1599987745285034	0.4568176567554474	0.5229623317718506	0.7959930896759033	0.29176145792007446	0.3161880373954773	0.6532236337661743	0.5961942672729492	0.31317439675331116	0.2817186415195465	0.4190940856933594	0.20192241668701172	0.14549215137958527	0.2205778956413269	0.2959252595901489	1.0747056007385254	0.16153773665428162	0.483148992061615	0.26229366660118103	0.4443143308162689	0.49758031964302063	0.09309893846511841	0.5872390270233154	0.1877136081457138	0.215828999876976	0.6002905368804932	0.8869659304618835	0.4034380316734314	0.5224137306213379	0.42092302441596985	0.6059510707855225	0.2515242397785187	0.41427770256996155	0.4556809961795807	0.5514113306999207	0.1886390596628189	0.2863362729549408	0.1585010290145874	0.2271110713481903	0.45611047744750977	0.3035392463207245	0.586036741733551	0.31257402896881104	0.5374103784561157	0.7423703670501709	0.2962152361869812	0.5778074860572815	0.15996424853801727	0.329231321811676	0.894343912601471	0.47245386242866516	0.6828463673591614	0.554964542388916	0.5151086449623108	0.35657796263694763	1.067014455795288	0.529514729976654	0.34145388007164	0.4879092574119568	0.310364305973053	0.6034187078475952	0.9146654605865479	0.46938979625701904	0.6441179513931274	0.21996651589870453	1.0583252906799316	0.8526554107666016	0.7878127694129944	0.34630295634269714	0.14418035745620728	1.0520930290222168	0.5544314980506897	0.5934130549430847	1.0733073949813843	0.6839392781257629	0.6863214373588562	0.8578982353210449	0.40831083059310913	0.7587478756904602	0.39768192172050476	0.3891376852989197	0.32644617557525635	0.7110639214515686	0.6402779221534729	0.6318780183792114	0.469746470451355	0.22485941648483276	0.7863399386405945	0.20946292579174042	0.4469909965991974	0.17074331641197205	0.653503954410553	0.3039490878582001	0.6199520826339722	0.6797320246696472	0.7791106700897217	0.6254424452781677	0.4214843511581421	0.8234091997146606	0.17204982042312622	0.13329625129699707	0.7615671157836914	0.32147306203842163	0.5108746290206909	0.5878917574882507	0.2979322075843811	0.9555987119674683	0.7278655171394348	0.4101681411266327	0.1845465898513794	0.26998963952064514	0.08329004049301147	0.9311009645462036	0.1339460164308548	0.35217440128326416	0.2229003608226776	0.332804411649704	0.5602004528045654	0.3438573479652405	0.1735653579235077	0.19259199500083923	0.31930938363075256	0.2861941456794739	0.5488449335098267	0.26481229066848755	0.21630173921585083	0.27094900608062744	0.2830101549625397	0.5993929505348206	0.4775291979312897	0.3889581263065338	0.24502824246883392	0.2497590184211731	0.2947966456413269	0.34105587005615234	0.3273828625679016	0.7811362743377686	0.7936250567436218	0.38862529397010803	0.27764520049095154	0.12886346876621246	0.7698168754577637	0.5501430034637451	0.24660177528858185	0.6340527534484863	0.4251144230365753	0.41624873876571655	0.14906224608421326	0.6250372529029846	0.794036328792572	0.485179603099823	0.342476487159729	0.39211365580558777	0.47517305612564087	0.2258467972278595	0.16662625968456268	0.16478489339351654	0.41012921929359436	0.2990664541721344	0.2632077932357788	0.26929351687431335	0.28579774498939514	0.25017544627189636	0.5528355836868286	1.3374487161636353	0.4452947974205017	0.23840191960334778	0.5229070782661438	0.2575087547302246	0.2580133378505707	1.1328301429748535	0.6917173266410828	0.648553192615509	0.5416617393493652	0.8185038566589355	0.5518608093261719	0.11090852320194244	0.3359026312828064	0.22492563724517822	0.33324944972991943	0.5446116924285889	0.8992554545402527	0.7589341402053833	0.9818006157875061	0.5207614898681641	0.4981430768966675	0.3744889199733734	0.5358515977859497	0.7311242818832397	0.5792129635810852	0.5134352445602417	0.5915592908859253	0.43603184819221497	0.44214707612991333	0.3102647662162781	0.32983916997909546	0.19468438625335693	0.203208327293396	0.47819000482559204	0.1507236212491989	0.5643008351325989	0.4314683675765991	0.3027554750442505	1.0170648097991943	0.2653921842575073	0.7628864645957947	0.5297092199325562	1.0557801723480225	0.5405811667442322	0.7176335453987122	0.4852094352245331	1.4328993558883667	0.5683654546737671	0.2984731197357178	0.5214689373970032	0.650397539138794	0.34579652547836304	0.9697466492652893	0.32969146966934204	0.16099455952644348	0.439157098531723	0.3006768226623535	0.5776857137680054	0.4775826036930084	0.4566532373428345	0.3372376263141632	0.4552682936191559	0.31416743993759155	0.6983752846717834	0.5099591016769409	0.5220928192138672	0.48882123827934265	0.2683894634246826	0.4089762270450592	0.7269483208656311	0.5565922856330872	0.6028827428817749	0.12654131650924683	0.4843750596046448	0.9889408349990845	0.8095945715904236	1.0740134716033936	0.5246247053146362	0.6673271059989929	0.3132515549659729	0.6429283022880554	0.7148475646972656	1.150089144706726	0.6778115630149841	0.46068406105041504	0.578324019908905	0.2966899573802948	0.4709043502807617	0.5365948677062988	0.4166005253791809	0.6942909955978394	1.1922847032546997	0.48785778880119324	0.40606749057769775	0.2202109545469284	0.5724320411682129	0.8312503099441528	0.3629055619239807	0.4257044196128845	0.36066263914108276	0.6625138521194458	0.32514625787734985	0.6775862574577332	0.3226936459541321	0.5395710468292236	0.17835327982902527	0.37239181995391846	0.8224529027938843	0.445279598236084	0.679198682308197	0.48204320669174194	0.48409605026245117	0.5253427028656006	0.4897975027561188	0.34149470925331116	0.821930468082428	1.0503339767456055	0.41240423917770386	0.9287877082824707	0.5260015726089478	0.3342142105102539	0.49057748913764954	1.2300411462783813	0.458072304725647	0.9139971137046814	0.6579234600067139	0.7172883152961731	0.7670304775238037	0.27269595861434937	0.4461289346218109	0.3912627100944519	0.8932971358299255	1.008023977279663	0.11854872107505798	0.8497830629348755	0.3310491442680359	0.6761664152145386	1.1763801574707031	0.36861300468444824	0.6216228604316711	0.9696399569511414	0.9871460199356079	0.29874926805496216	0.5258527994155884	0.2692902088165283	0.7397561073303223	0.8797691464424133	0.39331457018852234	0.5744190216064453	0.8955810070037842	0.511077344417572	0.6088143587112427	0.1022433191537857	0.3234825134277344	0.9700541496276855	0.4582582414150238	0.26228809356689453	0.7220492362976074	0.602083146572113	0.4438076913356781	0.18153464794158936	0.3874724507331848	0.4273545742034912	0.879874587059021	0.7143001556396484	0.2962304353713989	0.20411576330661774	0.5511193871498108	0.20719538629055023	0.9004510641098022	1.5323925018310547	0.35567861795425415	0.5954318046569824	0.5152853727340698	0.26278817653656006	0.9742380976676941	1.0521132946014404	0.37778833508491516	1.7257673740386963	0.4802970290184021	1.3493481874465942	1.2361129522323608	1.2750542163848877	0.5838611721992493	0.8896094560623169	1.0546475648880005	0.6251204013824463	0.36227482557296753	0.6684185862541199	0.2951769530773163	0.7175853252410889	1.217861533164978	0.3373137414455414	0.48266851902008057	0.28860610723495483	0.640622079372406	0.44479501247406006	1.2593398094177246	0.600301206111908	0.5204928517341614	0.15904711186885834	0.48767203092575073	0.5706946849822998	0.5431199669837952	1.0999019145965576	0.8505005836486816	0.28475233912467957	0.6008836627006531	0.9993962645530701	0.6474089622497559	0.5629569888114929	0.3019779920578003	0.8218148946762085	0.5408526062965393	0.6446884274482727	1.0514930486679077	0.1814986616373062	0.5254224538803101	0.2954050898551941	0.3408110439777374	0.3529303967952728	1.3393042087554932	0.41844499111175537	0.1405644565820694	0.24575358629226685	0.594286322593689	1.2834765911102295	0.3665769696235657	0.13940222561359406	0.5874496698379517	0.9141190052032471	0.7877702116966248	0.18093068897724152	0.7559890151023865	0.17334578931331635	0.48292478919029236	0.2776670753955841	1.3429917097091675	0.317587286233902	0.3466186821460724	0.7205336093902588	0.6524764895439148	0.4950673282146454	0.3654104173183441	0.8810243010520935	0.4698295593261719	0.33523616194725037	0.4394678473472595	0.8011240363121033	0.825994610786438	0.45741862058639526	0.7648756504058838	0.9907334446907043	0.44821199774742126	0.8133803606033325	0.8270789384841919	0.1827820986509323	0.7291550636291504	0.40386542677879333	0.9182988405227661	1.0915286540985107	0.39981499314308167	0.3372807502746582	0.19383783638477325	0.29302284121513367	0.8744032382965088	1.0210869312286377	0.3549853265285492	0.47770702838897705	0.2098013311624527	0.3133087158203125	0.8507965207099915	0.45146191120147705	0.5555818676948547	1.069439172744751	0.513146698474884	0.5808306932449341	0.6325218081474304	0.5399834513664246	0.1694319248199463	0.5218729972839355	1.1852147579193115	0.4609607458114624	0.9899483919143677	0.5994728803634644	0.8631273508071899	0.2170843482017517	0.5690011978149414	0.4764431416988373	0.2713797688484192	0.17601576447486877	0.3651338219642639	0.39507678151130676	0.7977102994918823	0.4610517621040344	0.39471375942230225	0.5109550952911377	0.6058398485183716	0.5396736860275269	0.6496113538742065	0.27476465702056885	0.5127641558647156	0.9703609943389893	0.5764744877815247	0.17171204090118408	1.0435395240783691	0.22302596271038055	0.22632473707199097	0.4303719103336334	0.6849968433380127	0.4946403503417969	0.7431689500808716	0.76365065574646	0.6957093477249146	0.48319217562675476	0.4386550784111023	0.2638911306858063	2.135622262954712	1.3873127698898315	1.6242544651031494	0.4133470058441162	0.4177108407020569	0.49277809262275696	0.6976452469825745	0.34279775619506836	0.3452697992324829	0.6424584984779358	0.552094578742981	0.6323665380477905	0.8845139741897583	0.22266653180122375	0.7054185271263123	0.8376619219779968	0.5024563074111938	0.5373746752738953	0.1425188183784485	0.26301413774490356	0.6541730165481567	0.8300732374191284	0.4276885986328125	0.4976063668727875	0.2877671718597412	0.2401823103427887	1.0449835062026978	0.624295711517334	0.6752013564109802	0.7159608602523804	0.4870680868625641	0.9394288063049316	0.11839262396097183	0.6034401655197144	0.41284874081611633	0.3965469002723694	0.8883886337280273	0.3737962245941162	0.44363316893577576	0.8403939008712769	0.31120240688323975	0.32010239362716675	0.25917309522628784	0.5224690437316895	0.1105264201760292	0.24785679578781128	1.1463589668273926	0.8653725981712341	0.39302247762680054	0.42456409335136414	0.9711265563964844	0.6026647090911865	0.4314165413379669	0.5074218511581421	0.5790600776672363	0.7223489284515381	0.2944445013999939	0.4724409282207489	0.3388108015060425	1.077169418334961	0.27669528126716614	0.40921148657798767	0.05551794916391373	0.2456386834383011	1.1016184091567993	0.7141217589378357	0.7062857151031494	0.38135990500450134	0.606783926486969	0.4533832371234894	0.5648511648178101	0.4180896282196045	0.41305598616600037	0.859531044960022	0.49692946672439575	0.28633299469947815	1.3912748098373413	0.47929590940475464	0.06280253827571869	0.42284056544303894	0.5364068746566772	0.2911354601383209	0.7074668407440186	0.47889775037765503	0.4170494079589844	0.2300407439470291	0.1531549096107483	0.1872253715991974	0.3090883493423462	0.3509940803050995	1.651431918144226	0.2722514569759369	0.45994138717651367	0.18086421489715576	0.6578206419944763	0.6142596006393433	0.7237796783447266	0.4960964024066925	0.25063833594322205	0.3854878842830658	0.8400729298591614	0.46139654517173767	0.6723714470863342	0.7324494123458862	0.5046634078025818	0.5950872302055359	0.34974536299705505	0.19452808797359467	0.6272585391998291	0.6805511116981506	0.5798465013504028	0.5482907295227051	0.6303164958953857	0.4922722280025482	0.6397058963775635	0.697844386100769	0.5451738834381104	0.32067906856536865	0.7705469727516174	0.7377736568450928	0.8934738636016846	1.0212746858596802	0.7852115035057068	0.7256601452827454	1.1807794570922852	1.0255155563354492	0.6748239398002625	0.5682767033576965	0.4886504113674164	0.32851502299308777	0.2634725868701935	0.45406612753868103	0.8947959542274475	0.6214601993560791	0.2513987421989441	0.1372174769639969	0.5423836708068848	0.3812999725341797	0.23714390397071838	0.39208734035491943	0.2445676326751709	0.20219546556472778	0.5714176893234253	0.19154685735702515	0.5327358841896057	1.2025099992752075	0.29082822799682617	0.3489355146884918	0.28530675172805786	0.6847312450408936	0.3265671730041504	0.7421663999557495	0.6247937679290771	0.3416154384613037	0.8128922581672668	0.3319867253303528	1.176563024520874	0.22062592208385468	1.0094330310821533	0.8858780264854431	0.1632547378540039	0.4591345489025116	0.4512989819049835	0.6368260979652405	1.0223960876464844	0.4279944896697998	0.35385045409202576	0.6238283514976501	0.5231144428253174	0.3336983025074005	0.5005929470062256	0.4418528079986572	0.8809628486633301	0.22712372243404388	0.3043643534183502	0.7498217225074768	1.5453999042510986	0.6211298108100891	0.13092206418514252	0.2852219343185425	0.4838374853134155	1.11824631690979	0.37733638286590576	0.6950089931488037	0.2532885670661926	0.5194324254989624	1.1854184865951538	0.5684487223625183	0.7423869967460632	0.31523290276527405	0.6229628920555115	0.40067899227142334	0.6302030086517334	0.38508671522140503	0.9876245260238647	0.7445088624954224	1.0081437826156616	0.94734126329422	0.14912818372249603	0.18931373953819275	0.6488314867019653	0.6084191203117371	0.3817847669124603	0.38448983430862427	0.44259020686149597	0.6385788917541504	0.4581441581249237	0.9365711212158203	0.4555623531341553	0.35576531291007996	0.3996155261993408	0.6179717779159546	0.4592604339122772	0.19649328291416168	0.6836259365081787	0.6373026967048645	0.6856861710548401	0.4676864445209503	0.5072463154792786	0.2918078601360321	0.20381014049053192	1.0967923402786255	0.23216284811496735	0.5890654921531677	1.0500150918960571	0.9394940733909607	0.38662001490592957	0.3867221474647522	0.09044565260410309	0.39907628297805786	0.14239175617694855	0.34988632798194885	0.08938772231340408	0.43456676602363586	0.989922046661377	1.6792153120040894	0.5160270929336548	0.2139250636100769	0.3235599100589752	1.26854407787323	0.3389590382575989	0.7268572449684143	0.1674758940935135	0.43379607796669006	0.5499773621559143	0.1942187249660492	0.7339821457862854	0.6253015398979187	0.4605712294578552	0.5164103507995605	0.35573771595954895	0.26420557498931885	0.21057671308517456	0.33327871561050415	0.4233161211013794	0.6539150476455688	0.8480556607246399	1.1446805000305176	0.30877214670181274	0.5538790225982666	0.15975308418273926	0.5891664624214172	0.48312413692474365	0.2993011772632599	0.9246770739555359	0.19717317819595337	0.8453127145767212	0.23194082081317902	1.024584174156189	0.4855443239212036	0.5076679587364197	1.241166591644287	0.46368420124053955	0.5741826891899109	1.4144577980041504	0.6635071635246277	0.43361562490463257	0.40786027908325195	0.7016252279281616	0.7841262221336365	0.20971468091011047	0.40908122062683105	0.16588194668293	0.30084773898124695	0.6700543761253357	0.41067010164260864	1.1250755786895752	0.6544978022575378	0.25827673077583313	1.0389389991760254	0.6920849680900574	0.5204886198043823	0.2489456981420517	0.662190318107605	0.6383827924728394	0.3208271861076355	0.6572334170341492	0.8036762475967407	1.0967795848846436	0.8272742033004761	0.35349345207214355	0.6062447428703308	0.6453633308410645	0.6648240685462952	0.6911980509757996	0.614805281162262	0.1958029866218567	0.23072926700115204	0.8400641679763794	0.6484928131103516	0.35490694642066956	0.5273836851119995	0.41892361640930176	0.00885622389614582	0.7112146019935608	0.6170528531074524	0.36039987206459045	0.7111788392066956	0.20123198628425598	0.3963642716407776	0.3763076364994049	0.5986974835395813	0.3088606595993042	0.4972212016582489	0.6378900408744812	0.3472093939781189	0.9356403350830078	0.8333777189254761	0.5187452435493469	0.26645299792289734	0.359158992767334	0.4637216329574585	0.19793681800365448	0.49829623103141785	0.6621529459953308	0.7220039963722229	0.9370623230934143	0.779775857925415	0.4526360034942627	0.46385514736175537	0.6747830510139465	0.19567207992076874	0.2869946360588074	0.4767098128795624	0.3334513306617737	0.5356062650680542	0.309576153755188	0.39274293184280396	0.6929227709770203	0.11084577441215515	0.7511433959007263	0.26790645718574524	0.3318735957145691	0.3787212371826172	0.44241344928741455	0.35828927159309387	0.762046754360199	0.28111109137535095	0.4888755679130554	0.3430576026439667	0.6135656237602234	0.24844849109649658	1.0380544662475586	0.39161646366119385	0.985336422920227	0.227761372923851	0.715665340423584	0.658195436000824	0.5454564690589905	0.4093467891216278	0.5768834352493286	0.49117815494537354	0.6533914804458618	0.2955664396286011	0.7609551548957825	0.4293847680091858	0.8246246576309204	0.38514721393585205	0.31913310289382935	0.7146064043045044	0.46772801876068115	0.7634602785110474	0.31207555532455444	1.2110965251922607	0.2263893485069275	0.5930628180503845	0.1737612783908844	0.16901391744613647	1.5210083723068237	0.36836329102516174	0.418841689825058	0.4495358467102051	0.835006833076477	0.31386539340019226	0.7033199071884155	0.6632964611053467	0.6726343631744385	1.056311845779419	0.2782478332519531	1.024397850036621	0.5261028409004211	0.6759781837463379	1.1026649475097656	0.22332105040550232	0.2900075614452362	0.6302545070648193	0.8975356817245483	0.2052759975194931	1.3013478517532349	0.6434066295623779	0.7230942249298096	0.7337707281112671	0.5073341727256775	0.745074450969696	0.21249550580978394	0.7028156518936157	0.379424124956131	0.4842207729816437	0.2645547389984131	0.6313796043395996	0.5884854197502136	0.21907451748847961	0.27716270089149475	0.45531052350997925	0.18531419336795807	0.33331769704818726	0.7122247815132141	0.3626772463321686	0.9506583213806152	0.40560728311538696	0.6799158453941345	0.166239932179451	0.5173419713973999	0.7193653583526611	1.1588311195373535	0.7380430102348328	0.4816082715988159	0.26409193873405457	0.4364902377128601	0.4093603491783142	0.2911413908004761	0.7630081176757812	0.8842946290969849	0.9595884680747986	0.29992496967315674	0.3630967438220978	0.43708938360214233	0.778452455997467	0.17628881335258484	0.7780653238296509	0.7313290238380432	0.24462109804153442	0.6180371046066284	0.45270296931266785	0.2749558985233307	0.28476327657699585	0.6346812844276428	0.9302716255187988	0.5202480554580688	0.3407858908176422	0.32444027066230774	0.7308109998703003	0.1881936490535736	0.2203942835330963	0.263933390378952	0.5803530216217041	0.6114175915718079	0.33648261427879333	0.3837224245071411	0.5116444230079651	0.34707531332969666	0.7407494187355042	0.9028300642967224	0.7805813550949097	0.25401565432548523	0.3139370381832123	0.976191520690918	0.4798917770385742	0.22460725903511047	0.4756365716457367	0.8631503582000732	0.14270105957984924	0.3542618751525879	0.6064578294754028	0.6879031658172607	0.9335511922836304	0.21911634504795074	0.7057023048400879	0.27006644010543823	0.721172571182251	0.32749640941619873	1.133042812347412	1.1112841367721558	0.6321804523468018	0.26468992233276367	0.7384645938873291	0.6610369086265564	0.4336269497871399	0.2879740595817566	0.7567732334136963	1.1978416442871094	0.2665393352508545	0.09490709006786346	0.5747698545455933	0.35928255319595337	0.3022623062133789	0.3182503581047058	0.9638180732727051	0.33453845977783203	0.3028145730495453	0.5361961722373962	0.3784260153770447	0.09910155832767487	0.7630292773246765	0.603772759437561	0.23961175978183746	0.16768904030323029	0.4007381796836853	0.8287153244018555	1.1732243299484253	0.18856656551361084	0.545102596282959	1.173376202583313	0.19761186838150024	0.6415141820907593	1.0623716115951538	0.30362072587013245	0.8319698572158813	0.7597213387489319	0.7446038126945496	0.4973539710044861	0.7264555096626282	0.31442517042160034	0.4856318533420563	0.4801114499568939	0.41911575198173523	0.21771574020385742	0.39900219440460205	0.6579974889755249	0.5950573086738586	0.4132373631000519	0.5887327790260315	0.5632906556129456	0.013217139057815075	0.415738046169281	0.23060157895088196	0.38870635628700256	0.48443639278411865	0.2557865381240845	0.44369691610336304	0.3464715778827667	0.2929774820804596	0.5526157021522522	0.17537246644496918	0.14276732504367828	0.6684913635253906	0.3749264180660248	0.432957261800766	0.44207730889320374	0.8956896662712097	0.5542711019515991	0.40610191226005554	0.46501627564430237	0.39558085799217224	0.475921630859375	0.49452292919158936	0.5014333724975586	0.9534165263175964	0.3331097364425659	1.0907551050186157	0.3631109595298767	0.10226565599441528	0.30783742666244507	0.5619351863861084	1.0125528573989868	0.4710145890712738	0.4958552420139313	0.34174710512161255	0.5037376880645752	0.7544465661048889	1.0133633613586426	1.3802988529205322	0.23688986897468567	0.5600171089172363	0.5394319891929626	0.7522976994514465	0.41577911376953125	0.9537817239761353	0.2026796191930771	0.5049017667770386	0.6280970573425293	0.5983596444129944	0.27886414527893066	0.6323398351669312	0.36499056220054626	0.7017476558685303	0.5979380011558533	0.5461400747299194	0.7633026242256165	0.6057025194168091	0.3770524263381958	0.26938676834106445	0.460971862077713	0.1547311395406723	0.231969952583313	0.30156752467155457	1.5392473936080933	1.0752543210983276	0.7171299457550049	0.4331228733062744	0.35319575667381287	0.6401509642601013	0.6716799736022949	0.9732319712638855	0.3650376498699188	0.5302855968475342	0.5730764865875244	0.9284864664077759	0.6803262233734131	0.7207165956497192	0.29268762469291687	1.4030706882476807	0.7573203444480896	0.18294058740139008	0.5109169483184814	0.4309130012989044	0.6581012606620789	0.2669135332107544	0.7835130095481873	0.8185912370681763	0.4717465043067932	0.2926138937473297	0.17696286737918854	0.5363118052482605	1.1056017875671387	0.9322518706321716	0.19619715213775635	0.6071978211402893	0.6079400777816772	0.24419938027858734	1.135137915611267	0.7169836163520813	0.9348316192626953	0.6633923053741455	0.6511917114257812	0.8991733193397522	0.7251632809638977	0.4424743950366974	0.5522521138191223	0.36320337653160095	0.4484393000602722	0.8940409421920776	0.3054514229297638	0.45724180340766907	0.8697414398193359	0.15282155573368073	0.6029709577560425	0.7493921518325806	0.2588852643966675	0.3102850615978241	0.2666046619415283	0.6341052651405334	0.33283790946006775	0.13492532074451447	0.36048373579978943	0.7820265889167786	0.4288071095943451	0.9045708775520325	0.7870602011680603	0.2759456932544708	0.09662102162837982	0.4037626385688782	0.5838409066200256	0.2890084683895111	0.48241379857063293	0.5969477891921997	0.4344557821750641	0.21761256456375122	0.42370131611824036	0.47576338052749634	0.49997782707214355	0.3671780228614807	0.29130008816719055	0.34371381998062134	0.9276285767555237	0.347855806350708	0.21114759147167206	0.8330152034759521	0.18306857347488403	0.4901464283466339	0.9259529709815979	0.6517961621284485	0.46500229835510254	0.2761676013469696	0.6674113869667053	0.22232484817504883	0.8397411704063416	0.4747694730758667	0.6304795742034912	0.5456750988960266	0.985479474067688	0.5405826568603516	0.20259636640548706	0.8271756768226624	0.42545658349990845	0.6258148550987244	0.5541396141052246	0.07882022857666016	0.5098494291305542	0.25366559624671936	0.6783770322799683	0.3543988764286041	0.25239989161491394	0.4976327121257782	0.477817565202713	1.1964284181594849	0.9202796220779419	0.515235424041748	0.5003888607025146	0.399585485458374	0.30413228273391724	0.3238395154476166	0.701824426651001	0.9944979548454285	0.16240660846233368	0.917534589767456	0.5266758799552917	0.29044079780578613	0.3459504246711731	0.4049225449562073	0.361005961894989	0.6165363788604736	0.07442670315504074	0.6591453552246094	0.6388422250747681	0.7248766422271729	0.37730658054351807	0.45900052785873413	1.3062262535095215	0.9975348711013794	0.11763239651918411	0.8069581985473633	0.9400151968002319	0.6860662698745728	0.4602402448654175	0.295299232006073	0.2994834780693054	0.4258459210395813	0.2349059134721756	0.13834185898303986	1.0939987897872925	0.4541788697242737	0.10322115570306778	0.25963881611824036	0.2283342182636261	0.29503145813941956	0.3091382384300232	0.6498008966445923	0.38222169876098633	0.7306308746337891	0.359182208776474	0.00827036052942276	0.6090822815895081	0.4840821623802185	0.06872814893722534	0.9939449429512024	0.08423620462417603	0.4031883478164673	0.4039517939090729	0.7950308322906494	0.37218043208122253	0.5256592035293579	0.45647692680358887	0.47567427158355713	0.6596170663833618	0.5608705878257751	0.8211845755577087	0.18619057536125183	0.21109870076179504	0.44213399291038513	1.1259033679962158	0.21108578145503998	0.18025608360767365	0.5862724781036377	1.2472268342971802	0.40096354484558105	0.4407259523868561	0.28574320673942566	1.3688069581985474	1.1783567667007446	0.2739069163799286	0.5591472387313843	1.1422061920166016	0.9354902505874634	0.4276649057865143	0.3287994861602783	1.0431989431381226	0.6837412118911743	0.8058816194534302	0.43401455879211426	0.39464616775512695	0.4683417081832886	0.35032400488853455	0.7049500942230225	0.5179693698883057	0.3415435552597046	0.5565338134765625	0.2575315237045288	0.5496736168861389	0.5582196712493896	0.5904407501220703	0.7470889091491699	0.48500269651412964	0.24045883119106293	0.44450587034225464	0.626217246055603	0.2661006450653076	0.788407564163208	0.3715735077857971	0.18912890553474426	0.5118648409843445	0.8548482060432434	0.2506101429462433	0.5256542563438416	0.20765577256679535
0.945198655128479	0.5424071550369263	0.1470058113336563	0.06873305886983871	1.050096035003662	0.22655421495437622	0.7502985596656799	0.37935811281204224	0.12018004059791565	0.16183575987815857	1.4302198886871338	0.8932011127471924	0.22169530391693115	0.49046432971954346	0.2875482738018036	1.1038975715637207	0.1653413474559784	0.48872244358062744	0.35106250643730164	0.2293848991394043	0.5135606527328491	0.5741851925849915	0.8704813122749329	0.6577502489089966	0.4145088493824005	0.4648367166519165	0.7394466400146484	0.6158518195152283	0.4524012506008148	0.7919685244560242	1.1125998497009277	0.42844486236572266	0.6188938617706299	0.5190892815589905	0.43341103196144104	0.32723748683929443	0.26742973923683167	0.28658202290534973	0.5806658267974854	0.23199868202209473	0.5343680381774902	1.0773601531982422	0.46114063262939453	0.29888680577278137	0.3887913227081299	0.949783205986023	0.4932440519332886	0.3298500180244446	0.26892563700675964	0.31979846954345703	0.8905971050262451	0.34265488386154175	0.4528716206550598	0.4342423677444458	0.659816324710846	0.6114236116409302	0.7575253248214722	1.2457741498947144	0.4931609630584717	1.0260255336761475	0.41157692670822144	1.348713755607605	0.1183968335390091	0.3479388654232025	0.9518106579780579	0.6238706707954407	0.10747141391038895	0.42397230863571167	0.40889057517051697	0.7667459845542908	0.43918168544769287	0.20721815526485443	1.517944574356079	1.3519585132598877	0.45454785227775574	0.655856728553772	0.1921769231557846	0.712230920791626	0.3368407189846039	0.5894114375114441	0.7231288552284241	0.6415914297103882	0.5677735209465027	0.1530056595802307	0.5157122015953064	0.3240635097026825	0.8810381889343262	0.2755717933177948	0.752699077129364	0.35936301946640015	0.696875810623169	0.6425904035568237	0.4571853280067444	0.6674970984458923	0.6127316355705261	1.355499505996704	1.294094443321228	0.333395779132843	0.4583243727684021	0.7857216596603394	0.5412688255310059	1.1750702857971191	0.8663095831871033	0.10290853679180145	0.15258905291557312	0.7071219682693481	0.8425374627113342	0.12059645354747772	1.1269108057022095	0.4692257344722748	0.5255053639411926	1.403355360031128	0.8716107606887817	0.6049049496650696	0.1094285100698471	0.6218158006668091	0.5763407945632935	0.9884064793586731	0.01773771084845066	0.9839502573013306	0.8377594947814941	0.48446035385131836	1.2847092151641846	1.0425652265548706	0.7505820393562317	0.3158465325832367	0.2904652953147888	0.6075952649116516	0.9273120164871216	1.3194737434387207	0.32824185490608215	0.8511790633201599	0.7843831777572632	0.39690303802490234	0.5565922856330872	0.1101452112197876	0.9031305313110352	0.2432921826839447	0.3700924217700958	0.39681002497673035	0.6434690356254578	0.24300748109817505	0.02129201404750347	0.2572616636753082	0.6453112363815308	1.2438684701919556	0.9846059679985046	0.9588255882263184	0.8862109184265137	0.5716124176979065	0.7362848520278931	0.2472376972436905	0.1963837742805481	1.1229760646820068	0.19829922914505005	0.6951467990875244	0.7313749194145203	0.4465409517288208	0.25750431418418884	0.25171181559562683	0.8128148317337036	0.9201549291610718	0.4310412108898163	0.36201274394989014	0.5018934607505798	0.6253154277801514	0.6860285997390747	0.09763547033071518	1.0823338031768799	0.6519591808319092	0.7079200744628906	0.46916213631629944	0.6290833950042725	0.614034116268158	0.40178725123405457	0.34364786744117737	0.6008867621421814	1.0593451261520386	0.23811247944831848	0.3512672483921051	0.5771817564964294	0.7915719747543335	0.17545831203460693	0.5581963658332825	0.618094265460968	0.0	0.4039977788925171	0.18950922787189484	1.3264727592468262	0.4897857904434204	0.48500189185142517	0.3044595718383789	0.042390767484903336	0.861782431602478	0.36321139335632324	0.4300748109817505	0.018296783789992332	0.341058611869812	1.0394110679626465	0.6665177345275879	0.638273298740387	0.30665987730026245	0.3829710781574249	0.2750995457172394	0.9885599613189697	0.4387243986129761	0.2035151571035385	0.7275543808937073	0.018565207719802856	0.4228688180446625	0.6342003345489502	0.43057379126548767	0.48042744398117065	0.4670451283454895	1.2059340476989746	0.7575827836990356	0.40814387798309326	0.007101735100150108	0.5771862268447876	0.046371687203645706	0.5961544513702393	0.5557377934455872	0.38178515434265137	0.8082085251808167	0.6483020186424255	0.2703976035118103	0.8163784742355347	0.4440372884273529	0.46163448691368103	0.6779041290283203	0.7976884841918945	0.42525339126586914	0.46161001920700073	0.23133522272109985	0.5993049740791321	0.6795552372932434	0.217872753739357	0.6803789138793945	0.1767706573009491	0.2902168035507202	0.5729277729988098	0.5301943421363831	0.5923652648925781	0.7659415006637573	0.5212615728378296	0.3339051306247711	0.8675296902656555	0.686941385269165	0.30218565464019775	0.4783802032470703	0.6248942613601685	0.21847674250602722	0.9326846599578857	0.6070034503936768	0.38796761631965637	1.203898549079895	0.34465739130973816	0.8163385987281799	0.6851617693901062	0.46095335483551025	0.7787532210350037	1.475398302078247	0.47687771916389465	0.31709417700767517	0.45780235528945923	0.3611633777618408	0.3852987289428711	0.2944585978984833	0.3831753432750702	0.40833014249801636	0.15074987709522247	0.7498168349266052	0.9485780000686646	0.18328438699245453	0.02738252654671669	0.4637435972690582	0.2153264284133911	0.2852914333343506	0.5038915872573853	1.1373467445373535	0.7528797388076782	0.08483043313026428	0.7321134805679321	0.2661726772785187	0.45522648096084595	1.291608452796936	0.3048146963119507	0.5340905785560608	1.0841758251190186	0.7213445901870728	0.4748073220252991	0.5557125210762024	0.39213863015174866	0.2206239551305771	0.35315969586372375	0.9776840209960938	0.9575150609016418	0.43450814485549927	0.7137898802757263	0.35746896266937256	0.3104303181171417	0.7422488927841187	0.9213749766349792	0.5299886465072632	0.3972644507884979	0.2786993086338043	0.6456120014190674	1.1866347789764404	0.658671498298645	0.03255701810121536	0.8349920511245728	0.7767323851585388	0.21210911870002747	0.12937194108963013	0.008958227001130581	0.7762908935546875	0.4089924395084381	0.4573048949241638	0.7067789435386658	1.3173346519470215	0.9379989504814148	0.7443276047706604	0.5639757513999939	0.3460853099822998	0.22102400660514832	0.5961889028549194	0.5062397718429565	0.9648473262786865	0.688779890537262	1.0963047742843628	1.024389386177063	0.6974492073059082	0.31874749064445496	0.6861250400543213	0.07562831044197083	0.2614770829677582	1.5310773849487305	0.49092862010002136	0.2865554094314575	0.6193434596061707	0.37896642088890076	0.4153268039226532	0.23398223519325256	0.547322154045105	0.5925812721252441	0.28965792059898376	0.2511548399925232	0.3004361093044281	0.25331148505210876	0.5574083924293518	0.1121549978852272	0.08106106519699097	0.34146493673324585	0.73389732837677	1.2683353424072266	0.4400365352630615	0.5228788256645203	0.3882794976234436	0.2862017750740051	0.791772723197937	1.5310628414154053	0.18521176278591156	0.38610732555389404	0.39650946855545044	0.9133987426757812	1.3763608932495117	0.9100519418716431	1.2774426937103271	0.5957822203636169	0.2509336471557617	0.5742149353027344	0.712155282497406	0.557607114315033	0.35488373041152954	0.4767638146877289	0.34683722257614136	1.54901123046875	0.5800303220748901	0.9598367810249329	0.0350554920732975	0.6902170181274414	0.49004244804382324	0.8886350393295288	0.38874316215515137	0.4109879434108734	0.3889358937740326	0.24770325422286987	0.22002196311950684	0.31823182106018066	0.6335346102714539	0.23082052171230316	0.9657745957374573	0.31169334053993225	0.8938823342323303	0.5661658644676208	1.0877940654754639	0.7850171327590942	0.216415673494339	1.0568742752075195	0.7017846703529358	0.6178382635116577	1.0984022617340088	0.9244085550308228	1.2517567873001099	0.7280426025390625	0.6880820989608765	0.42779213190078735	1.0198116302490234	0.6081470251083374	0.17278097569942474	0.6483421921730042	0.4140554964542389	0.7116149663925171	0.23626278340816498	0.5821094512939453	0.11122436076402664	0.6244804859161377	0.10965146124362946	0.8223121762275696	0.12879535555839539	0.28394636511802673	0.8972349166870117	0.3376164138317108	0.3650330901145935	0.3123037815093994	0.4494823217391968	0.20436310768127441	0.8796778917312622	0.8021858930587769	0.7441253066062927	0.04061613976955414	1.1299339532852173	0.5958377122879028	0.3753125071525574	0.36103948950767517	0.43925294280052185	0.3625906705856323	0.4631637632846832	0.206496000289917	0.34473681449890137	1.0566599369049072	0.48938292264938354	0.036049097776412964	0.2236730307340622	0.7515500783920288	0.39114895462989807	1.5208210945129395	0.32302069664001465	1.1288706064224243	0.938884973526001	0.2837885022163391	0.16848136484622955	1.428680658340454	0.5927619934082031	0.5370790958404541	0.16193528473377228	0.8617788553237915	0.218720942735672	0.4181400537490845	0.7280091047286987	0.8447329998016357	0.4962160587310791	0.08550198376178741	1.346912145614624	1.149773359298706	1.1300194263458252	0.32606789469718933	0.28388938307762146	0.7204209566116333	0.8758032917976379	0.5407242774963379	0.45528703927993774	0.08043147623538971	0.3568785786628723	0.7426475882530212	0.7326054573059082	0.5207312107086182	0.9667818546295166	0.41463667154312134	0.5053287148475647	1.0669010877609253	0.40652894973754883	0.7528219223022461	1.068124532699585	0.9709390997886658	0.15808707475662231	0.9488471150398254	0.4500461518764496	1.0013861656188965	0.3443666994571686	0.5500315427780151	0.2430199384689331	0.5789145231246948	0.18054896593093872	1.0293786525726318	1.050885558128357	0.46701228618621826	0.35686519742012024	0.31957003474235535	0.5236043930053711	0.645555317401886	0.7399250864982605	0.825998067855835	0.21658624708652496	0.7645572423934937	0.8779584765434265	0.03690514713525772	0.8199561238288879	0.5787757635116577	0.3837319016456604	0.25106072425842285	0.0962047427892685	0.6577491164207458	1.6122334003448486	0.13997243344783783	0.2123270332813263	0.25723451375961304	0.5549424290657043	0.9425426721572876	0.2838282883167267	0.6376422643661499	0.9713330268859863	0.22324636578559875	0.6134256720542908	0.2572450041770935	0.7265017032623291	0.17950859665870667	0.4107447862625122	1.1517292261123657	0.9497079253196716	0.0	0.16864117980003357	0.6844372153282166	0.3495017886161804	0.3572690188884735	0.2657511532306671	0.21085497736930847	0.22785323858261108	0.6541688442230225	0.6443309187889099	0.6083374619483948	0.3575206398963928	0.5576139092445374	0.12195200473070145	0.38324257731437683	0.9296929836273193	0.7129946947097778	0.38302698731422424	0.6216211915016174	1.0831166505813599	0.028744153678417206	0.6569791436195374	0.28215110301971436	0.7953420281410217	0.48223382234573364	0.9005739092826843	0.4612681269645691	0.49829423427581787	0.7632452249526978	0.6823262572288513	0.6994579434394836	0.1198372170329094	0.32221347093582153	0.08925630897283554	0.8240444660186768	0.3562427759170532	0.5491743087768555	0.36460933089256287	0.7072587609291077	0.9498134851455688	1.3508896827697754	1.1179407835006714	0.0	0.8125	0.9013702869415283	0.46342673897743225	0.4718934893608093	0.2779182195663452	0.19183722138404846	0.2086433470249176	0.34160733222961426	0.40675878524780273	0.11012439429759979	0.5490508675575256	0.916973888874054	0.746080219745636	0.2465013861656189	0.007399179972708225	0.16774702072143555	0.46165502071380615	0.4420236647129059	0.7522362470626831	0.5762296915054321	1.0287623405456543	0.876667857170105	0.8428511619567871	0.7312816381454468	0.5062230229377747	0.7567358016967773	0.3810155391693115	0.6461684703826904	1.2540212869644165	0.41607996821403503	1.022312879562378	0.753935694694519	0.44180628657341003	0.5926852226257324	0.6038647294044495	0.12594670057296753	1.3354668617248535	0.3863587975502014	0.5661888718605042	1.4910279512405396	1.010396122932434	0.3520382046699524	0.041286926716566086	0.24879910051822662	0.7558175325393677	0.0	0.7355073690414429	0.3377854526042938	0.37558725476264954	0.6703779697418213	0.17534345388412476	0.4789314568042755	0.6323102116584778	0.6631507873535156	0.1032162681221962	1.2453657388687134	0.47712552547454834	0.7795445322990417	0.27344149351119995	0.5678101778030396	0.04466188699007034	0.9549590945243835	0.2391439825296402	0.8063919544219971	1.2896753549575806	0.260439395904541	0.5107004046440125	0.757732629776001	0.22757235169410706	0.053200047463178635	0.8020115494728088	0.06280703842639923	0.8677672147750854	0.40860795974731445	0.7287583351135254	0.6463443040847778	0.1862429678440094	1.048862338066101	0.6601883172988892	0.3142640292644501	0.27242541313171387	0.19685201346874237	0.7741503119468689	0.5084630846977234	0.8067156076431274	1.1808819770812988	0.14134877920150757	0.3928318917751312	0.872755765914917	0.28801387548446655	0.4377673864364624	0.45265406370162964	0.27338719367980957	0.35834217071533203	0.5533276796340942	1.1982988119125366	0.6103450655937195	0.437247097492218	0.42200377583503723	0.3975798785686493	0.9082065224647522	0.4641096591949463	0.8393709063529968	0.21986132860183716	0.951957643032074	0.0	0.29222506284713745	0.5065314173698425	0.6483708620071411	0.4762909710407257	0.6401434540748596	0.7960072159767151	0.6602094769477844	0.2774609625339508	0.5657445192337036	0.7495860457420349	0.2905782163143158	1.054141879081726	0.5230826735496521	1.4373209476470947	0.437305748462677	0.29977506399154663	1.663765549659729	0.6987696886062622	0.8965201377868652	1.004915475845337	0.513354480266571	0.5567004084587097	0.386486291885376	0.30632296204566956	0.44228595495224	0.602821409702301	0.2767040729522705	0.45662373304367065	0.7151243686676025	0.23950518667697906	0.13561928272247314	0.7419664859771729	0.594887912273407	0.22574958205223083	0.6936672329902649	0.351825475692749	0.7167213559150696	0.5535812973976135	0.46731236577033997	0.0174885094165802	0.9519702792167664	0.2865530550479889	0.4572050869464874	0.5170609354972839	0.6774863600730896	0.33406180143356323	0.5813853144645691	0.12388569861650467	0.1672925353050232	0.05588477477431297	0.4986454248428345	0.5277511477470398	0.6919786930084229	0.3681889474391937	1.2240447998046875	0.15293441712856293	0.057869814336299896	0.334410697221756	0.20102764666080475	0.5558451414108276	0.35674428939819336	0.24053026735782623	0.261414110660553	0.22688445448875427	0.9003152251243591	0.12017622590065002	0.8204315304756165	0.4456193447113037	0.6840230822563171	0.5010679364204407	0.04085344448685646	0.2947828471660614	0.2356768548488617	0.5405015349388123	0.11559802293777466	0.38578328490257263	0.8272274732589722	0.35851776599884033	0.45437493920326233	0.21367093920707703	1.058557152748108	1.3053901195526123	0.5573264360427856	0.12645353376865387	0.8283861875534058	0.5020902752876282	0.30309924483299255	0.13719069957733154	0.8647040128707886	0.3862145245075226	0.560550332069397	0.4272480905056	1.3663389682769775	0.39614754915237427	0.6231350898742676	0.40179285407066345	0.8186237812042236	0.950534462928772	0.33668649196624756	0.18824175000190735	0.09295731782913208	0.8349661231040955	0.3062688708305359	0.6773353219032288	0.4206973612308502	0.45099806785583496	0.5743181109428406	0.2438701093196869	0.5029739737510681	0.5316614508628845	0.6410991549491882	1.011565923690796	0.4969891905784607	0.7171361446380615	0.8592652082443237	0.23199079930782318	0.7415414452552795	0.27442237734794617	1.0452051162719727	0.28417110443115234	0.7854905128479004	0.7100604772567749	0.19812479615211487	1.1551201343536377	0.41557860374450684	0.3734433650970459	0.45422929525375366	0.4443049430847168	0.8266569375991821	0.027241775766015053	0.6640498042106628	0.08089493215084076	0.8588288426399231	0.5532469153404236	0.9159014225006104	0.09654049575328827	0.6460816860198975	0.9387015700340271	0.08570609241724014	0.22932131588459015	0.6366156935691833	0.4999217391014099	0.38661348819732666	0.44410860538482666	0.6796219348907471	0.8847779035568237	1.1582362651824951	0.8898819088935852	0.33578717708587646	0.19499488174915314	0.6284703612327576	0.31900936365127563	0.2796499729156494	0.8867527842521667	0.11079056560993195	0.9339271187782288	0.42228853702545166	0.2364446520805359	0.40119174122810364	0.4960085153579712	0.9768794775009155	0.7458600401878357	0.4485909640789032	0.5651212930679321	0.4060116112232208	0.8560078740119934	0.5979716777801514	0.32134708762168884	0.7708421349525452	0.9000546336174011	0.4891447126865387	0.4892333447933197	0.5116944909095764	1.2908391952514648	0.23337791860103607	0.7230086326599121	0.5334393382072449	0.044474441558122635	0.2936394214630127	1.0360231399536133	0.3491271734237671	0.7432606816291809	0.152939110994339	0.4960925579071045	0.2634172737598419	0.44616010785102844	0.42486852407455444	0.557483971118927	0.30941957235336304	0.584273636341095	1.1755343675613403	0.5657286047935486	0.8550329208374023	0.488290935754776	1.142195701599121	0.42926084995269775	0.8696129322052002	0.3830225169658661	0.751072883605957	0.5117940902709961	0.7818373441696167	0.98882657289505	0.489920973777771	0.826303243637085	0.4750431180000305	0.2222350835800171	0.5717558860778809	0.7895529866218567	0.41277825832366943	0.9429951310157776	0.5929339528083801	1.003348708152771	0.7582849264144897	0.7890921831130981	0.4997500777244568	0.9176179766654968	0.3963615298271179	0.3754819631576538	0.03232507407665253	1.2079371213912964	0.7904530763626099	1.173518180847168	0.21168194711208344	0.24490466713905334	0.6597785353660583	0.7048386931419373	0.17118701338768005	0.36764711141586304	0.5002534985542297	0.3667614459991455	0.5059946179389954	0.5081239342689514	0.5349498391151428	0.18932397663593292	0.3165248930454254	0.5081273317337036	0.23780718445777893	0.903791069984436	0.09262445569038391	0.3348890244960785	0.9733352661132812	0.3916011452674866	0.6545310616493225	0.9524452686309814	0.28411999344825745	0.0	0.5723333358764648	0.23288340866565704	0.2919500768184662	0.3970624506473541	0.43423619866371155	1.0297821760177612	0.010737571865320206	0.7137022018432617	0.16018745303153992	0.23259548842906952	0.21430978178977966	0.5894822478294373	0.17557324469089508	0.3437996506690979	0.6643433570861816	0.5355225801467896	0.49722641706466675	0.4370061755180359	0.10391505807638168	0.46758267283439636	0.0621175542473793	0.726865828037262	0.8490608334541321	0.47984033823013306	0.5016077756881714	1.1177442073822021	0.83725506067276	1.3085031509399414	0.8546288013458252	0.23299884796142578	0.5551204085350037	0.7607985138893127	0.4128834903240204	0.8515484929084778	1.0152137279510498	0.40400800108909607	0.09454487264156342	0.7250059247016907	0.647634744644165	0.4751262068748474	0.9460445642471313	0.43099328875541687	0.26254862546920776	1.251765251159668	0.5891028046607971	0.3227337896823883	0.3470700681209564	0.5947465300559998	0.367554247379303	0.637080192565918	0.8484426736831665	0.9774706959724426	0.5818285346031189	0.0643533393740654	0.36919164657592773	0.02966865338385105	0.2563067674636841	0.09743358194828033	0.4614482820034027	0.5514112114906311	0.32832854986190796	0.8596597909927368	1.2270922660827637	1.0666344165802002	0.6692935228347778	0.4902619421482086	1.3600481748580933	0.42878457903862	0.6931407451629639	0.20255881547927856	0.5924733281135559	0.7122052311897278	0.7645282745361328	0.48234906792640686	0.20331445336341858	0.37341994047164917	0.5112739205360413	0.09773461520671844	0.4925384223461151	0.27973416447639465	0.4120415449142456	0.5772823095321655	0.5813643932342529	0.6799479722976685	0.31201857328414917	0.7145645022392273	0.527595043182373	0.11244364827871323	0.4653404951095581	0.36656466126441956	1.3139972686767578	0.5731375813484192	1.0001184940338135	0.7144804000854492	0.9211736917495728	0.7982432842254639	0.28594422340393066	0.1838795244693756	0.22660565376281738	0.29210907220840454	0.013732785359025002	0.3169991374015808	1.0288066864013672	0.3970482051372528	0.35058867931365967	0.07030119001865387	0.505609393119812	1.2996058464050293	1.2515630722045898	0.44661393761634827	0.6191077828407288	0.5904334783554077	0.10293032228946686	0.4186585247516632	0.28779900074005127	0.7948806285858154	0.3302690386772156	0.8400377631187439	0.8599802255630493	0.7430793642997742	0.5512129068374634	0.7007747888565063	0.0598398894071579	0.20664529502391815	0.9066135883331299	0.6756376624107361	0.6531695127487183	0.1342737376689911	0.47101491689682007	0.25765013694763184	0.5625553131103516	0.40032240748405457	1.441923975944519	0.921167254447937	0.22603842616081238	0.47225937247276306	0.6320871710777283	0.2921859622001648	0.5819567441940308	0.7566009163856506	0.5659089088439941	0.17495077848434448	0.7124291062355042	0.29567429423332214	1.1374729871749878	0.7111138105392456	0.5718477368354797	0.8735055923461914	0.5506274104118347	0.6763038039207458	1.2731376886367798	1.5354549884796143	0.6761245727539062	0.2386515885591507	0.46071887016296387	0.29017817974090576	0.283419668674469	0.05428463965654373	0.4891151189804077	0.8976761102676392	0.5596370697021484	0.7512994408607483	1.189605474472046	0.8903822898864746	0.2630753815174103	0.09180183708667755	0.6607234477996826	0.2296997308731079	0.5400081872940063	0.6642061471939087	0.2756026089191437	1.3026460409164429	0.2551783323287964	0.29044976830482483	0.8794409036636353	1.0207949876785278	0.746264636516571	1.0824675559997559	0.9690054059028625	0.08462117612361908	0.7369672060012817	0.5786113142967224	0.0888032615184784	0.5374272465705872	0.9123528599739075	0.7262394428253174	0.4001358151435852	0.5759679675102234	0.4873979091644287	0.19280849397182465	0.20907066762447357	0.4508570730686188	0.4361398220062256	0.9892888069152832	0.7052724957466125	1.3411154747009277	0.2109387218952179	0.5409716367721558	0.5232354998588562	0.322404682636261	0.1780947893857956	0.4613073766231537	1.1004955768585205	0.7437224984169006	0.12666386365890503	0.03669757395982742	0.13041502237319946	0.23684567213058472	0.33192723989486694	0.28384625911712646	0.2785348892211914	0.1312306523323059	0.7498893141746521	0.21220609545707703	1.2072501182556152	0.6845961809158325	0.7913033962249756	0.11115428060293198	1.5299056768417358	0.38072559237480164	0.18359024822711945	0.5500684976577759	0.6730741858482361	0.38671091198921204	0.6977445483207703	0.6150619387626648	0.3498447835445404	0.5739378929138184	0.2785467803478241	0.7471559047698975	0.42154961824417114	0.5521863102912903	0.9483137130737305	0.8818516135215759	1.142630934715271	0.003504297463223338	0.37774527072906494	0.53105229139328	0.5187326669692993	0.8731284141540527	1.032588243484497	1.1077443361282349	0.5298694968223572	1.2288094758987427	0.4463648498058319	0.4373265206813812	0.3116186857223511	1.229259729385376	0.2957286238670349	0.5406667590141296	0.8248181939125061	0.4566420614719391	0.8060729503631592	0.8614084124565125	0.4692038297653198	0.5944033265113831	0.28935953974723816	0.32954221963882446	0.6042687296867371	0.5671840906143188	0.6095114350318909	1.342940092086792	0.2459295690059662	0.5443002581596375	1.1079847812652588	0.7082124352455139	0.6942062973976135	0.3207697868347168	0.6137232184410095	0.34209877252578735	0.8218480348587036	0.41713520884513855	0.7573475241661072	0.5884340405464172	0.6119870543479919	0.8598463535308838	0.8194377422332764	0.7398247718811035	0.6586965322494507	0.5096049904823303	0.4457857012748718	0.46397167444229126	0.598190188407898	0.27741917967796326	0.7892416715621948	0.33620840311050415	0.6011244058609009	0.1742589920759201	0.6982844471931458	0.19119080901145935	0.2304636836051941	0.6027786731719971	0.4293827712535858	0.7144665122032166	0.6505070328712463	0.8058299422264099	0.22584639489650726	0.2810058295726776	0.7093859314918518	0.2894445061683655	0.6101216673851013	1.0105645656585693	1.1357598304748535	0.03374504670500755	0.687044620513916	0.3049321472644806	0.393900066614151	0.39606693387031555	0.017464108765125275	0.8597193360328674	0.27864497900009155	0.3398153483867645	0.19062063097953796	0.8067238330841064	1.159675121307373	0.7817915081977844	0.17293241620063782	0.3350338637828827	0.7036076784133911	0.08961981534957886	0.3481794595718384	0.5692198872566223	0.28698503971099854	0.296499639749527	1.2258003950119019	0.4868045747280121	0.4391891658306122	1.1055991649627686	0.4627542495727539	1.1044660806655884	0.32628172636032104	0.20328670740127563	0.44440051913261414	0.2784286141395569	1.172551155090332	0.5943635106086731	0.7604040503501892	1.2253226041793823	0.26748886704444885	0.27008843421936035	0.3128166198730469	0.4806863069534302	0.3637924790382385	0.3021593689918518	0.008481918834149837	0.693039059638977	0.9423077702522278	0.6353791356086731	0.45187968015670776	1.0216633081436157	0.23667535185813904	0.4597517251968384	0.3590817451477051	0.47762805223464966	0.7189640998840332	0.43988683819770813	0.3545694351196289	0.30667704343795776	0.5424236059188843	0.16537395119667053	0.014210774563252926	0.7267774939537048	0.12747886776924133	0.7498216032981873	0.1529059112071991	0.7120134830474854	0.4204738140106201	0.2539322078227997	0.1405213326215744	1.2022767066955566	0.6057406663894653	0.6992262601852417	0.5698812007904053	0.1302308440208435	0.2577272057533264	0.30910930037498474	0.03583993762731552	0.4734472334384918	0.5579951405525208	0.3536374866962433	0.6991328597068787	0.3364170491695404	0.5046862959861755	0.12167325615882874	0.48167648911476135	0.781850278377533	0.21032343804836273	0.5447978973388672	1.487564206123352	0.89385986328125	0.6072332859039307	0.10349856317043304	0.46697649359703064	0.28620776534080505	0.0	1.2430744171142578	0.8015404343605042	0.733879566192627	0.36817654967308044	0.26144933700561523	0.5997027158737183	0.10729794204235077	0.4229544997215271	0.4322182834148407	0.6534862518310547	0.44790536165237427	0.5022003650665283	0.9957641959190369	0.20232991874217987	0.5836051106452942	0.27464115619659424	0.603127658367157	0.07592501491308212	0.909839391708374	0.3827988803386688	0.3803859353065491	0.6719500422477722	1.0457109212875366	0.22901922464370728	0.25263452529907227	0.436835378408432	0.45376166701316833	1.1443781852722168	1.1284834146499634	0.8983845710754395	0.7392118573188782	0.2797016203403473	0.37042689323425293	0.558666467666626	0.28715264797210693	0.6880099773406982	0.05656634271144867	1.007525086402893	0.6000950932502747	0.5972286462783813	0.6995156407356262	0.13785018026828766	0.7302457094192505	1.1640536785125732	0.3139623701572418	0.33395814895629883	0.33934375643730164	0.45690229535102844	0.8928964138031006	0.6101019382476807	0.074334517121315	0.25778019428253174	0.5156154632568359	0.6235982179641724	0.9279752373695374	0.6783193945884705	0.05296194925904274	0.38092920184135437	0.03406057506799698	0.022716332226991653	0.33069348335266113	0.6340841054916382	1.3103493452072144	0.40392279624938965	0.4093881845474243	0.47519397735595703	0.6133743524551392	0.8459214568138123	0.21148912608623505	0.3430671691894531	0.5043964982032776	1.3743091821670532	0.31566494703292847	0.20131775736808777	1.2917732000350952	0.8475759625434875	0.4653780460357666	0.1885555535554886	0.38077986240386963	0.04111315310001373	1.4105029106140137	0.7628804445266724	0.4683658182621002	0.44558948278427124	1.268721580505371	0.3779461979866028	0.11202001571655273	0.5337560176849365	0.4509068429470062	0.09343074262142181	1.1103953123092651	0.32245150208473206	0.2883463501930237	0.933700442314148	0.27986568212509155	0.5739408731460571	0.3401891589164734	0.5702555179595947	0.430451363325119	1.2513301372528076	0.3181247115135193	0.18628428876399994	0.2750508189201355	0.1919887512922287	0.4315013289451599	0.05597776919603348	0.17215847969055176	0.39112940430641174	0.5296906232833862	0.4789203405380249	0.0	0.5293800234794617	0.456857293844223	0.4446040093898773	0.5360772609710693	0.721390426158905	1.1020044088363647	0.8015773892402649	0.7343893051147461	0.2753269374370575	0.5302186608314514	0.7510063648223877	1.2339472770690918	0.28049665689468384	0.23405884206295013	0.8411053419113159	0.5897852778434753	1.1338067054748535	1.0581194162368774	0.7577633261680603	0.6236379742622375	0.987152099609375	0.8512992262840271	0.42324191331863403	0.5042503476142883	0.9143946766853333	0.23712874948978424	0.508946418762207	0.016273733228445053	0.5129546523094177	1.10475754737854	0.36970284581184387	1.1765754222869873	0.26336783170700073	0.6976805329322815	0.905007004737854	0.30886977910995483	0.3450109660625458	0.4550078511238098	1.0953538417816162	0.6281036734580994	0.5565879940986633	0.5141232013702393	0.43087685108184814	0.36531713604927063	0.08759473264217377	0.46946367621421814	0.571610689163208	0.18463021516799927	1.3411476612091064	0.6393141150474548	0.5895311832427979	0.7326008081436157	0.6883981227874756	0.1640489101409912	0.24629686772823334	0.4888170659542084	1.1642048358917236	0.619846522808075	0.1891150176525116	0.6453878879547119	1.1079081296920776	0.4162195324897766	0.3443184196949005	0.6925089955329895	0.5541331768035889	0.890485405921936	1.1313365697860718	0.14889587461948395	0.3852928876876831	0.6200565099716187	0.09298723191022873	0.744348406791687	0.42999696731567383	0.3512837290763855	0.6376413702964783	0.37285861372947693	0.7435946464538574	1.1743309497833252	1.0207492113113403	0.8136027455329895	0.45617496967315674	0.8087930679321289	0.3347954750061035	0.5331198573112488	0.1865955889225006	0.7649257183074951	0.6268043518066406	0.4419631361961365	0.3996606767177582	0.1380964070558548	0.14627249538898468	0.8419417142868042	0.5034956336021423	0.6310716271400452	0.676194429397583	0.4470592439174652	0.2504919171333313	0.3135600686073303	0.6914615035057068	0.5939867496490479	0.8771499991416931	0.2955734133720398	0.5804815888404846	0.3238602578639984	0.0756087452173233	0.15856674313545227	0.7663861513137817	0.006168303545564413	0.2747209072113037	0.923687219619751	0.2713715732097626	1.1714736223220825	0.39088618755340576	0.04574079439043999	0.516984224319458	0.43614789843559265	0.959737241268158	0.6519019603729248	0.5542020797729492	1.098684310913086	0.7068843245506287	0.49772822856903076	0.789972722530365	0.7959927320480347	0.2048042118549347	0.9032983183860779	0.586862325668335	0.10074415057897568	0.9231672883033752	0.8236556649208069	0.01821906492114067	0.7531310319900513	0.7162326574325562	0.2816910743713379	0.18253594636917114	0.6299598217010498	0.3734740912914276	0.5945832133293152	0.3820211887359619	0.5840790867805481	0.5750254988670349	0.17239052057266235	0.5806084275245667	0.557985782623291	0.7280728816986084	0.037621382623910904	0.16590116918087006	0.3417639136314392	0.9065108895301819	0.42118972539901733	0.2206222116947174	0.3063642680644989	0.8580744862556458	0.3094547688961029	1.625571608543396	0.543261706829071	0.24969981610774994	0.09261005371809006	0.4775635302066803	0.5898284912109375	1.002835988998413	0.41769254207611084	0.5953303575515747	0.48431017994880676	0.5489687323570251	0.29178386926651	0.6480144262313843	0.6893951296806335	0.6969642639160156	0.9737002849578857	0.45484688878059387	0.7767136096954346	0.0824851393699646	0.47002601623535156	0.3005152642726898	0.20702101290225983	0.39640533924102783	0.30826759338378906	0.7954702973365784	0.4863017797470093	0.9524866342544556	0.5129847526550293	0.6732277274131775	0.4500896632671356	0.07910574972629547	0.8807879090309143	0.21254518628120422	0.6788753271102905	0.5356811285018921	0.33930790424346924	0.7577349543571472	0.014213809743523598	0.9159987568855286	0.6565333604812622	0.5958225131034851	0.3458307087421417	0.721102237701416	0.5503619909286499	0.6425886750221252	0.3292219936847687	0.9113384485244751	0.11672867089509964	0.8401381969451904	0.32254335284233093	0.49366581439971924	0.5536524653434753	0.4474180340766907	1.3617619276046753	0.332139253616333	0.206949383020401	0.4610126316547394	0.48368513584136963	0.12461318075656891	0.16800563037395477	1.0610920190811157	0.2853284180164337	0.38278359174728394	0.20211324095726013	0.21537388861179352	0.39772388339042664	1.5764360427856445	0.38048043847084045	0.11916332691907883	0.14322365820407867	0.03440812975168228	0.7670019865036011	0.7458791732788086	0.08843785524368286	0.6824877858161926	0.5058314800262451	0.35715484619140625	1.2784030437469482	0.9902454614639282	0.6094211339950562	0.361787885427475	0.28120219707489014	0.9686470031738281	0.7213425040245056	0.5849389433860779	0.7641541361808777	0.1490834355354309	0.3187556564807892	0.2774055600166321	0.6907135844230652	0.7587062120437622	1.0765079259872437	0.41990113258361816	0.21039503812789917	1.438191533088684	0.04828982055187225	0.06937319040298462	0.6434256434440613	0.6844375729560852	0.46386951208114624	0.6455658078193665	0.08183801174163818	0.34071025252342224	0.41816896200180054	0.9656749963760376	0.058080680668354034	0.3687945008277893	0.5115569233894348	0.6911836862564087	0.752595841884613	1.189257025718689	0.6004911661148071	0.5794398784637451	0.857331395149231	0.793982744216919	0.7506953477859497	0.7270195484161377	0.9540090560913086	0.9470176100730896	0.4248773157596588	0.4449464976787567	0.1547040045261383	0.06200939416885376	0.5240991711616516	0.439397931098938	1.0194618701934814	0.29337793588638306	0.34186694025993347	0.4490424692630768	0.6404496431350708	0.4968027174472809	0.6342145204544067	0.6858378648757935	0.2956523299217224	0.35208725929260254	1.2914042472839355	0.8564887046813965	0.6534433364868164	1.0813424587249756	0.2255903035402298	0.7962791919708252	0.3623267412185669	0.23179243505001068	0.6247943043708801	0.5872939825057983	1.3412482738494873	0.07159285247325897	0.09243998676538467	0.178802490234375	0.38112929463386536	0.541939377784729	0.5540621876716614	0.4175666570663452	0.1349858045578003	0.25202852487564087	0.7973753809928894	0.360809326171875	0.310874879360199	0.29992085695266724	0.7441660761833191	0.1092073917388916	0.23919829726219177	0.05560047924518585	0.9729161858558655	0.8413911461830139	1.1603280305862427	0.09148795902729034	0.22618140280246735	1.251539707183838	0.2779356837272644	0.01010710746049881	0.21862569451332092	0.45706701278686523	0.6958721280097961	0.13552385568618774	0.3871098756790161	0.34426599740982056	1.3155851364135742	0.46536409854888916	0.30652832984924316	0.6796185374259949	0.8059990406036377	1.3225955963134766	0.40791893005371094	1.189305067062378	0.604739785194397	0.40971091389656067	0.7101819515228271	0.8326047658920288	0.8056197166442871	0.3869526982307434	0.4008404016494751	0.5869570970535278	1.0576746463775635	0.5766675472259521	0.6031486988067627	1.216782569885254	0.5254016518592834	0.42187321186065674	0.5090071558952332	0.20725497603416443	0.7416589260101318	0.04575624689459801	0.45759543776512146	1.268670916557312	0.1528661847114563	0.6906665563583374	0.10274654626846313	0.6262094974517822	0.24985620379447937	0.4450698494911194	0.8721359372138977	0.42342615127563477	0.6520609259605408	1.5920464992523193	0.3887317478656769	0.50800621509552	0.9130105972290039	1.383958339691162	1.2165888547897339	0.43004310131073	0.5409978628158569	0.2684101164340973	0.46106866002082825	0.15281915664672852	0.27675366401672363	0.34298062324523926	0.965670108795166	0.0	0.4540593922138214	0.5638900995254517	0.49454131722450256	0.26950281858444214	1.0722126960754395	0.44208675622940063	0.003435804508626461	0.03225727006793022	0.3868933916091919	0.5476187467575073	0.18307897448539734	0.41976746916770935	0.08761690557003021	0.6334409713745117	0.7017703056335449	1.203345775604248	0.7616533637046814	0.07103025913238525	0.6073377728462219	1.2777255773544312	1.2590636014938354	0.44361525774002075	0.682244062423706	0.4499339461326599	0.3642348647117615	0.25860628485679626	0.026078950613737106	0.6015475392341614	0.0	0.3267456293106079	0.11259781569242477	1.101386308670044	0.1518307328224182	0.6339156031608582	0.3707652688026428	0.7245176434516907	0.4552440643310547	0.7322297096252441	0.4652022123336792	0.294055312871933	0.24470318853855133	0.17470011115074158	0.07860863208770752	1.2854598760604858	1.4362311363220215	0.0027779974043369293	0.7274819612503052	0.6895673871040344	1.0680656433105469	0.2526724934577942	0.5979095101356506	0.6241756677627563	0.7376947402954102	0.7397130131721497	0.7173078656196594	0.6870924830436707	0.7044716477394104	0.6555537581443787	0.08456799387931824	0.5839340090751648	1.0664393901824951	0.7331365942955017	0.48949331045150757	0.8508517742156982	0.6560778617858887	0.6327023506164551	0.5481314659118652	0.5435900092124939	0.4390624761581421	0.5629079341888428	0.7716017365455627	0.871019721031189	0.22734558582305908	0.4999234974384308	0.08737967908382416	0.16660244762897491	0.20450106263160706	0.5463870763778687	0.14915743470191956	0.8048973679542542	0.5859018564224243	0.49108508229255676	1.0589110851287842	0.43311992287635803	0.43857789039611816	0.7529569268226624	0.5157833695411682	0.44928979873657227	0.4717447757720947	0.5491609573364258	0.4627419114112854	0.08882401883602142	0.2720697224140167	1.0267622470855713	0.2124900370836258	0.6440475583076477	1.1960558891296387	0.8557494282722473	0.6142611503601074	1.050927996635437	0.3944772183895111	0.5483188629150391	0.3421373665332794	0.11634501069784164	0.9729769229888916	0.3614942729473114	0.2749877870082855	0.09341772645711899	0.43776339292526245	0.21341249346733093	0.5220439434051514	0.19986474514007568	0.7002238035202026	0.546815037727356	0.6619074940681458	0.40556859970092773	1.3920611143112183	1.1150025129318237	0.622887909412384	0.7477445006370544	0.6213722825050354	0.44029438495635986	0.4233459234237671	0.2209031581878662	0.44514280557632446	0.7764672636985779	0.5016237497329712	0.49566417932510376	0.09594370424747467	0.8066086173057556	0.5312455892562866	0.04707905277609825	1.4512269496917725	0.2721317708492279	0.9516193866729736	0.17621715366840363	0.11182990670204163	0.4143965244293213	0.23921284079551697	0.5556185245513916	0.42487454414367676	0.7142807841300964	0.9379507303237915	0.9482221603393555	0.14929750561714172	1.1413490772247314	0.13448823988437653	0.23595565557479858	0.5695241689682007	0.15150012075901031	0.9809764623641968	0.49999678134918213	1.1775274276733398	0.6340261697769165	0.34614449739456177	0.502520740032196	0.5170931816101074	0.5148435831069946	0.42624199390411377	0.8080246448516846	0.42982980608940125	0.20087948441505432	0.6536290645599365	0.3280053734779358	0.29526904225349426	0.46351686120033264	0.895160436630249	0.46931004524230957	0.5287100672721863	0.5022610425949097	0.0	0.5675939917564392	0.35797470808029175	0.9368155002593994	0.8850818872451782	0.24888134002685547	0.4327974319458008	0.2922438383102417	0.8480305075645447	0.44994574785232544	0.4710468649864197	0.22067371010780334	0.19250981509685516	0.777107298374176	0.49954158067703247	0.4023483693599701	0.45939910411834717	0.3959096372127533	0.75834721326828	0.5451250076293945	0.760805606842041	0.9014263153076172	1.2825863361358643	0.140971839427948	0.5756168961524963	0.4211087226867676	0.10390394926071167	1.2499721050262451	1.345892310142517	0.5045377016067505	0.728553831577301	1.2104136943817139	1.136653184890747	0.5565484166145325	0.35042259097099304	0.3061506748199463	0.40422147512435913	0.5376744270324707	0.8493903279304504	0.24762077629566193	0.9403880834579468	0.37094709277153015	0.8173929452896118	0.6905857920646667	0.44031116366386414	0.5173165202140808	0.2563718259334564	0.09295342117547989	0.8862339854240417	0.6346286535263062	0.09576975554227829	0.7458678483963013	0.3423791527748108	0.5924322605133057	0.47551384568214417	0.3927227258682251	0.796798825263977	0.8621338605880737	0.3811614513397217	0.15416395664215088	0.44772571325302124	0.5834527611732483	0.4495329260826111	0.19719848036766052
0.8299641013145447	0.7239463329315186	0.7453499436378479	0.7364240884780884	0.7242648005485535	0.4880112111568451	0.34333211183547974	0.9504137635231018	0.7793776988983154	0.36344674229621887	1.0472381114959717	0.4317251741886139	0.6949595212936401	0.4719755947589874	0.3462677001953125	0.34693533182144165	0.7293769121170044	0.5795375108718872	0.06813932210206985	0.5221267938613892	0.8594354391098022	0.38328486680984497	0.8356194496154785	0.5889813303947449	0.5148600339889526	0.7403370141983032	1.2211757898330688	0.7405409216880798	0.7748527526855469	0.45546525716781616	0.287759393453598	0.3570787310600281	0.5838372707366943	0.7853822708129883	0.45176926255226135	0.32931602001190186	0.31441670656204224	0.8023398518562317	0.637776792049408	0.6450898051261902	0.38215216994285583	0.2446286678314209	0.18658356368541718	0.45841723680496216	0.2237796187400818	0.21404728293418884	0.2282533198595047	0.5474724173545837	0.5916085839271545	1.1471412181854248	0.17127075791358948	0.27411872148513794	0.2972909212112427	0.20918363332748413	0.962160587310791	0.14569024741649628	0.41314050555229187	1.1371996402740479	0.5602068305015564	1.0010277032852173	0.14797274768352509	0.18108674883842468	0.79042649269104	0.6629621386528015	0.2660427689552307	0.7919316291809082	0.3845369815826416	0.2985711991786957	0.29671284556388855	0.678476095199585	0.2568407654762268	0.3358766436576843	0.547335684299469	0.1545797437429428	0.5186492800712585	0.722920298576355	0.21186628937721252	0.9326311349868774	1.1706100702285767	0.8298661112785339	0.9765164852142334	0.6309595108032227	0.46588605642318726	0.49925875663757324	0.5929888486862183	0.2410256713628769	0.247777059674263	0.6388388276100159	0.20621523261070251	0.1564309000968933	0.5556095242500305	0.39136457443237305	0.12324533611536026	0.6500523686408997	0.4127105176448822	0.3037721514701843	1.1126774549484253	0.6181970834732056	0.44327229261398315	1.0251730680465698	0.8768180012702942	0.4368801712989807	0.2521659731864929	0.898518979549408	0.9906499981880188	0.7067104578018188	0.6824520230293274	1.8826587200164795	0.3021089732646942	0.39709848165512085	0.5486224889755249	1.2962177991867065	0.13294565677642822	0.4164072275161743	0.43654075264930725	0.4689796268939972	0.7300633788108826	0.8692865967750549	0.6242650747299194	0.13350294530391693	0.11817534267902374	0.5660326480865479	0.0336284264922142	0.1869032382965088	0.13667874038219452	0.44208571314811707	0.17107674479484558	0.5234867334365845	0.7654792070388794	1.3679111003875732	0.1827148199081421	0.11479878425598145	0.4003596603870392	0.0512213334441185	0.41910672187805176	0.1077890545129776	0.785505473613739	0.44651514291763306	0.39357271790504456	0.3617110550403595	0.30474600195884705	0.10199926048517227	1.2643262147903442	0.1305076628923416	0.3896741569042206	0.33773472905158997	0.07172054797410965	0.514584481716156	0.9768649339675903	0.18527761101722717	0.2817234694957733	0.3149985671043396	0.6055143475532532	0.15392948687076569	0.26036277413368225	0.8244314789772034	0.6156583428382874	0.3806217908859253	0.19132110476493835	0.4285493791103363	0.07505939155817032	0.13050846755504608	0.2400629073381424	0.27592986822128296	0.4643307626247406	0.3468872308731079	0.10953576862812042	0.45184311270713806	0.23591579496860504	0.2773662507534027	0.47251108288764954	0.5277990698814392	0.4829367995262146	0.760581910610199	0.23508046567440033	0.31906694173812866	0.4438646733760834	0.17661581933498383	0.5403178334236145	0.4094844162464142	0.4474504590034485	0.823132336139679	0.37027332186698914	0.4557144343852997	0.8034458756446838	1.4172487258911133	0.29435405135154724	0.2880069315433502	0.9198077917098999	0.7274395823478699	0.330905556678772	0.0934770330786705	0.4775628447532654	0.6149089336395264	0.2896735370159149	0.0	0.5258885622024536	0.3439248204231262	0.9845256805419922	0.37495186924934387	0.5524387955665588	0.49586495757102966	0.46321171522140503	0.6684899926185608	0.47530561685562134	0.37215763330459595	1.1383987665176392	0.5992919206619263	1.0494740009307861	0.3414899706840515	0.5608931183815002	0.2695917785167694	0.27153676748275757	0.5287380814552307	0.9703754186630249	0.21806056797504425	0.516035795211792	0.28209203481674194	0.5287659168243408	1.0881409645080566	0.41755545139312744	0.4239110052585602	0.3661840260028839	1.1950130462646484	0.5250032544136047	0.34016314148902893	0.272379070520401	0.6376858353614807	0.5830198526382446	0.30886539816856384	0.6000148057937622	0.45795848965644836	0.5822573900222778	1.2502245903015137	1.2534099817276	0.07388391345739365	0.27331405878067017	0.7218277454376221	0.5118898153305054	0.25569403171539307	0.4665723443031311	0.45120808482170105	1.8083831071853638	0.5600432753562927	0.2639533579349518	1.0416646003723145	0.7558653950691223	0.7417677044868469	0.15371501445770264	0.42775654792785645	1.2034988403320312	0.4746374189853668	0.9780378937721252	0.5896051526069641	0.3645923137664795	0.9330404996871948	1.2796006202697754	0.44295597076416016	1.3609635829925537	0.527850329875946	0.3336029052734375	0.7396026849746704	0.1356632560491562	0.5017225742340088	0.8385946750640869	0.3861657977104187	0.5296859741210938	0.2258056402206421	0.850676953792572	0.5174121856689453	0.44528183341026306	0.37971335649490356	0.9532701969146729	0.15766626596450806	0.9876245260238647	0.318582147359848	0.597088098526001	0.6636912226676941	0.4508552849292755	1.1194839477539062	0.7513715028762817	1.141757845878601	0.321563184261322	0.275180846452713	0.3273932933807373	1.4013950824737549	0.42077240347862244	0.7792149186134338	0.1412687748670578	0.32688578963279724	0.7552812099456787	0.30263185501098633	0.45447441935539246	0.23825041949748993	0.2640683352947235	0.6898156404495239	0.18023943901062012	0.4933614730834961	0.7548472881317139	0.1120673418045044	0.10980165749788284	0.45022910833358765	0.49141913652420044	0.6967567801475525	0.9199733138084412	0.20981623232364655	0.7236291766166687	1.7587745189666748	0.6410559415817261	0.9685746431350708	0.1384207159280777	0.6781993508338928	0.07376125454902649	0.6680815815925598	0.5676727294921875	0.17285612225532532	0.6279332041740417	0.8880540728569031	0.14079535007476807	1.0114390850067139	0.36660754680633545	0.9070668816566467	0.33438748121261597	0.5472964644432068	0.5024909377098083	0.35008537769317627	0.8640660643577576	0.07113353908061981	0.07071666419506073	0.28353920578956604	1.0940587520599365	0.4332664906978607	0.22973032295703888	0.6765814423561096	1.8177335262298584	0.07474024593830109	0.5295447111129761	1.0967168807983398	0.5074397921562195	0.7432193160057068	0.28045347332954407	0.15349926054477692	0.28773316740989685	0.699836254119873	0.4881000220775604	0.8850125670433044	0.7943063378334045	0.38741499185562134	0.8799209594726562	0.5272658467292786	0.46883726119995117	1.297255039215088	0.3418159484863281	0.5486640334129333	0.17003270983695984	0.3314377963542938	0.5211535692214966	0.48779022693634033	0.2884908616542816	0.4718494415283203	0.4300357699394226	0.07210883498191833	0.7087709903717041	0.1965688169002533	0.4045791029930115	0.20308814942836761	0.1272193193435669	0.6964052319526672	0.43987390398979187	0.24698229134082794	0.24423694610595703	0.9498375058174133	0.27635854482650757	1.6667230129241943	0.3620569109916687	0.273133248090744	0.8015654683113098	0.7034671306610107	0.8293395042419434	0.981218159198761	0.28629618883132935	0.6035968661308289	0.5255404114723206	0.37571537494659424	0.4628501534461975	0.5977504849433899	0.3307153582572937	0.16071391105651855	0.4505224823951721	0.38852640986442566	0.5507632493972778	0.03932386636734009	0.606013298034668	0.9850867986679077	0.14064888656139374	0.8595706820487976	0.4840831160545349	0.3665983974933624	0.09065045416355133	0.4668607711791992	0.6570397615432739	0.17134851217269897	0.22222000360488892	0.8576659560203552	0.8440524935722351	0.332669734954834	0.42036283016204834	0.5322080254554749	0.5237129926681519	0.30224737524986267	0.5709275007247925	0.6234657764434814	1.0356698036193848	0.5580006241798401	0.7277969121932983	0.5007042288780212	0.45295450091362	0.26179632544517517	0.4188159108161926	0.10764249414205551	0.3456752300262451	0.05847983807325363	0.875677227973938	0.6946439743041992	0.5513302087783813	0.8332259654998779	0.45137685537338257	1.0174870491027832	0.8501888513565063	0.3002955913543701	0.5244266986846924	0.14040997624397278	0.7932925224304199	0.7124801278114319	0.502684473991394	0.3281834125518799	0.43155068159103394	0.8554571270942688	0.875817060470581	0.14197909832000732	0.06390470266342163	0.5463454723358154	0.3436770737171173	0.6571736335754395	0.2613781988620758	0.4190230071544647	0.856812059879303	0.45328378677368164	0.795048713684082	0.2720670700073242	0.6603153944015503	0.5704903602600098	0.375235378742218	0.36874690651893616	0.2635035216808319	0.3472422659397125	0.24693578481674194	0.6688196063041687	1.1198464632034302	0.5044518113136292	0.6949162483215332	0.6741968989372253	0.22071176767349243	0.8772634863853455	0.41708365082740784	0.49582406878471375	1.0549499988555908	0.39000076055526733	0.4007016718387604	0.4186716377735138	1.066972017288208	0.42082297801971436	0.31013867259025574	0.06475555151700974	0.11434415727853775	0.012589497491717339	1.304090976715088	0.7977073192596436	0.5637506246566772	1.034327745437622	0.7030883431434631	0.2709985375404358	0.7481237053871155	0.7895538210868835	0.9791780710220337	0.38466763496398926	0.158822700381279	0.1359739452600479	1.0285918712615967	0.40403440594673157	0.6239315271377563	0.3665444552898407	0.4537605047225952	0.3661871552467346	1.0133155584335327	0.4959794580936432	0.5047082304954529	0.5081229209899902	0.1787184476852417	0.43559107184410095	0.8585897088050842	0.34666454792022705	0.7407692670822144	0.53079754114151	0.39716777205467224	0.3037334680557251	0.6658418774604797	0.09801413118839264	0.32119160890579224	0.2620256841182709	0.35812726616859436	0.8514249324798584	0.603455126285553	1.2320499420166016	0.5479385852813721	0.4895855188369751	0.5783212780952454	0.1480802595615387	0.7431934475898743	0.5962427258491516	0.7295156717300415	0.2156124711036682	0.3247905671596527	1.1255077123641968	0.31402188539505005	0.23514235019683838	0.42390578985214233	0.3802230656147003	0.9541788101196289	0.2796986699104309	1.26608145236969	0.28517383337020874	0.3695942163467407	1.4043962955474854	0.3465818166732788	0.4960079789161682	0.19878152012825012	0.5727410912513733	0.5809265375137329	0.3931979537010193	0.6885602474212646	0.4751252233982086	0.5311853885650635	0.8362960815429688	0.4799167513847351	0.49644631147384644	0.19661496579647064	0.36246412992477417	0.6818070411682129	0.9799808859825134	1.217505931854248	0.833783745765686	0.6959754228591919	0.4427011013031006	0.8742471933364868	0.45423242449760437	0.3212481141090393	0.7479303479194641	0.44001317024230957	0.26533791422843933	0.33924973011016846	0.04610629379749298	0.33846431970596313	0.26826971769332886	0.18834596872329712	0.2235811948776245	0.06150028109550476	0.15755930542945862	0.5522418022155762	1.398269772529602	0.8783661723136902	0.09534924477338791	0.6820566654205322	0.46285444498062134	0.5241413712501526	0.5221993327140808	0.04573313146829605	0.12849880754947662	0.8786373734474182	0.13745807111263275	0.8078490495681763	0.013228824362158775	0.11861829459667206	0.47305506467819214	0.39368534088134766	0.7914345264434814	0.33444201946258545	0.878052830696106	0.7535806894302368	0.4051220417022705	0.44894593954086304	0.05656402185559273	0.4776817262172699	0.334118127822876	0.6587878465652466	0.6513126492500305	0.9051871299743652	0.38063696026802063	0.3407121002674103	0.4921039938926697	0.6659227013587952	0.9359658360481262	0.4313766658306122	0.2901352047920227	0.7184852957725525	0.7721843719482422	0.42374345660209656	0.7817906141281128	1.003035306930542	0.7894323468208313	0.12745414674282074	0.5383946895599365	0.5440294146537781	1.1850554943084717	0.5638163089752197	1.1450051069259644	0.27064740657806396	0.44792550802230835	0.5489731431007385	0.243794783949852	0.22202855348587036	0.41155868768692017	0.1425795555114746	0.6851253509521484	0.4738501310348511	0.3617144525051117	0.9173803329467773	1.179550290107727	1.018682599067688	0.7243385314941406	0.8358827233314514	0.29799896478652954	0.11461244523525238	0.7300525903701782	0.2613584101200104	0.4347786009311676	0.5997463464736938	1.103838324546814	0.37020185589790344	0.555763840675354	0.5896840691566467	0.4478031396865845	0.0773891806602478	0.6255098581314087	0.14046113193035126	0.5932413935661316	0.3522511422634125	0.28901904821395874	0.4163024127483368	0.6717722415924072	0.37398988008499146	0.37802088260650635	0.3566630184650421	0.4595174789428711	0.625082790851593	0.49909380078315735	0.49226802587509155	0.6376427412033081	0.5261762142181396	0.29753994941711426	0.46057814359664917	0.6374884247779846	0.21879258751869202	0.28938424587249756	0.5875349044799805	0.881647527217865	0.5905489921569824	0.5167547464370728	0.03393105790019035	0.4089733064174652	0.36811313033103943	0.5167826414108276	0.4963902533054352	0.8949599862098694	0.5597835779190063	0.09398162364959717	0.6056209206581116	0.9495945572853088	0.29984667897224426	0.3451305329799652	0.41961386799812317	0.2858135402202606	0.5586893558502197	0.8895307779312134	0.1939321905374527	0.6196541786193848	0.7377908825874329	0.5663730502128601	0.2526945471763611	0.3019290864467621	0.37543731927871704	0.8105705380439758	0.5788984298706055	0.4059651792049408	0.3054790496826172	0.3293776512145996	0.4039904475212097	0.37774857878685	0.44156840443611145	0.1553429365158081	0.6486383676528931	0.9562129378318787	0.6197719573974609	0.19875460863113403	0.18032054603099823	0.2347169816493988	0.8526078462600708	0.9402826428413391	0.9848700165748596	0.5476871728897095	1.05097496509552	0.21335580945014954	0.6796824336051941	0.976902425289154	0.23692892491817474	0.7135646343231201	1.001254916191101	0.16605110466480255	0.7980389595031738	0.0952872633934021	0.7472977638244629	0.8503130078315735	0.2529942989349365	0.5528465509414673	0.3986687660217285	1.0598770380020142	0.10949286818504333	0.17783230543136597	1.951770544052124	0.4792230427265167	0.333202064037323	0.3855729103088379	0.3247804045677185	0.5599240064620972	0.19823455810546875	0.40322333574295044	0.5434861779212952	1.1609982252120972	0.8709754943847656	0.10732536762952805	0.46689537167549133	1.029126763343811	0.9103363156318665	0.22221030294895172	0.2259366661310196	0.6111162900924683	0.7849802374839783	0.3281780779361725	0.5052514672279358	1.2763915061950684	0.8399993181228638	0.4425772428512573	0.4321656823158264	0.16233301162719727	0.10455194115638733	0.489311546087265	0.9015787243843079	0.31527450680732727	0.5465939044952393	0.1236688420176506	0.9830197691917419	0.5371600389480591	0.29700759053230286	0.24452050030231476	0.40072882175445557	0.30536532402038574	0.9943509101867676	0.43993884325027466	0.23127387464046478	0.13006465137004852	0.7264341711997986	0.5951709151268005	0.541648268699646	0.6096261739730835	0.38455936312675476	0.16444268822669983	0.3789764642715454	0.43206363916397095	0.17838339507579803	0.39403030276298523	0.2649071514606476	1.2362767457962036	0.5584397912025452	0.34572336077690125	0.6235334277153015	0.6339304447174072	0.48351889848709106	0.33035823702812195	0.3113536834716797	0.6816281080245972	0.5577125549316406	0.4097680449485779	0.13808389008045197	0.47824960947036743	1.22719407081604	0.5624349117279053	0.4106997549533844	0.4660038650035858	0.20315754413604736	1.0184502601623535	1.2063366174697876	0.49975886940956116	0.3573278486728668	0.3538614511489868	0.5451496839523315	1.06487238407135	0.04758105427026749	0.06107595935463905	0.3161073625087738	0.38881978392601013	0.5054569840431213	0.4960976541042328	0.1561628133058548	0.6329392790794373	0.7445312142372131	0.3218434453010559	0.0853438526391983	0.8921275734901428	0.31935441493988037	0.3403691053390503	0.7788916826248169	0.3796709477901459	0.46842166781425476	0.21996447443962097	0.33167940378189087	1.204352617263794	0.6779778003692627	0.31873559951782227	1.0167516469955444	0.13627584278583527	0.4298705756664276	0.653495192527771	0.29280614852905273	1.110320806503296	0.44541245698928833	0.5382888913154602	0.6195086240768433	0.8164474368095398	0.46355605125427246	1.0373250246047974	0.8448564410209656	0.3600759506225586	0.3684316873550415	0.3062784671783447	1.0587400197982788	0.11414767056703568	0.6032567620277405	1.0489814281463623	0.13698893785476685	0.06026286259293556	0.5364004969596863	0.5439621210098267	0.9191765785217285	0.2959418296813965	0.8467895984649658	0.3153938055038452	0.5572200417518616	0.1906430721282959	0.10844071954488754	0.5120800137519836	0.5555040836334229	0.10922761261463165	0.3004620671272278	0.5522720217704773	0.5360813140869141	0.3063115179538727	0.22723326086997986	0.3014082610607147	0.743633508682251	0.8886918425559998	0.4630919396877289	0.19232875108718872	0.33772924542427063	1.0441360473632812	0.47893327474594116	0.47922414541244507	0.2811831831932068	0.47573959827423096	0.5314738750457764	0.3429323434829712	0.09841205179691315	0.6531255841255188	0.6285329461097717	0.7714933156967163	0.195791095495224	1.050925374031067	0.1872566193342209	0.718184232711792	1.2931756973266602	0.21551485359668732	0.8634393811225891	0.7690271139144897	0.4595155715942383	0.46606335043907166	0.3362105190753937	0.7395347356796265	0.14855454862117767	0.44148141145706177	0.7153353691101074	0.20552697777748108	1.478838562965393	0.27836358547210693	0.1545828878879547	0.3840491473674774	0.20134449005126953	0.8136588931083679	0.4083389639854431	0.5103731155395508	0.3636317551136017	0.3870529234409332	0.514784038066864	0.34258049726486206	0.5572637319564819	0.3199535012245178	0.8781319856643677	0.22867059707641602	0.9140570759773254	0.09161593019962311	0.11343316733837128	1.118989109992981	0.6223308444023132	0.637948215007782	1.127256155014038	1.3428233861923218	0.7272993922233582	0.5027337670326233	0.2789802849292755	0.0786086842417717	0.49430736899375916	0.8649460673332214	0.819823145866394	1.102719783782959	0.73189377784729	1.1607000827789307	0.15758895874023438	0.37553027272224426	0.4736485779285431	0.5343900918960571	0.4492042362689972	0.2827572226524353	0.3503774404525757	0.24252693355083466	0.3605650067329407	0.08875064551830292	0.8587227463722229	0.19447700679302216	0.4605296552181244	0.09142755717039108	0.46195510029792786	0.4530467987060547	0.10484853386878967	0.7713916897773743	1.0142416954040527	0.9270735383033752	0.4443497955799103	0.21953287720680237	0.19883599877357483	0.25459563732147217	0.2557934522628784	0.9851783514022827	0.0706549808382988	0.3470444083213806	0.7699410915374756	0.2572776675224304	0.3965992331504822	0.7655259370803833	0.8590706586837769	0.4936981499195099	0.009580563753843307	0.0	0.7180728316307068	0.16505539417266846	0.5892221927642822	0.44248566031455994	0.586646318435669	0.23225903511047363	0.7588109970092773	1.7121108770370483	0.2472730278968811	0.2898021340370178	1.1650404930114746	0.9418849945068359	0.6076976656913757	0.7732855081558228	0.5031977295875549	0.41276872158050537	0.13696187734603882	0.6004574298858643	0.6635763645172119	0.5580495595932007	0.5474092364311218	0.0	0.28696081042289734	0.25922882556915283	1.4308732748031616	0.506130039691925	0.5028036832809448	0.08992698043584824	0.19624775648117065	0.343212366104126	0.5079249739646912	0.5466431379318237	0.23903922736644745	0.17578071355819702	0.32313886284828186	0.2883588373661041	0.718790590763092	0.574714183807373	0.7035431861877441	0.3717944025993347	0.21502816677093506	0.6755632758140564	0.537927508354187	0.31985050439834595	0.7887753844261169	0.5223372578620911	0.1299021989107132	0.4780009686946869	0.43209758400917053	0.9099935293197632	0.6085026264190674	0.8141112327575684	0.6843045949935913	0.4181489646434784	0.34210917353630066	1.0291513204574585	0.788707971572876	0.541638195514679	0.7274373769760132	0.26283150911331177	0.9008524417877197	0.5257251858711243	0.7790263891220093	0.8290016651153564	1.0205217599868774	0.4871620237827301	0.38565391302108765	0.49172064661979675	0.2489464282989502	0.7054687738418579	0.5917837619781494	0.5595438480377197	0.8432357311248779	0.7150627374649048	1.1993012428283691	0.7489950656890869	1.0209975242614746	1.2712416648864746	0.20592281222343445	0.87293940782547	0.5446745157241821	0.6837422847747803	0.8234913349151611	0.3090299069881439	0.27581608295440674	1.005996823310852	0.9695713520050049	1.0918484926223755	0.7266881465911865	0.2918398678302765	0.9023467898368835	0.4957959055900574	0.5020512342453003	0.5061378479003906	0.6480250954627991	0.5528774261474609	0.16340167820453644	0.45046713948249817	0.38986310362815857	0.3454154431819916	0.5664689540863037	0.0296167079359293	0.1814880520105362	1.082129716873169	0.6027191877365112	0.708085834980011	0.1118428111076355	0.39116087555885315	0.4990268647670746	1.1617982387542725	0.19500508904457092	0.05278685316443443	1.1750237941741943	0.3442366421222687	0.7343987822532654	0.8127376437187195	0.4095970392227173	0.02854623831808567	0.6812154650688171	0.18077591061592102	1.0693693161010742	0.5019820928573608	0.9693472385406494	0.37818199396133423	0.5610278248786926	0.4762970805168152	0.04150093346834183	0.2754591703414917	0.6069947481155396	0.36769139766693115	0.36565345525741577	0.4295337498188019	0.5817312598228455	0.025072960183024406	0.3546854853630066	0.8328999876976013	0.09748129546642303	0.9518479108810425	0.5332284569740295	0.755404531955719	0.20873889327049255	0.5350942611694336	0.25471895933151245	1.6223704814910889	0.34957873821258545	0.4739493727684021	0.4905785918235779	0.42680078744888306	0.5908145308494568	0.4664667844772339	0.5026915669441223	1.1653761863708496	0.43445950746536255	0.7088857293128967	0.33671027421951294	0.2655731737613678	0.6048997640609741	1.2877616882324219	0.3861221373081207	0.1197480633854866	0.6361156105995178	0.32037898898124695	1.1332218647003174	0.39322924613952637	0.5797014832496643	0.35813403129577637	1.0321773290634155	1.145684838294983	0.14284059405326843	0.8617058396339417	0.1825297325849533	0.3869226276874542	0.346860408782959	0.028057917952537537	0.5616328120231628	0.35756203532218933	0.43596673011779785	0.938127338886261	0.28001272678375244	1.4371360540390015	0.4839104413986206	0.6987707018852234	0.6253783106803894	0.359610378742218	0.542716920375824	0.4515058696269989	0.3657253384590149	0.42595916986465454	0.3267844617366791	0.536298394203186	1.1423358917236328	0.4803643226623535	0.3328034281730652	0.4951501190662384	0.11914291977882385	0.8245834708213806	0.02275928109884262	0.7961767911911011	0.2934214770793915	0.21144361793994904	0.23733212053775787	0.46064668893814087	0.9234377145767212	0.1796465814113617	0.531401515007019	0.2025252729654312	0.2779686748981476	0.11174918711185455	0.9326493144035339	1.0700592994689941	0.579634428024292	1.0369259119033813	0.1941811442375183	0.5605868101119995	0.4693000912666321	0.034886520355939865	0.26792800426483154	0.02688402682542801	0.434676855802536	0.6646814942359924	0.5501125454902649	0.8647811412811279	0.352195680141449	0.347714364528656	0.44692227244377136	0.47266435623168945	0.39909863471984863	0.5100422501564026	0.6363883018493652	0.6041497588157654	0.2605907917022705	0.499165415763855	0.2754046320915222	0.7785137295722961	0.3151850700378418	0.43215081095695496	0.5006003975868225	0.7047034502029419	0.4000885784626007	0.5734996199607849	0.4505608081817627	0.8884179592132568	0.384403258562088	0.11836806684732437	0.7002391219139099	0.716983437538147	0.5209551453590393	0.20816025137901306	0.5527087450027466	0.12940055131912231	0.3589988648891449	0.617497980594635	0.23441950976848602	0.6692935228347778	0.33157920837402344	0.8733694553375244	0.6395493149757385	0.2937699556350708	0.7229694724082947	0.7191319465637207	0.37815096974372864	0.6423770785331726	0.1962939202785492	1.1187124252319336	0.7186518311500549	0.9151085019111633	0.33571386337280273	0.33656030893325806	1.0661622285842896	0.5508027076721191	0.21577154099941254	1.033332109451294	0.24142217636108398	0.6585602164268494	0.3224961757659912	0.521876871585846	1.353176474571228	0.46071773767471313	0.2910720705986023	0.4811348617076874	0.40421950817108154	1.0039387941360474	0.22658462822437286	0.2951430678367615	0.9219744205474854	0.3626350164413452	1.0413562059402466	0.3362366259098053	0.5736054182052612	0.14152313768863678	0.2163819670677185	0.7707488536834717	0.851486086845398	0.19483603537082672	0.4961572587490082	0.0658174455165863	0.7612287998199463	0.8994494080543518	0.11903668940067291	0.050481166690588	0.44615957140922546	0.3705790936946869	0.7399611473083496	1.074271559715271	0.740074634552002	0.41331735253334045	0.3621246814727783	0.586701512336731	0.44992008805274963	0.804772138595581	0.4000260531902313	0.1264338195323944	0.13778865337371826	0.34207484126091003	0.25744330883026123	0.7884445786476135	1.0447443723678589	0.3301154375076294	0.742652952671051	0.262844443321228	0.49181854724884033	0.38118141889572144	0.17970849573612213	0.39448899030685425	0.5568578839302063	0.3332931697368622	0.9351357221603394	0.35164105892181396	0.4393821656703949	0.5274388790130615	0.2928127646446228	0.3288057744503021	1.1018342971801758	0.23536363244056702	0.677207887172699	0.6378514170646667	0.35425108671188354	0.6261724829673767	0.3653232157230377	0.6806842684745789	0.6241005063056946	0.1336284875869751	0.5877772569656372	0.18031790852546692	0.0027504810132086277	0.1738225370645523	0.33174869418144226	0.8498774170875549	0.8918189406394958	0.7889869809150696	0.49254995584487915	0.5512540936470032	0.0691438615322113	0.22030003368854523	0.5315341353416443	0.5557397603988647	1.1502175331115723	0.9063668251037598	0.44449931383132935	0.35217374563217163	0.44256335496902466	0.2194175273180008	0.8076520562171936	0.38991451263427734	0.9979042410850525	0.35647323727607727	0.5291092395782471	0.7672647833824158	0.5369877815246582	0.6865520477294922	0.42290955781936646	0.8320866227149963	1.5034887790679932	0.701164960861206	0.38488221168518066	0.7646054029464722	0.8000266551971436	0.7488176226615906	0.1258583515882492	0.3423314094543457	0.3043150007724762	0.9355748891830444	0.12410860508680344	0.38843095302581787	0.3498956859111786	0.5859543085098267	0.2720872759819031	0.617362916469574	0.33713528513908386	0.5091083645820618	0.2161935269832611	0.2619963586330414	0.8299110531806946	1.2047747373580933	0.5463980436325073	0.5463292002677917	0.4762771427631378	0.4078634977340698	0.44230031967163086	0.20963318645954132	0.3264862298965454	0.47173011302948	0.5412740707397461	0.6645928621292114	0.1401595175266266	0.6435620188713074	0.7070488929748535	0.5311105847358704	1.4129551649093628	0.24781231582164764	0.0955539420247078	0.11861928552389145	0.2865297496318817	0.7464356422424316	0.4806502163410187	0.2534167468547821	0.5170344710350037	0.47428324818611145	0.2457602173089981	0.6031737327575684	0.5737048983573914	0.15704119205474854	0.23057352006435394	0.33806025981903076	0.14286428689956665	0.7962270379066467	0.332211971282959	0.43074703216552734	0.425657719373703	0.6524904370307922	0.012156166136264801	0.32521337270736694	0.20765212178230286	1.0455206632614136	1.0174437761306763	0.20197688043117523	0.10176309198141098	0.12160728871822357	0.28599241375923157	0.2274399846792221	0.3490920066833496	0.23377247154712677	0.6561135053634644	0.2144564390182495	0.19294434785842896	0.4872039556503296	0.40057069063186646	0.32155293226242065	0.636361837387085	0.05238136649131775	0.7690266370773315	0.05677874758839607	0.2563988268375397	1.0137746334075928	0.6470984816551208	0.11251991987228394	0.19108372926712036	0.7169187068939209	0.4788578450679779	0.6282626390457153	0.177908256649971	0.36638057231903076	0.602665901184082	0.5722789764404297	0.4729260504245758	0.6973673701286316	0.5021671056747437	0.4597155749797821	0.8842233419418335	0.5690555572509766	0.3540942370891571	1.0185388326644897	0.2548113167285919	0.4758509695529938	1.5443028211593628	1.3090382814407349	0.5470173358917236	0.15668556094169617	0.12587538361549377	0.27329695224761963	0.5160589218139648	0.92877197265625	1.0537805557250977	0.25852903723716736	0.722822904586792	0.5305724143981934	0.5551170110702515	0.540130615234375	0.030140399932861328	0.7018389105796814	0.27565518021583557	0.35218191146850586	0.6404112577438354	0.3006768226623535	0.8389772772789001	0.3078860640525818	0.3217349946498871	0.5210497975349426	0.2947453558444977	0.6725839972496033	0.6577197313308716	0.2711413502693176	0.8246769905090332	0.5327593088150024	0.884981095790863	0.16494512557983398	0.3987252712249756	0.3718410134315491	0.7200344800949097	1.12873375415802	0.9567539691925049	0.12370527535676956	0.1816076785326004	0.31581807136535645	0.9723995327949524	0.4025149345397949	0.13963592052459717	0.267970472574234	0.9986718893051147	0.35839152336120605	1.100083589553833	0.8480356931686401	0.47643911838531494	0.5621028542518616	0.5617979168891907	0.47666874527931213	0.5727424025535583	1.0391069650650024	0.5373588800430298	0.5746529698371887	0.27645185589790344	2.1025967597961426	0.360397070646286	0.26978710293769836	0.4312935769557953	1.067025065422058	0.5345070362091064	0.5333378314971924	0.5792689323425293	0.0	0.5222439765930176	0.40896692872047424	0.07622579485177994	0.20145095884799957	0.6293530464172363	0.669447660446167	0.5631042122840881	0.8703333139419556	0.5802141427993774	0.6308145523071289	0.27092087268829346	0.07887719571590424	0.016332419589161873	0.47238582372665405	0.736204206943512	0.37816834449768066	0.442044198513031	0.5125343203544617	0.5346198081970215	1.1364319324493408	0.1301279067993164	0.15539339184761047	0.4368315637111664	1.0996160507202148	0.5230010151863098	0.09473665803670883	0.6533969044685364	0.48367488384246826	1.0545958280563354	0.5215015411376953	0.6833136081695557	0.5411190390586853	0.7924318313598633	0.6415589451789856	0.1733212172985077	0.8966915607452393	0.6775527000427246	1.42780339717865	0.41013291478157043	0.4252604842185974	0.05815839767456055	0.4119235873222351	0.2990521788597107	0.27811580896377563	0.6375473737716675	1.0581371784210205	0.37478500604629517	0.2518528997898102	0.239024817943573	0.6929340362548828	0.12946739792823792	0.5228239297866821	0.34542521834373474	1.083256483078003	0.15015190839767456	0.4315723478794098	0.16943928599357605	0.5798148512840271	0.33155012130737305	1.0849246978759766	0.6541426181793213	0.8437708616256714	0.37099704146385193	0.5397829413414001	0.5135698914527893	0.3802921772003174	1.3735339641571045	0.7789165377616882	1.0626074075698853	0.7885643243789673	0.5622841119766235	0.4936835467815399	0.5539206862449646	0.2896791100502014	0.4167327582836151	1.123893141746521	0.31833547353744507	0.45418256521224976	0.23589850962162018	1.2871698141098022	0.38710641860961914	0.564923882484436	0.5388509631156921	1.0090047121047974	0.3869834244251251	0.4374411106109619	0.12433034926652908	0.6326596736907959	0.3514861762523651	1.1336880922317505	0.08361363410949707	0.41569650173187256	0.8286231756210327	0.9774280786514282	0.9665504693984985	0.5282814502716064	0.32330289483070374	0.27702561020851135	0.6334424018859863	0.050072766840457916	0.7020490169525146	0.5275567173957825	0.4158182442188263	0.40491607785224915	0.7558019757270813	1.6105108261108398	0.5412408113479614	0.4703936278820038	0.14752595126628876	0.0361487902700901	1.0464009046554565	0.7531734108924866	0.8807148933410645	0.13768434524536133	0.622581422328949	0.47308582067489624	0.263529896736145	0.3336890935897827	0.5479456186294556	0.6134635806083679	0.2618434727191925	0.7751424312591553	0.6456757187843323	1.024037480354309	0.9986245632171631	0.5541542768478394	0.14254367351531982	0.5554251074790955	0.26304173469543457	0.34301629662513733	0.32541894912719727	0.12742328643798828	0.9567567110061646	0.18909689784049988	0.29753345251083374	1.2088278532028198	0.3571450412273407	0.22916410863399506	0.564532995223999	0.516822338104248	0.43991559743881226	0.6258803009986877	0.4470803141593933	0.7323701977729797	0.18886791169643402	0.30218708515167236	0.5269590616226196	0.4545988440513611	0.5674369931221008	0.4067698121070862	0.47162356972694397	0.2095109075307846	1.105870246887207	0.3878962993621826	0.4608183205127716	1.1646077632904053	0.09176787734031677	1.0590916872024536	0.650016725063324	0.13433492183685303	0.4287908375263214	0.3028147518634796	0.3953742980957031	0.5168535113334656	0.49270641803741455	0.7867109179496765	0.08822313696146011	0.3043549954891205	0.645839512348175	0.5444858074188232	1.6643331050872803	0.6994512677192688	0.3730553984642029	0.6143636703491211	0.6319908499717712	0.2584298253059387	0.06957145780324936	0.45483386516571045	0.3000088632106781	0.609237015247345	0.802735447883606	0.3407760560512543	0.8402690291404724	0.24747656285762787	1.1655162572860718	1.2265870571136475	1.0087896585464478	0.37222838401794434	0.2331767976284027	0.20983803272247314	0.46421414613723755	0.7885575294494629	0.6935136914253235	0.7138216495513916	0.3895089626312256	0.550023078918457	0.845058798789978	0.6761484742164612	0.2563127279281616	0.6380878686904907	0.6053652763366699	0.21212615072727203	0.36002323031425476	0.4943726360797882	0.9137102961540222	1.144504427909851	0.42994019389152527	0.5806624293327332	0.8579978942871094	0.927390992641449	0.6753125786781311	0.628227949142456	0.4965394139289856	0.7350480556488037	0.13921716809272766	0.3283473253250122	0.4313047528266907	0.17330026626586914	0.5742855668067932	0.6520938873291016	1.187795877456665	0.8754802942276001	0.39737123250961304	0.5304401516914368	0.34953340888023376	0.3846020996570587	0.5653883218765259	0.2136828452348709	0.12247192114591599	0.17210730910301208	0.22852042317390442	0.7966817021369934	0.5439237952232361	0.08499345928430557	0.6506003141403198	0.9182792901992798	0.23329080641269684	1.5655239820480347	0.5120015740394592	0.8433013558387756	1.137809157371521	0.42771002650260925	0.4047355055809021	0.42749568819999695	1.0579051971435547	0.3179934024810791	0.6075384616851807	0.016450781375169754	0.4551956355571747	0.2098657339811325	0.9006864428520203	0.24454329907894135	0.3087962567806244	0.31763601303100586	0.806058943271637	0.16370421648025513	0.1327596753835678	0.4618999660015106	0.43166491389274597	0.808239221572876	1.0563467741012573	0.4353327751159668	0.26637041568756104	1.0995512008666992	1.121859073638916	0.38651567697525024	0.21443095803260803	0.9595093131065369	0.4622373878955841	0.3492225110530853	1.067515254020691	0.9599649310112	0.6154776811599731	0.5551780462265015	0.3334489166736603	0.43428856134414673	0.7152277231216431	0.8881970047950745	0.5142568945884705	0.22243288159370422	1.2569642066955566	0.35541093349456787	0.8554025292396545	0.702785074710846	0.1599867343902588	0.5874302983283997	0.5656918287277222	0.5740302205085754	0.48924657702445984	0.5502748489379883	0.54656583070755	0.8425232172012329	0.3795032799243927	0.12879875302314758	0.17296817898750305	0.3732806146144867	0.5359857678413391	0.5930241942405701	0.2877127528190613	0.3057006299495697	0.4288601577281952	0.3529626429080963	0.5074429512023926	0.48260587453842163	0.5090216398239136	0.15715673565864563	0.34878015518188477	0.23639966547489166	0.8275647163391113	0.03375927358865738	0.6039124131202698	0.7976234555244446	1.0699808597564697	0.36987075209617615	0.17979887127876282	0.2019755095243454	0.5353636741638184	0.7167426943778992	0.5001400113105774	0.04670940339565277	0.13975727558135986	0.8847054243087769	0.38922783732414246	0.9986915588378906	1.0950919389724731	0.645227313041687	0.371036559343338	0.6067852973937988	0.5205858945846558	0.20197667181491852	0.07389572262763977	0.7447202205657959	0.5121172666549683	0.8235674500465393	0.1559564173221588	0.3503553867340088	0.32308048009872437	0.335393488407135	0.3554309606552124	0.19227279722690582	0.24445995688438416	0.22273468971252441	1.2674263715744019	0.167343407869339	0.6741107106208801	0.8640813231468201	0.6526529788970947	0.8860610723495483	0.10727554559707642	0.9969694018363953	0.45377135276794434	0.11780248582363129	0.5609804391860962	0.7672871351242065	0.7985614538192749	0.5915884971618652	0.70021653175354	0.6461140513420105	0.4916769564151764	0.6299781799316406	0.03437439352273941	0.5214428305625916	0.9387683272361755	0.5587735176086426	0.3962252140045166	0.43723201751708984	0.3073836863040924	1.1248648166656494	0.356703519821167	0.7524754405021667	0.34699779748916626	0.4973509907722473	0.42934539914131165	1.1222645044326782	0.5690580606460571	0.7257851958274841	0.2305891215801239	0.2420836091041565	0.6276676058769226	0.2951773703098297	0.4630425274372101	0.2932988107204437	0.6307740807533264	0.8095505833625793	0.38197219371795654	0.5150383710861206	0.6733915209770203	0.07118669152259827	0.49466243386268616	0.6673589944839478	0.44975611567497253	0.7253011465072632	0.4179277718067169	0.6164416670799255	0.5404071807861328	0.6750909090042114	0.7339365482330322	0.08734037727117538	0.32582008838653564	0.7445724606513977	0.1262841373682022	1.1626633405685425	0.30519425868988037	0.6916787624359131	0.7360184788703918	0.3577188551425934	1.4327528476715088	0.8278423547744751	0.9792366623878479	0.7986476421356201	0.34127843379974365	0.5695269703865051	0.32175153493881226	0.7954459190368652	0.2811683416366577	1.1163843870162964	0.14116401970386505	0.164739191532135	0.6465791463851929	0.8073691725730896	0.9659417271614075	0.47878211736679077	1.0094869136810303	0.4944201111793518	0.32942742109298706	0.22026322782039642	0.8413763642311096	0.47632017731666565	0.5536506772041321	0.374847412109375	0.13257446885108948	0.4682862460613251	0.7026832103729248	0.376900851726532	0.2900812327861786	1.1652686595916748	0.11347103118896484	0.3279900550842285	0.4031599462032318	0.3604646623134613	0.6644091606140137	0.27517396211624146	0.6396135687828064	0.7522558569908142	0.5033082365989685	0.44127342104911804	1.1092214584350586	0.7271840572357178	0.9260557889938354	0.96107017993927	0.6935375332832336	0.06709887087345123	0.3354641795158386	0.13962742686271667	0.6655747294425964	0.39484667778015137	0.3846697211265564	0.26421716809272766	0.5309874415397644	0.7100180387496948	0.33656924962997437	0.21626606583595276	0.5963616371154785	0.3241747319698334	0.9428013563156128	0.049809981137514114	0.6664336919784546	0.21604594588279724	0.6004246473312378	0.3994758129119873	0.22477339208126068	0.6171784996986389	0.8058940172195435	0.3260260224342346	1.2619919776916504	0.5294179320335388	0.1404065191745758	0.504555344581604	0.12067897617816925	0.20703783631324768	0.4748932421207428	0.15881772339344025	0.5817283987998962	0.8241493105888367	0.7496002912521362	0.06055084243416786	0.5252455472946167	1.0456874370574951	0.47170329093933105	0.28956347703933716	0.7754889726638794	0.3297455608844757	0.43837764859199524	0.7806269526481628	0.24474504590034485	0.6525092720985413	0.09304852038621902	0.826496958732605	0.9440327286720276	0.3311627209186554	1.034960389137268	1.1906602382659912	0.3691737651824951	0.17072385549545288	0.9916259050369263	0.5174716114997864	0.2699652314186096	0.467605322599411	0.09683488309383392	0.321197509765625	1.1547043323516846	0.5274418592453003	1.101306438446045	0.22074589133262634	0.4767830967903137	0.057813286781311035	0.20550930500030518	0.4485013484954834	0.3101547658443451	0.4452859163284302	0.20198926329612732	0.6127398610115051	0.7236970663070679	0.8618688583374023	0.26349371671676636	0.13893374800682068	0.34082096815109253	0.2775779068470001	0.35623466968536377	0.5939304828643799	0.8032822012901306	1.3881324529647827	0.6338428258895874	0.18513862788677216	0.3907065689563751	0.18139348924160004	0.7785096764564514	0.31966307759284973
0.17507396638393402	0.18092256784439087	0.4688750207424164	0.1379467397928238	1.4470003843307495	0.23476719856262207	0.06725630164146423	1.796299934387207	0.4129279553890228	0.2150612771511078	0.22194525599479675	0.5684441328048706	1.2654259204864502	0.7029650211334229	0.37238800525665283	0.8044069409370422	0.24418112635612488	0.5881062150001526	0.5392385721206665	0.399711012840271	0.941001832485199	0.4856994152069092	0.2947787642478943	0.42081066966056824	0.4629341959953308	0.6110496520996094	0.12226563692092896	0.6254118084907532	0.48462337255477905	0.6503211855888367	0.5213285088539124	0.6852534413337708	0.37254226207733154	0.3547917902469635	0.5132441520690918	0.1344631314277649	0.35884934663772583	0.6700303554534912	0.6626425385475159	0.71580570936203	0.7332555055618286	0.014150886796414852	0.3847018778324127	0.4576236307621002	0.2215963453054428	0.6077768802642822	0.3857303261756897	0.4581489562988281	0.4829627573490143	0.8585599660873413	0.8768160939216614	0.5921416282653809	0.6944398880004883	0.7163397669792175	1.2515612840652466	0.32652801275253296	0.35798534750938416	1.4739465713500977	0.38645029067993164	0.07889194041490555	0.08617641776800156	0.7435058951377869	0.1810150295495987	0.6152166128158569	0.48919904232025146	0.4112740755081177	0.7819883823394775	0.3924098014831543	0.11694623529911041	0.7138532400131226	0.22783322632312775	0.42403826117515564	0.6842877864837646	1.1710609197616577	0.376669704914093	0.5099834203720093	1.0103317499160767	0.16548489034175873	0.2622792422771454	0.8695645332336426	1.3477610349655151	0.2766624391078949	0.17304308712482452	0.213551864027977	0.5099811553955078	0.4792380630970001	0.8074097633361816	0.9559869170188904	0.4222344756126404	0.4717354476451874	0.6862303018569946	0.7278627157211304	0.5410317182540894	0.8228651285171509	0.35774198174476624	0.21636468172073364	0.21606631577014923	0.2702183127403259	0.4219241440296173	0.5460764169692993	0.084898941218853	0.5191009640693665	0.23385445773601532	0.8380128741264343	0.3671415150165558	0.16672727465629578	0.6017065048217773	0.27661797404289246	0.8467618227005005	0.9496517181396484	0.6082520484924316	0.5803881883621216	0.42513614892959595	0.580677330493927	0.950364351272583	0.6955673098564148	0.4566727876663208	0.4570380747318268	0.1684114784002304	0.0	1.0315189361572266	0.6445165872573853	0.7503548264503479	0.2634066343307495	1.292789340019226	0.5232662558555603	0.4815352261066437	0.4573602080345154	0.35614776611328125	0.666077733039856	0.33079850673675537	0.3564685583114624	0.25841277837753296	0.5007116794586182	0.4598093330860138	0.3544124960899353	0.672832727432251	0.6384937763214111	0.8242281079292297	0.29270413517951965	0.5295668840408325	0.17880316078662872	0.6215213537216187	0.22305084764957428	1.0106251239776611	1.123033046722412	0.6760365962982178	0.36255791783332825	1.0535441637039185	0.6881514191627502	0.4597287178039551	0.3956267833709717	0.9146785736083984	0.24406130611896515	0.5013861656188965	0.5536743402481079	0.43412914872169495	0.8517568707466125	0.1874212622642517	0.45311909914016724	0.6776772141456604	0.5460825562477112	0.34599658846855164	0.23274362087249756	0.5960437059402466	0.3393983244895935	0.027281392365694046	0.37061432003974915	0.06482461839914322	0.20541895925998688	0.10745571553707123	0.20648500323295593	0.6027187705039978	0.7797259092330933	0.6218764185905457	0.37141692638397217	1.071619987487793	0.8908064961433411	0.20296841859817505	0.2867191433906555	0.4167921543121338	0.08755584061145782	0.516365647315979	0.9404298663139343	0.7603418231010437	0.25704967975616455	0.28750213980674744	0.2656700313091278	0.7346360087394714	0.49573493003845215	0.5681793689727783	0.13302703201770782	1.3966246843338013	0.3277300000190735	0.19730785489082336	0.38708746433258057	0.7364935874938965	0.34882915019989014	0.6586050987243652	0.7812869548797607	0.46849581599235535	0.3352079391479492	0.36960288882255554	0.6025786995887756	0.8646318316459656	0.5322598218917847	0.496762752532959	0.4479012191295624	0.12042178213596344	0.6382147669792175	0.0	0.6439980268478394	0.2674272060394287	0.40350082516670227	0.23996606469154358	0.3118607997894287	0.3249003291130066	0.5332287549972534	0.2684100866317749	0.9279038906097412	0.357643187046051	0.274353563785553	0.30729541182518005	1.0331794023513794	0.2550216615200043	0.5918390154838562	0.6445529460906982	0.7240917086601257	0.5591249465942383	0.2884141504764557	0.7146790027618408	0.6301500797271729	0.39866891503334045	1.053771734237671	1.2535006999969482	0.5542092323303223	0.4894900619983673	0.684691846370697	0.45699697732925415	0.5005505084991455	0.5304597616195679	0.5793911218643188	1.2297717332839966	0.3855634331703186	0.47561684250831604	0.24293118715286255	0.6032716035842896	0.6990712881088257	0.28474897146224976	0.5908607244491577	1.135519027709961	0.9385077357292175	1.0716689825057983	0.3057342767715454	0.5314717888832092	0.7931122779846191	1.0928611755371094	1.3655333518981934	0.9281541705131531	0.23329320549964905	0.31292077898979187	0.7940552234649658	0.41130882501602173	0.5311791896820068	0.7730661034584045	0.4381622076034546	0.5382500886917114	0.19547104835510254	0.4091736674308777	0.9730992317199707	0.5879815816879272	0.5654138922691345	0.8901761174201965	0.23365595936775208	0.13140934705734253	0.6466073989868164	0.5293439626693726	1.28273606300354	0.27154967188835144	0.5983994007110596	0.18777048587799072	1.332831621170044	0.23600102961063385	0.24343536794185638	0.4446864724159241	1.1049931049346924	0.39599284529685974	0.38836848735809326	0.1965605914592743	0.5018812417984009	0.7366386651992798	0.28073179721832275	0.4419366121292114	0.18664942681789398	0.37453749775886536	0.7945935130119324	1.2635799646377563	0.37541013956069946	0.18925493955612183	0.42430558800697327	0.14206084609031677	0.1203434094786644	0.7950555086135864	0.6860442161560059	0.433468222618103	0.14263446629047394	0.3949853777885437	0.271625816822052	0.41727736592292786	1.3953468799591064	0.088435098528862	0.5221058130264282	0.9293726086616516	1.1783771514892578	0.40486928820610046	0.8798341155052185	0.08870357275009155	0.6290660500526428	0.5951722860336304	1.109808087348938	0.2208968698978424	0.1617264300584793	0.5201369524002075	0.10725367814302444	0.9062972664833069	0.34258192777633667	0.5165836811065674	0.29454898834228516	0.7176179885864258	0.631206750869751	0.8586947321891785	0.30919626355171204	0.215285524725914	0.21978522837162018	1.0394291877746582	0.4378804564476013	0.7737576365470886	0.2681964337825775	1.0366116762161255	0.9334733486175537	0.30297204852104187	0.013078241609036922	0.36115562915802	0.5961828827857971	0.24693626165390015	0.37181970477104187	0.7971600294113159	0.5920616984367371	1.2419580221176147	0.2037961781024933	0.7457228899002075	0.2519321143627167	0.499619722366333	1.0120158195495605	0.8205864429473877	0.2765805125236511	0.2497565597295761	0.8330869078636169	0.20668256282806396	0.8819671273231506	0.9341745972633362	0.8112490773200989	0.4536953866481781	0.39568713307380676	0.8634955286979675	0.006805551704019308	0.29795145988464355	1.327797770500183	0.2641986310482025	0.2957175076007843	0.3648841083049774	0.4075290560722351	0.2293628454208374	0.5595461130142212	0.28056657314300537	0.8232799768447876	1.2536821365356445	0.48375779390335083	0.6248992085456848	0.7479545474052429	0.18023446202278137	0.9929186701774597	0.48597514629364014	0.628182053565979	0.29473525285720825	0.30253034830093384	0.6843603849411011	0.30285024642944336	0.4682299792766571	0.34275421500205994	0.37565749883651733	1.1070730686187744	0.31017008423805237	1.2758698463439941	0.22078561782836914	0.5871912240982056	0.9547405242919922	0.4247094988822937	1.1855539083480835	0.9672364592552185	0.2690895199775696	0.44955265522003174	0.4314231276512146	0.502395510673523	0.4868815541267395	0.6968289613723755	0.29095739126205444	0.19231002032756805	0.13480480015277863	0.35549938678741455	0.028927747160196304	0.36774593591690063	0.6250948905944824	0.20956595242023468	0.5744642019271851	0.9715477824211121	0.3238303065299988	0.4931352436542511	0.646165668964386	0.22441241145133972	0.39704805612564087	0.0912720263004303	0.9068964123725891	0.5457555651664734	0.5057883262634277	0.1418517529964447	0.382968544960022	0.9634789824485779	0.5701450705528259	0.5110662579536438	0.2582117021083832	0.006641834042966366	0.7012946605682373	0.6730927228927612	0.738327145576477	0.3459654748439789	0.6830787658691406	0.9168841242790222	0.42148593068122864	0.1507764309644699	1.2411508560180664	0.9141919016838074	1.1206114292144775	0.9903948903083801	0.4087252616882324	0.528311014175415	1.331671953201294	0.703090488910675	0.7365986108779907	1.446513295173645	0.3839572072029114	0.4501672685146332	0.19178050756454468	0.7801522612571716	0.2620282471179962	0.47061342000961304	0.7013168334960938	0.44842714071273804	0.31094732880592346	0.3593600392341614	0.890778660774231	0.6345749497413635	0.23648656904697418	0.09823518991470337	0.16539841890335083	0.19878175854682922	0.2626762390136719	0.39136990904808044	0.24486196041107178	0.3024042546749115	0.7599061727523804	0.5183930397033691	0.6655123829841614	0.403108149766922	0.6217642426490784	0.10956516861915588	1.126657247543335	1.1824027299880981	0.38380348682403564	0.8106619119644165	0.08545506000518799	0.28484082221984863	0.765835165977478	0.37954866886138916	1.127418875694275	0.6509133577346802	0.551665186882019	1.572070837020874	0.7104257941246033	0.5308367609977722	0.4270762503147125	0.48122334480285645	0.808427631855011	0.8759052753448486	0.21842199563980103	0.3263419270515442	0.5876206159591675	0.3322865068912506	0.4606728255748749	0.7068310976028442	0.9510574340820312	0.5134774446487427	0.15583206713199615	0.1437772810459137	0.6417971849441528	0.9773120284080505	0.15390032529830933	0.470552921295166	0.6624191999435425	0.5665296316146851	0.3981715440750122	0.5037409663200378	0.43817874789237976	0.4155857264995575	0.4906694293022156	0.4366438388824463	0.5583301186561584	0.24490951001644135	0.7422417998313904	0.8810144066810608	0.4836941063404083	0.8322175145149231	0.8515104651451111	0.8313730359077454	0.39526355266571045	0.5753735303878784	1.0044097900390625	0.5137595534324646	0.0702449232339859	0.8351525068283081	0.2834765315055847	0.2732101082801819	0.6052829027175903	1.1320527791976929	0.6669836640357971	0.32983607053756714	0.4931291937828064	0.6054694652557373	0.6536640524864197	0.24955259263515472	0.8624847531318665	0.7808858752250671	0.46343135833740234	0.7634892463684082	0.2622271776199341	0.5527632236480713	0.7523829936981201	0.16008448600769043	0.17776842415332794	0.12300629913806915	0.0846594050526619	0.5973540544509888	0.7840201258659363	0.36396971344947815	0.12815147638320923	0.12211556732654572	0.6219781041145325	0.9846634864807129	0.389851450920105	0.7377738952636719	0.6722311973571777	1.128682017326355	0.32268625497817993	0.11025699973106384	0.8699485659599304	0.2625873386859894	0.978758692741394	0.08368057012557983	0.33924201130867004	0.8920011520385742	0.5499518513679504	0.5158495306968689	1.041383147239685	0.270391047000885	0.3687247037887573	0.5722102522850037	0.041377872228622437	0.3487967848777771	0.19535823166370392	0.27012282609939575	0.6768293976783752	0.48273220658302307	0.7718140482902527	0.7776854038238525	0.4483737349510193	0.2454303503036499	0.3939375877380371	0.05710435286164284	0.34772562980651855	0.3377041220664978	0.7435030937194824	0.7235434055328369	0.606681227684021	0.41063547134399414	0.5056853890419006	0.17640334367752075	0.49086666107177734	0.9015236496925354	0.4451405107975006	0.5265027284622192	0.5390830039978027	0.7207551002502441	0.22989681363105774	0.4028971195220947	0.5382859110832214	0.9947934150695801	0.3633997142314911	0.48598602414131165	0.49535396695137024	0.34271949529647827	0.2538886070251465	0.8913768529891968	0.1257350742816925	0.3231557607650757	0.38347959518432617	0.23634719848632812	0.2138087898492813	0.42384499311447144	0.28016579151153564	0.6251243352890015	0.5660606026649475	0.3373136818408966	0.656618058681488	0.9539080262184143	0.44213104248046875	0.3838704824447632	0.09120024740695953	0.955634355545044	0.37440064549446106	0.4845923185348511	0.39025455713272095	0.28475797176361084	0.12114384770393372	0.7868881225585938	0.3599954843521118	0.21951022744178772	0.039715252816677094	0.3521289825439453	0.2506173849105835	0.4847590923309326	1.0172452926635742	0.5655783414840698	0.6406643986701965	0.5715512037277222	1.2043544054031372	0.33642375469207764	0.3245616555213928	0.5715678930282593	0.036123547703027725	0.15300844609737396	0.7112285494804382	0.05520721524953842	0.3140816390514374	0.40115803480148315	0.6403903961181641	0.4888128936290741	0.5699049830436707	0.5481711626052856	0.5751451849937439	0.5555243492126465	0.5046117901802063	0.36786627769470215	0.30299943685531616	0.37431949377059937	1.0722166299819946	0.7604705691337585	1.5899982452392578	0.148329496383667	1.1697754859924316	0.5178177952766418	0.5735669732093811	0.5215708017349243	0.4329639971256256	0.39173394441604614	0.4097374379634857	0.24161957204341888	1.1386170387268066	1.0770084857940674	1.185840368270874	0.3539552092552185	0.784429669380188	0.39432117342948914	0.7328593134880066	0.38915613293647766	0.4699033200740814	0.21785971522331238	0.33980125188827515	0.7339514493942261	0.0445295013487339	0.789271891117096	0.5655290484428406	0.4868467450141907	0.25366172194480896	0.26599520444869995	0.23684896528720856	0.030493933707475662	0.2713717222213745	0.3212774395942688	0.7897353172302246	0.7662931084632874	0.664791464805603	0.8476753234863281	0.1965579092502594	0.1625479906797409	0.16029435396194458	0.33299532532691956	0.6054280996322632	0.4604649543762207	0.15168330073356628	0.1636301875114441	0.7888564467430115	0.3047378957271576	1.272270679473877	0.5512505769729614	0.1518423855304718	0.7504620552062988	0.35659536719322205	0.9269195199012756	0.3403362035751343	0.6080710887908936	0.9447859525680542	0.9439933896064758	0.5595069527626038	0.5953170657157898	0.2791826128959656	0.13987334072589874	0.7095450162887573	0.3979024887084961	0.4712381958961487	0.6012367606163025	0.2513246238231659	0.1356576681137085	0.25322943925857544	1.0802720785140991	0.3886873722076416	0.8103327751159668	0.42586469650268555	0.5708112716674805	0.05460355803370476	0.12770895659923553	0.3457072675228119	1.1694186925888062	0.763972818851471	0.4475945830345154	0.33551090955734253	0.16636158525943756	0.5117704272270203	0.5911760330200195	0.6132270097732544	0.3294105529785156	0.22510655224323273	0.3000205457210541	0.40377652645111084	0.20154006779193878	0.12763020396232605	0.34735429286956787	1.1444637775421143	0.12260124087333679	0.8170263767242432	0.9780901670455933	0.6369522213935852	0.4365125894546509	0.21594436466693878	0.9871012568473816	0.2274669110774994	0.1746005117893219	0.6197127103805542	0.5057888031005859	0.47705695033073425	0.7870221138000488	0.4137569069862366	0.7038612365722656	0.6684517860412598	0.3124866485595703	0.9722748398780823	0.5970916152000427	0.7096403241157532	0.34731584787368774	0.10750676691532135	0.5069785118103027	0.5796827673912048	1.5513871908187866	0.5629444718360901	0.29893651604652405	0.7339591383934021	0.8463512659072876	0.1805749535560608	0.28797653317451477	0.6939427852630615	0.46983802318573	0.9884742498397827	0.5292204022407532	0.3651692569255829	0.6821874380111694	0.5728335380554199	0.6352862119674683	1.7000706195831299	0.4175403118133545	0.202870175242424	0.23474253714084625	0.28624776005744934	0.6981406807899475	0.8848435878753662	1.0456024408340454	0.5615203380584717	0.30194610357284546	1.1596171855926514	0.7752946019172668	0.8852077722549438	0.425566166639328	0.5769315361976624	0.32267332077026367	0.4757225513458252	0.37999093532562256	0.32954874634742737	0.613929033279419	0.7296217679977417	1.1429184675216675	0.41220641136169434	0.5780788660049438	0.38005951046943665	0.4112781882286072	0.3133993148803711	0.4852830767631531	0.7103961706161499	0.981789231300354	0.43187785148620605	0.2348184585571289	0.4677278995513916	0.11868193000555038	0.3416287899017334	0.6630918383598328	0.8202669620513916	1.0758835077285767	0.54286128282547	0.5128443837165833	0.8064004778862	0.3991190791130066	0.5101276636123657	0.7474707961082458	0.49895939230918884	0.20677272975444794	0.489825576543808	0.32672300934791565	0.03872925043106079	0.4246756434440613	0.3083101511001587	1.406463623046875	0.9071862697601318	0.14510834217071533	0.6705378293991089	0.18916356563568115	0.5398493409156799	0.7741786241531372	1.1073648929595947	0.10916924476623535	0.528772234916687	0.2952008545398712	0.6601982116699219	0.7189651131629944	0.3308054804801941	0.19349305331707	0.3796808123588562	0.7247185707092285	0.5787160396575928	0.36808574199676514	0.0262468121945858	0.547107458114624	0.5737763047218323	0.25080835819244385	0.6554442644119263	0.268396258354187	0.48172950744628906	0.21326525509357452	0.51996910572052	0.6316860914230347	0.69526207447052	0.33295249938964844	0.904712438583374	0.2267809808254242	0.9080039262771606	0.8920621871948242	0.7914557456970215	1.0675917863845825	0.2814212739467621	0.49231311678886414	0.43081367015838623	0.44026151299476624	0.3194565176963806	0.07861916720867157	0.36559754610061646	0.5607388019561768	0.38280388712882996	0.30571675300598145	0.3990384638309479	0.8266361951828003	0.18935640156269073	0.9543704986572266	0.4698866605758667	0.011097714304924011	0.07240712642669678	0.4936928153038025	1.2317008972167969	0.5748599171638489	0.3273356258869171	1.074771523475647	0.44417211413383484	0.1460234820842743	0.879155158996582	0.4163844883441925	0.16024796664714813	0.6501649022102356	0.48310646414756775	0.7725692391395569	0.7438191771507263	0.8578374981880188	0.4510301947593689	0.13893307745456696	0.3809051513671875	0.24658434092998505	0.7535452246665955	0.41852182149887085	0.5042276382446289	0.871261715888977	0.7333024740219116	0.35678672790527344	0.37537437677383423	0.41957899928092957	0.6136053204536438	0.2231641262769699	0.9158165454864502	1.4940645694732666	0.39058589935302734	1.4651634693145752	0.491830438375473	0.376760870218277	0.4032447934150696	0.2591111958026886	0.3451217710971832	0.20722851157188416	0.37051284313201904	0.16505904495716095	0.3965160548686981	0.4068059027194977	0.34738990664482117	0.369287371635437	0.5476385354995728	0.7516520023345947	0.9911368489265442	0.3018559217453003	0.24802343547344208	0.5893710851669312	1.1729124784469604	0.3001340925693512	0.4382855296134949	0.709624707698822	1.1086034774780273	0.24479596316814423	0.5826908349990845	0.20245087146759033	0.2159639298915863	0.42961055040359497	0.3191479444503784	0.5823387503623962	0.5634266138076782	0.6604677438735962	0.9055767059326172	0.3040097653865814	1.3539323806762695	0.8212838768959045	0.2997121214866638	0.6085503101348877	0.6292061805725098	0.39429083466529846	0.3743418753147125	0.6372095346450806	0.4590989649295807	1.2305009365081787	0.5934760570526123	0.23918403685092926	1.2376600503921509	0.6736510396003723	0.6119523048400879	0.4415971040725708	0.4259425699710846	0.35898056626319885	0.3823492228984833	0.39547112584114075	1.0214287042617798	0.7832934856414795	0.25525379180908203	0.4525489807128906	0.21352459490299225	0.777484118938446	1.240126609802246	0.2571311593055725	0.9297372698783875	0.7051824927330017	0.602651834487915	0.128727987408638	0.15086404979228973	0.592793881893158	0.7310852408409119	0.5087748765945435	0.5420951247215271	0.5768231153488159	0.6567798852920532	0.255739688873291	0.9567786455154419	0.4439173936843872	0.5058259963989258	0.2945510745048523	0.06200449913740158	0.4035259783267975	0.378587543964386	0.7350890040397644	0.5611128211021423	0.460082471370697	0.36546334624290466	0.5790957808494568	0.12925823032855988	0.9349812269210815	0.3932681977748871	0.33896639943122864	0.5427376627922058	0.2306826263666153	0.3660069704055786	0.7576613426208496	0.7411226630210876	0.8911845088005066	0.7525284290313721	0.7345712780952454	0.9936037659645081	0.192233607172966	0.6460113525390625	0.8683632016181946	0.25498953461647034	1.0376185178756714	0.8544489741325378	0.4640640318393707	0.6187508702278137	0.5238437652587891	0.17373915016651154	0.674338698387146	0.3736383616924286	0.23512797057628632	0.8463200926780701	0.20814886689186096	0.207223579287529	0.6682398319244385	0.31803572177886963	0.8793898224830627	0.5066605806350708	0.2858140170574188	0.2183363437652588	0.1683027595281601	0.8053751587867737	0.29950806498527527	0.5611010193824768	0.21723753213882446	0.40838098526000977	0.6682261228561401	0.5093073844909668	0.14092576503753662	0.4802864193916321	0.8318199515342712	0.17043381929397583	0.15531574189662933	0.23929011821746826	1.0480331182479858	0.01628194749355316	0.4177033603191376	0.7977597713470459	0.3537082076072693	0.2885063588619232	0.3654038906097412	1.0423414707183838	0.4262850284576416	0.5452015995979309	0.3910475969314575	0.12872925400733948	0.30259695649147034	0.5588376522064209	0.7296903133392334	1.1156764030456543	0.541830837726593	0.7807736992835999	1.2877103090286255	0.9458280801773071	0.7554588317871094	0.16887973248958588	1.1466387510299683	0.10310407727956772	0.9067452549934387	0.08384762704372406	0.19636639952659607	0.23285052180290222	0.9722442030906677	0.38659167289733887	0.7079623937606812	0.302767276763916	0.8470804691314697	0.7134339213371277	1.1851767301559448	0.6650540828704834	0.858505129814148	0.06749624013900757	1.1209123134613037	0.7070316672325134	0.7604342103004456	0.6658525466918945	1.0227012634277344	0.36685487627983093	1.3820137977600098	0.3953261971473694	0.07321199029684067	0.4179287850856781	0.3758281171321869	1.1127263307571411	0.7154915928840637	0.47318220138549805	0.49222156405448914	1.0725685358047485	0.2609374523162842	0.23448431491851807	0.43312588334083557	0.40326425433158875	0.15137284994125366	0.6552538275718689	0.10202847421169281	0.3249371349811554	0.8292778134346008	1.2442677021026611	0.5109869241714478	0.3258163332939148	0.5411385893821716	0.0984875038266182	0.39679571986198425	0.3418218791484833	0.7114308476448059	0.22903627157211304	0.365193247795105	0.3094145655632019	1.1693707704544067	0.6411349177360535	0.3013097941875458	0.4490731954574585	0.5397770404815674	0.39684757590293884	0.9046056270599365	0.38221651315689087	0.37111037969589233	0.4819128215312958	0.7270984053611755	0.4125625491142273	0.5087869167327881	0.26305168867111206	1.0831900835037231	0.13680872321128845	0.2749120593070984	1.540622353553772	1.150517463684082	0.27179649472236633	0.2826148271560669	0.6903475522994995	0.5705989003181458	0.6576982736587524	0.4784383177757263	0.8177220821380615	0.4052603244781494	0.6201192140579224	0.9934045672416687	0.27954432368278503	0.18287548422813416	0.8175349831581116	0.13315849006175995	0.2202245146036148	0.4226694405078888	0.7165505886077881	0.9732663631439209	1.174901008605957	0.4253130555152893	0.27334147691726685	0.5968509912490845	0.6475940942764282	0.37550973892211914	0.38355594873428345	0.43457677960395813	0.19817711412906647	1.1158536672592163	1.07008695602417	1.0002928972244263	0.6121274828910828	0.5769987106323242	0.34433645009994507	0.3963712155818939	0.3688599467277527	0.30969634652137756	0.42378297448158264	0.6236627697944641	0.5152559280395508	0.7331669330596924	0.2501564621925354	0.4795280694961548	0.4001944661140442	0.8352752923965454	0.6079663634300232	1.2586033344268799	1.0355165004730225	0.6273542642593384	0.5466386079788208	0.32415539026260376	0.4051274061203003	0.08798850327730179	0.4874596893787384	0.6554710268974304	0.2219471037387848	0.6387446522712708	0.3879465162754059	0.6799114942550659	0.6754764914512634	0.3317369222640991	0.2862177789211273	1.034029483795166	0.5333770513534546	0.9514794945716858	0.4843984842300415	0.7869932651519775	0.7897828221321106	1.0709998607635498	0.40018972754478455	0.16730795800685883	0.3101974129676819	0.16817457973957062	0.754676103591919	0.9649272561073303	0.4848266839981079	1.3107995986938477	0.3484368324279785	1.1095737218856812	1.0254623889923096	0.6425306797027588	0.6276564002037048	0.6023812294006348	1.0200366973876953	0.55410236120224	0.5815110206604004	0.2958831787109375	0.6398325562477112	0.1892576664686203	0.3711143136024475	0.6545368432998657	0.703845739364624	0.2523994743824005	1.1195948123931885	0.3425045907497406	0.23167932033538818	0.5444932579994202	0.6319678425788879	0.1756381243467331	0.2804803252220154	0.6251910328865051	0.2095842957496643	0.2960159182548523	0.42822644114494324	0.25646668672561646	0.2923761010169983	0.9055188894271851	0.192234069108963	0.8543949723243713	0.7439358234405518	0.46728944778442383	0.3814602792263031	0.7554769515991211	0.4986107647418976	0.8165234327316284	0.4679061472415924	1.3372302055358887	0.5529189109802246	0.4571435749530792	0.5684987306594849	0.3110623061656952	1.0189316272735596	0.27079829573631287	0.6692829728126526	0.5956405401229858	0.4601890444755554	0.9247485399246216	0.8346143960952759	1.25101637840271	0.8768435120582581	0.44888684153556824	0.41257643699645996	0.31192874908447266	0.029095735400915146	0.4835491180419922	0.6476984620094299	0.26000359654426575	0.21151815354824066	0.4583435654640198	0.23566114902496338	0.03497692197561264	0.39602115750312805	0.6381409764289856	0.49355438351631165	0.7097068428993225	0.6066581606864929	0.2575890123844147	0.39129990339279175	0.19420939683914185	0.5968445539474487	0.4616760015487671	0.3366585373878479	0.0	0.8064833879470825	0.30873996019363403	0.20969340205192566	0.6019606590270996	0.42095619440078735	1.027504563331604	0.28561168909072876	0.9235981702804565	0.18207058310508728	1.019857406616211	0.36174678802490234	0.324666291475296	0.4139450788497925	0.34274056553840637	0.39505457878112793	0.7732439637184143	0.22178292274475098	0.6303814053535461	0.33036887645721436	0.4899863004684448	0.5982106924057007	0.20818756520748138	0.28123942017555237	1.060557246208191	0.3331121802330017	0.32972848415374756	0.38304510712623596	0.5655309557914734	0.9893012046813965	0.8632593750953674	0.4844161570072174	1.200289249420166	0.9332334995269775	0.6308233737945557	0.08169976621866226	0.5035352110862732	0.6208060383796692	0.3918813467025757	0.2373071312904358	0.17238737642765045	0.46872684359550476	0.44154608249664307	1.1567935943603516	1.1017314195632935	0.9434477090835571	0.4931372106075287	0.3747708201408386	0.49787285923957825	1.1379259824752808	0.20173963904380798	0.5503275394439697	0.6083924770355225	0.5909111499786377	0.06524600088596344	0.41369205713272095	0.39876997470855713	0.3539912700653076	0.6798478960990906	0.892974317073822	0.28384584188461304	0.4614795744419098	0.3468194603919983	0.03987746313214302	0.8292593359947205	0.789176344871521	1.1463128328323364	0.2384282499551773	1.4809714555740356	0.20774000883102417	0.5391432642936707	0.28288957476615906	0.1490439474582672	0.5899224877357483	0.5348231196403503	0.3812865614891052	0.23900172114372253	0.7324218153953552	1.3938939571380615	0.3221580386161804	1.086757779121399	0.6701542139053345	0.5260590314865112	0.1725200116634369	0.18479856848716736	0.5973507165908813	1.084452509880066	0.5290923118591309	0.257252961397171	0.2234802544116974	0.9434577822685242	0.1957559585571289	0.5156974792480469	0.8844520449638367	1.2360079288482666	0.27485787868499756	1.1625800132751465	0.4112255275249481	0.7696875333786011	0.4040295481681824	0.26920804381370544	0.7151340246200562	0.6163771748542786	0.5862891674041748	0.7654570937156677	0.5882762670516968	1.4240238666534424	0.47203487157821655	0.3270338177680969	0.28186899423599243	0.7855437397956848	0.2018079161643982	0.8041234016418457	0.2017657309770584	0.6205268502235413	0.6882463097572327	0.6521276831626892	0.4311681389808655	0.48333442211151123	0.24769651889801025	0.792701244354248	0.6727150678634644	0.3299669623374939	0.34220802783966064	0.811779260635376	0.23732630908489227	0.23085026443004608	1.0597119331359863	0.6378473043441772	1.245863676071167	0.5563434362411499	0.14742548763751984	0.25490710139274597	0.7669584155082703	0.6476156115531921	0.06577467173337936	0.2350468784570694	0.5447880625724792	0.36025893688201904	0.7204850912094116	0.8248423337936401	0.3366337716579437	0.07760466635227203	0.43191421031951904	0.7208704352378845	1.1250077486038208	0.5990802645683289	1.0432862043380737	0.6432079672813416	0.03252489119768143	0.23232655227184296	0.49400487542152405	0.43395179510116577	0.3890213966369629	0.6163402199745178	0.4018770754337311	1.326573371887207	0.543846070766449	0.16004498302936554	0.5172527432441711	0.983633816242218	0.07083463668823242	0.43125832080841064	0.5102792382240295	0.5244618058204651	0.3154247999191284	0.22699572145938873	0.8640564680099487	0.20401659607887268	0.286691814661026	1.27458655834198	0.20385506749153137	0.30367153882980347	0.06422297656536102	0.3999801576137543	0.4441511034965515	0.8917504549026489	0.635578453540802	0.08857152611017227	0.41203591227531433	0.1721167415380478	0.8420464992523193	0.3111628592014313	0.4701327085494995	0.7742645144462585	0.8693981170654297	0.7471678256988525	0.572286069393158	0.19323301315307617	0.3636093735694885	0.2588112950325012	0.21254798769950867	0.9046011567115784	0.14701524376869202	0.19142849743366241	0.16426318883895874	0.14374761283397675	0.22810177505016327	0.7136716842651367	0.4797336161136627	0.7329164147377014	0.34944310784339905	0.7295116186141968	0.7510626912117004	0.43448758125305176	0.4588838815689087	0.44847574830055237	0.5479017496109009	0.5434351563453674	0.1238526925444603	0.4786226749420166	0.2933279573917389	0.3906261920928955	0.7120603322982788	0.9813140630722046	0.709157407283783	0.29022765159606934	0.7760213613510132	0.5268735885620117	0.7008838653564453	0.5733554363250732	0.43109679222106934	0.48207709193229675	0.2820674479007721	0.24562597274780273	0.5586466193199158	0.21739743649959564	0.3565007746219635	0.3126734793186188	0.5170472264289856	0.3574146628379822	1.0314117670059204	0.6876600384712219	0.5237875580787659	0.9814968705177307	0.27909085154533386	0.45466113090515137	0.5130434632301331	0.2920423150062561	0.2275417447090149	0.2475428730249405	0.7463130950927734	0.846113383769989	0.13464781641960144	0.6449959874153137	0.9241293668746948	0.4414254426956177	0.3185373842716217	0.8211280107498169	0.44458436965942383	0.8418598771095276	0.4130384922027588	0.31515735387802124	0.7857118248939514	0.37410968542099	0.8683416843414307	0.23708826303482056	0.4096967279911041	0.832331120967865	0.3058742582798004	0.7133040428161621	0.05305417999625206	0.33591100573539734	0.48078852891921997	1.0054525136947632	0.5108243227005005	0.13620473444461823	0.5200703740119934	0.22447969019412994	0.17934823036193848	0.47824782133102417	0.17751555144786835	1.1666606664657593	0.8879987001419067	0.8462228178977966	1.3707140684127808	0.3292732834815979	0.5000019669532776	0.6531927585601807	0.5886499881744385	1.0286905765533447	0.42048466205596924	0.6269900798797607	0.31043562293052673	0.6302430033683777	0.6371267437934875	0.2922841012477875	0.7264588475227356	0.5842628479003906	0.8735202550888062	0.48328614234924316	0.17824657261371613	0.35193198919296265	0.40344446897506714	0.17911197245121002	0.2244391143321991	0.2766017019748688	0.4543074369430542	0.4807721674442291	0.2553498148918152	0.26472973823547363	0.58660888671875	0.4906975328922272	0.745937705039978	0.5294026732444763	0.43719595670700073	0.4675601124763489	0.19365622103214264	0.8132054209709167	0.6901214718818665	0.4092087149620056	0.8619343042373657	0.5940554738044739	0.2851904332637787	0.19923868775367737	0.37514352798461914	0.5496521592140198	0.26802554726600647	0.3499928116798401	0.8424961566925049	0.47330358624458313	0.7053868174552917	0.4904175102710724	0.33989018201828003	0.4615052044391632	0.6335946917533875	0.7564917206764221	0.5656081438064575	0.1706361025571823	0.42548424005508423	0.3583550751209259	0.17040124535560608	0.6019412279129028	0.2518846392631531	0.3790013790130615	0.7510724067687988	0.42444363236427307	0.3237491250038147	0.06258176267147064	0.4037860035896301	0.5701443552970886	0.17998388409614563	0.47719764709472656	0.844080924987793	0.5674379467964172	1.338523030281067	0.3224475383758545	0.3864150643348694	0.43540459871292114	0.199085533618927	0.3186453878879547	0.46060606837272644	0.7604274153709412	0.9508408904075623	0.0602797232568264	0.1810402274131775	0.37964826822280884	0.5987464785575867	0.14948546886444092	0.28518742322921753	0.9997002482414246	0.2962166368961334	0.8944734930992126	1.1386911869049072	0.2961300015449524	0.40881797671318054	0.3646908104419708	0.7864887714385986	0.6289637088775635	0.20732653141021729	0.19423775374889374	0.4288204610347748	0.389311820268631	0.1535644680261612	0.4684448838233948	0.9126037955284119	0.5785627961158752	0.992082953453064	0.32166120409965515	0.6240297555923462	0.5308928489685059	0.12757395207881927	0.10389979183673859	0.8261065483093262	0.6249331831932068	0.8784573674201965	0.0	0.745623767375946	0.2732369601726532	0.39777857065200806	0.3126913607120514	0.20734655857086182	0.41991859674453735	1.2007673978805542	0.9528762698173523	0.3107748031616211	0.3473331928253174	0.43992751836776733	0.09528087079524994	0.5609142184257507	0.37204745411872864	0.36771565675735474	0.36472976207733154	0.6170384883880615	0.8050678968429565	1.2216366529464722	0.5059074759483337	0.8049144148826599	0.34664005041122437	0.37214916944503784	1.4550598859786987	0.1637207567691803	0.2253020703792572	0.6813768744468689	0.23947495222091675	0.41367578506469727	0.8398407697677612	0.8517415523529053	0.3005763590335846	0.4835819602012634	0.5715134739875793	0.25489553809165955	0.27973902225494385	0.5961122512817383	0.09493254870176315	0.15420116484165192	0.14671564102172852	0.38020163774490356	0.11689911782741547	0.8230047821998596	0.1296602189540863	0.7030776143074036	0.09959914535284042	0.1792934089899063	1.0687788724899292	0.5882582068443298	0.4555305540561676	0.05385085940361023	1.0766079425811768	1.0614455938339233	0.47657254338264465	0.7636902332305908	0.2435266673564911	0.9871262311935425	0.03640352934598923	0.45880448818206787	0.16446098685264587	0.51149982213974	0.8028109073638916	0.44174888730049133	0.5494991540908813	0.546607494354248	0.4749862849712372	0.795864999294281	0.28541985154151917	0.3259889781475067	0.33239734172821045	0.13161425292491913	0.4902461767196655	0.3207073509693146	0.5867869853973389	0.29782745242118835	0.5620220899581909	0.3696362376213074	0.15177522599697113	0.14176732301712036	0.27575209736824036	0.44120797514915466	0.5933066010475159	0.6108474731445312	0.6388530135154724	0.305285781621933	0.31947341561317444	0.3575505316257477	0.29670214653015137	0.26580339670181274	0.2781633138656616	0.3070206940174103	0.4799234867095947	0.9906566739082336	0.5400015115737915	0.24222713708877563	0.6959373950958252	0.6979398131370544	0.825866162776947	0.2529093325138092	0.8416557312011719	0.4618206024169922	0.2588953375816345	0.5728239417076111	1.2390308380126953	0.49974697828292847	0.2504956126213074	1.1103568077087402	0.5980066061019897	0.7156411409378052	0.4147101640701294	0.2227058708667755	0.34397247433662415	0.6749681830406189	0.8717089295387268	0.43944013118743896	0.2571079134941101	0.45025041699409485	0.3322594463825226	0.8330811262130737	0.24931055307388306	0.6627886891365051	0.721691370010376	0.8247489929199219	0.3974437415599823	0.2985057234764099	0.35719698667526245	0.2555205523967743	0.6968834400177002	0.2949165403842926	1.1494663953781128	1.3258997201919556	1.2051546573638916	0.5389409065246582	0.04588423669338226	0.7331221103668213	0.6337745785713196	0.7427201271057129	0.5412694215774536	0.43855178356170654	0.7487433552742004	0.18901032209396362	0.425854355096817	0.6494460105895996	0.6411775350570679	1.2891641855239868	0.30855125188827515	0.35154685378074646	0.6526066660881042	0.4214836657047272	0.5925201177597046	0.5345604419708252	0.26730936765670776	0.19012123346328735	0.4141780436038971	0.6864932775497437	1.0353132486343384	0.3316391408443451	1.0257905721664429	1.6516976356506348	0.347829133272171	0.33486226201057434	0.31893959641456604	0.3955051302909851	0.5554487705230713	0.6761740446090698	0.5371476411819458	0.31253963708877563	0.3969388008117676	0.010638086125254631	0.550518274307251	0.2606775164604187	0.5080153942108154	0.16747762262821198	0.42057979106903076	0.8485857844352722	0.29757025837898254	0.48020488023757935	0.8482103943824768	0.40190619230270386	0.3706529140472412	0.8710551261901855	0.21602872014045715	0.3611449599266052	0.40118300914764404	0.5609102249145508	0.4426034092903137	0.3018609583377838	0.5292574167251587	0.29836151003837585	0.5023218989372253	0.7183295488357544	0.5235787630081177	0.7420365810394287	0.0	0.7244711518287659	0.7830933332443237	0.06156511604785919	0.25531506538391113	0.6723512411117554	0.7575604319572449	0.29219669103622437	0.8711877465248108	0.4144335687160492	0.10730797052383423	0.5246784687042236	0.7353087663650513	0.4949568808078766	0.9195771813392639	0.4561311602592468	0.13374334573745728	0.7361257076263428	0.6357791423797607	0.23717698454856873	0.038390886038541794	0.6187077164649963	0.17148438096046448	0.3884623050689697	1.0110855102539062	0.36100777983665466	0.4529266059398651	0.7758873105049133	0.5705279111862183	0.4216347932815552	0.5646964311599731	0.7704166173934937	0.3037661910057068	0.58078932762146	0.2617349624633789	0.8877171277999878	0.4797246754169464	0.12247560173273087	0.18514008820056915	0.8572127819061279	0.4595499038696289	0.3273712992668152	0.3681357204914093	0.7665597796440125	0.39920005202293396	0.9834853410720825	0.8742848634719849	0.5581938028335571	0.1869385540485382	0.17777229845523834	0.5232717394828796	0.2925536632537842	0.7541524767875671	0.8888417482376099	0.22306394577026367	0.8392572999000549	0.2990935146808624	0.38229578733444214	0.3628849983215332	0.37990802526474	0.5307329893112183	0.3749934732913971	0.13355940580368042	0.8476492762565613	0.1657494753599167	0.7203933596611023	0.675204336643219	0.26948732137680054	1.1040313243865967	0.6087964773178101	0.0744435116648674	0.7714529633522034	0.9354469180107117	0.17983296513557434	0.07634346932172775	0.3765273988246918	0.09344302117824554	0.35144487023353577	0.4435173571109772	0.348238468170166	1.7377362251281738	0.37159258127212524	0.2289419025182724	0.16759073734283447	0.354938268661499	0.37809306383132935	0.5354383587837219	0.8226094245910645	0.26057159900665283	0.5661036372184753	0.2632010877132416	1.1393905878067017	0.8420163989067078	0.421381413936615	0.007298716809600592	0.3318900167942047	0.11382623016834259	0.38941219449043274	0.5271915197372437	0.8508508205413818	0.41190552711486816	0.45889583230018616	0.4521578848361969	0.6983655095100403	0.9852595329284668	0.30763667821884155	0.9096873998641968	0.236774280667305	0.15834738314151764	0.3352193236351013	0.5154030323028564	0.18971450626850128	0.27888667583465576	0.37698614597320557	0.4502412676811218	0.7356576323509216	0.5490477085113525	0.6053186655044556	0.29095402359962463	0.7246971130371094	0.2101990431547165	0.4310772120952606	0.33705341815948486	0.576573371887207	0.9775451421737671	0.556970477104187	0.39504730701446533	0.11898457258939743	0.47459468245506287	0.714672327041626	0.3275643289089203	0.7910382747650146	0.15671871602535248	0.33057481050491333	0.5240287184715271	0.5936033129692078	0.7882516980171204	0.5661693215370178	1.1926264762878418	0.15604622662067413	0.3968045115470886	0.23929399251937866	0.6187387704849243	0.5815924406051636	0.7549070119857788	0.39930516481399536	0.8801608085632324	0.41383984684944153	0.07839929312467575	0.17338165640830994	0.6802396774291992	0.5685235261917114	0.25369659066200256	0.8330379128456116	0.41853076219558716
0.5237438082695007	0.38924506306648254	0.5692394971847534	1.283598780632019	0.0	0.27195021510124207	0.07050815224647522	0.32524579763412476	0.9251036047935486	0.33301055431365967	0.9430217742919922	0.7029491662979126	0.7820329666137695	0.2581421136856079	0.09220518171787262	0.5902389287948608	1.0202597379684448	0.1308162361383438	0.7527726292610168	0.5596433877944946	0.5067052841186523	0.25219056010246277	0.0761605054140091	0.11795777082443237	0.47918248176574707	0.2621437907218933	0.4982864260673523	0.9645706415176392	0.5166864991188049	0.3418066203594208	1.0325324535369873	0.4840129613876343	0.02499568834900856	0.6556568741798401	0.5557392239570618	0.40347719192504883	0.49217575788497925	0.4533033072948456	0.30749160051345825	0.046394363045692444	0.5638934373855591	0.24562335014343262	0.34218645095825195	0.4299321174621582	0.36877959966659546	0.8832969069480896	0.2091590166091919	0.8892356753349304	0.7264856696128845	1.130224585533142	0.257244348526001	0.46619296073913574	0.22832809388637543	0.7772629261016846	0.49616318941116333	0.21855449676513672	0.8852753043174744	1.1086170673370361	0.3471974730491638	0.5853183269500732	0.3015192151069641	1.110586404800415	0.6839165687561035	0.4428231716156006	0.6463333368301392	0.3679880201816559	1.1683017015457153	0.7750502824783325	0.09779228270053864	1.1337002515792847	0.21719613671302795	0.21058496832847595	1.3295412063598633	1.3497861623764038	0.47365108132362366	0.505465030670166	0.9874604344367981	0.5655046105384827	0.9991763234138489	1.4031494855880737	1.403022289276123	0.3734023869037628	0.49319013953208923	0.341966450214386	0.7028261423110962	0.5034464597702026	0.6759512424468994	1.1469160318374634	0.4838181436061859	0.4057416617870331	0.11363349109888077	0.5378665924072266	0.30304303765296936	0.6787521243095398	0.21879401803016663	1.0116078853607178	0.23831160366535187	0.3950217068195343	0.22848215699195862	0.6942408680915833	0.8602417707443237	1.2418992519378662	0.2840966284275055	0.9002832174301147	0.7213422060012817	0.624760627746582	0.20335058867931366	1.298878788948059	0.1689709722995758	0.6527592539787292	0.7093950510025024	1.1872122287750244	1.0668983459472656	0.565790057182312	0.9137779474258423	0.4192712604999542	0.5260401368141174	0.07043132185935974	1.2358578443527222	0.16499567031860352	0.8387246131896973	0.4194088578224182	1.082484245300293	0.9463842511177063	1.3637044429779053	0.4651370644569397	0.15950243175029755	0.4343399405479431	0.817683219909668	0.5733777284622192	0.39680546522140503	0.8307300806045532	0.3751875162124634	0.41556739807128906	0.34074777364730835	0.3730902671813965	0.4734419286251068	0.7316349148750305	0.7385239601135254	0.3312341570854187	0.24450859427452087	0.4262741804122925	0.0	0.4670371413230896	0.9895414710044861	0.3618633449077606	0.7425411939620972	0.11676560342311859	0.015522956848144531	0.573211133480072	0.5710346102714539	0.34224051237106323	1.0118005275726318	0.47648459672927856	0.24238425493240356	0.6029107570648193	0.2432573437690735	0.06862064450979233	0.1565762758255005	0.3334594666957855	0.8819003105163574	1.002233624458313	0.6609581112861633	0.35915473103523254	0.2490684986114502	1.1289830207824707	0.9021666049957275	0.32914993166923523	0.08581273257732391	0.015602003782987595	0.45953214168548584	0.25256970524787903	0.35752156376838684	0.5047830939292908	0.28251075744628906	0.36362582445144653	0.25455060601234436	1.0587506294250488	0.728440523147583	0.3568710386753082	0.3454664349555969	0.2912612855434418	0.5546006560325623	0.7220407128334045	0.5655993223190308	0.23324206471443176	0.44701236486434937	0.1095055639743805	0.7796509861946106	0.6253796815872192	0.5044565200805664	0.20061732828617096	0.6111581325531006	0.8624840378761292	0.39268383383750916	1.2709383964538574	0.031452372670173645	0.17549677193164825	0.009905053302645683	0.4165142774581909	0.5884139537811279	0.05494672432541847	0.1657264232635498	0.3859075903892517	1.2238495349884033	0.36657285690307617	0.36891546845436096	0.6437418460845947	0.026659000664949417	0.38530993461608887	0.012555784545838833	0.31112226843833923	0.5075886845588684	0.8208803534507751	0.4528597295284271	0.2685232162475586	0.6739997863769531	0.7622638940811157	0.4527711272239685	0.10725371539592743	0.6026483178138733	0.2603550851345062	0.5323902368545532	0.05482364445924759	0.3698381185531616	0.3890514671802521	0.47886431217193604	0.3839656412601471	0.411691814661026	0.8933482766151428	0.32972773909568787	0.46135106682777405	0.3056644797325134	0.08884657919406891	0.6408224701881409	0.936181902885437	0.2539309561252594	0.0903233140707016	0.017777293920516968	0.17609719932079315	0.4989427924156189	0.5765572786331177	0.14265726506710052	0.3320521414279938	0.6632133722305298	0.7808780670166016	1.0978004932403564	0.45816710591316223	0.1793411374092102	0.698756217956543	0.5225354433059692	0.12411441653966904	1.2195638418197632	0.005800348706543446	0.1113172248005867	0.8099699020385742	1.2961574792861938	1.163434386253357	0.12044117599725723	0.3785698711872101	1.3041363954544067	0.7035895586013794	0.5003002882003784	0.5101611614227295	0.0032329652458429337	0.2868503928184509	1.0743588209152222	0.34333449602127075	0.4431387782096863	0.2635406255722046	0.2656750977039337	0.49132561683654785	0.01535165123641491	0.4522196650505066	0.8685126304626465	0.36754193902015686	0.5484424829483032	1.1411727666854858	0.473317950963974	0.08727335184812546	0.549024224281311	0.928541362285614	0.704123318195343	0.22289429605007172	0.7752059102058411	1.1997311115264893	0.3080046474933624	0.3322608172893524	1.1849358081817627	0.8833865523338318	0.7258557677268982	0.4366815686225891	0.25801900029182434	0.713623583316803	0.3347346782684326	0.061679594218730927	1.2426620721817017	0.5755504369735718	0.5526360869407654	0.3058861792087555	0.047460898756980896	0.16557468473911285	0.17696954309940338	0.7619467973709106	0.8992229104042053	0.12377766519784927	1.1272379159927368	0.15512266755104065	0.4537750482559204	0.5223902463912964	0.10515951365232468	0.4118296802043915	0.712638258934021	1.0670033693313599	0.9137442708015442	0.08051814883947372	0.3506084978580475	0.13809657096862793	0.3509577214717865	0.0	0.3277336657047272	0.38928961753845215	0.2962380349636078	0.3549530804157257	0.37633422017097473	0.6662802696228027	0.4539243280887604	1.2050034999847412	0.7155994772911072	0.21300379931926727	1.0797322988510132	0.4385160505771637	0.25966769456863403	0.2473425269126892	0.23497799038887024	0.7896643877029419	0.4945566952228546	0.008368052542209625	0.7204076051712036	0.2409307062625885	0.1762530654668808	0.7370622754096985	0.3225492537021637	0.7085364460945129	0.519252359867096	0.3479005992412567	0.7167418599128723	0.4885271191596985	0.10104034841060638	0.3934277296066284	0.8376280069351196	0.9550466537475586	0.49590227007865906	0.6441053152084351	1.0164084434509277	0.3108424246311188	0.6163893342018127	0.4254092574119568	0.24119797348976135	0.9112878441810608	0.16451998054981232	0.8201344609260559	0.3973308205604553	0.48642730712890625	0.6521204710006714	0.2314077913761139	0.7980379462242126	1.2925859689712524	0.6391125321388245	0.33029937744140625	0.27306362986564636	0.43881848454475403	0.5563352108001709	0.8108370900154114	0.5672636032104492	0.54488605260849	0.03859255462884903	0.35030776262283325	0.04085943102836609	0.8471009135246277	0.21682938933372498	0.7731329798698425	0.5594897270202637	0.28360694646835327	0.4345078468322754	0.4934993088245392	0.6427167057991028	0.3586678206920624	0.08631446957588196	0.21645623445510864	0.6485433578491211	0.5254443883895874	0.030688567087054253	0.04519914090633392	0.863825798034668	0.44916611909866333	0.29430732131004333	0.299593061208725	0.8586564660072327	0.5853036642074585	0.6869998574256897	0.5686075091362	0.42112141847610474	0.6988970041275024	0.4069116711616516	0.7472030520439148	0.7879694700241089	0.23111772537231445	0.30750006437301636	0.34539151191711426	0.36418288946151733	0.03096131794154644	1.0339802503585815	0.20193137228488922	0.3685084581375122	0.8285914659500122	0.6450962424278259	1.1480045318603516	0.6820136904716492	0.0	0.6321951150894165	0.9371208548545837	0.6785904169082642	0.3281184732913971	0.5789380073547363	0.37223371863365173	0.6606468558311462	1.0768156051635742	0.40764468908309937	0.7259607315063477	0.9208002686500549	0.6727224588394165	0.5824090838432312	0.3780885934829712	0.6311420798301697	0.4160063862800598	0.5703713893890381	0.39330410957336426	0.6208882331848145	0.5998646020889282	0.9097447395324707	0.9764937162399292	1.4152356386184692	0.7315880656242371	0.29496896266937256	0.4398207664489746	0.0	0.7400767207145691	0.4256746470928192	0.3183521330356598	0.5484186410903931	0.2989818751811981	0.08254417777061462	0.5847488641738892	0.2223414033651352	0.2694147229194641	0.03917483985424042	0.6315653324127197	0.033717669546604156	0.9562856554985046	0.25645434856414795	0.41448426246643066	0.34350016713142395	1.0662730932235718	0.9733470678329468	0.3235079348087311	0.8664197325706482	0.5264934301376343	0.06530536711215973	0.13571910560131073	0.7578274607658386	0.3837149441242218	0.5668747425079346	0.4996890425682068	0.12857887148857117	0.1919153928756714	0.9042016863822937	1.1225404739379883	0.2981121242046356	0.29942935705184937	0.5351369976997375	0.19591224193572998	1.1267039775848389	1.0651288032531738	0.1094055101275444	1.3262765407562256	0.5029391646385193	1.426647424697876	0.6092215776443481	0.49964749813079834	0.3759681284427643	0.22238628566265106	1.0587947368621826	0.7183332443237305	0.5339507460594177	0.6544454097747803	0.5623894333839417	0.42157137393951416	0.21881988644599915	0.3130195736885071	0.25404155254364014	0.36122801899909973	0.041020698845386505	0.5271196961402893	0.5082769989967346	0.18583554029464722	1.0600945949554443	0.18880897760391235	0.6237053871154785	0.3794700503349304	0.4377550184726715	0.4987572729587555	0.15955287218093872	0.7550601363182068	0.38451170921325684	0.29370856285095215	0.23633462190628052	0.6452468633651733	0.2753883898258209	0.7917386889457703	0.5052646994590759	1.3037091493606567	0.3122962713241577	0.20450405776500702	0.24829897284507751	0.3090496361255646	0.14781536161899567	0.7545601725578308	0.035153571516275406	0.2780799865722656	0.7652609944343567	0.29510509967803955	0.8980029225349426	0.9853149652481079	0.4363202154636383	0.18639406561851501	0.46620070934295654	0.9300335049629211	0.3521222770214081	0.3018246293067932	0.44426608085632324	1.0119332075119019	1.0044605731964111	0.33778682351112366	0.41045424342155457	0.8510722517967224	0.9437865018844604	0.33251941204071045	0.016057424247264862	0.04485691711306572	0.6001794338226318	0.6928898692131042	0.3549979329109192	0.3115154206752777	0.6173412799835205	0.40022948384284973	0.7674715518951416	0.7233066558837891	0.7651251554489136	0.31024208664894104	0.5070316791534424	0.45568081736564636	0.6094452738761902	0.11268672347068787	0.6283898949623108	0.3419916033744812	0.6874728202819824	0.13813140988349915	0.32115262746810913	0.28422608971595764	0.019767478108406067	1.442741870880127	0.7882770895957947	0.6413374543190002	0.7869957685470581	0.31529292464256287	0.08320185542106628	0.29399585723876953	0.3207988142967224	0.3449867367744446	0.8095566034317017	0.758032500743866	0.72611403465271	0.6644256114959717	0.41043412685394287	0.5902765393257141	0.25172916054725647	0.6182836294174194	0.020594168454408646	0.3528318405151367	0.6023757457733154	0.7593817710876465	0.654100239276886	0.17451798915863037	0.9107755422592163	0.11690057814121246	0.7405754923820496	0.49201589822769165	0.5267338752746582	0.5883500576019287	0.2947351336479187	1.6323647499084473	0.2923780083656311	0.72264564037323	0.9317700862884521	1.0702641010284424	0.09192699193954468	0.7365183234214783	0.9460957050323486	0.7117712497711182	0.1482764333486557	0.559080958366394	0.5708601474761963	0.17228230834007263	0.49796777963638306	0.43793490529060364	0.16503117978572845	0.2671060264110565	0.6536876559257507	0.22263142466545105	0.315694123506546	0.34414753317832947	0.4121643602848053	0.7392676472663879	0.34711581468582153	0.2903258800506592	1.0260289907455444	0.8494576811790466	0.31312936544418335	0.5898419618606567	0.41109371185302734	0.18308529257774353	0.15574677288532257	1.3390885591506958	0.15511271357536316	0.2423856407403946	0.9475443363189697	0.8173410892486572	0.14460812509059906	0.39033883810043335	0.7031041383743286	0.38782745599746704	0.4282371699810028	0.483892023563385	0.623624324798584	0.1772747039794922	0.3651639521121979	0.7333441972732544	0.5957249402999878	1.572501540184021	0.5799641609191895	0.5772004723548889	0.25273099541664124	0.40045613050460815	0.28131169080734253	0.40761440992355347	0.10382100939750671	0.29293763637542725	0.4449933171272278	0.5959784984588623	0.6975754499435425	0.922764003276825	0.4352775812149048	0.8465495109558105	0.27232903242111206	0.5188798904418945	0.6703178882598877	0.68744957447052	0.059134237468242645	0.4193100929260254	0.6966773867607117	0.4204642176628113	0.4700605869293213	1.345589280128479	0.2638181149959564	0.0	1.545900821685791	0.14011022448539734	1.0010418891906738	0.2854003608226776	0.3972977101802826	0.5297425389289856	0.4978296756744385	0.4075602889060974	0.2855586111545563	0.4242984354496002	0.7074707746505737	0.6150082945823669	1.120564341545105	0.38102638721466064	0.19825291633605957	0.5260382294654846	1.0134055614471436	0.5757609605789185	0.21034544706344604	0.3379732072353363	0.37141624093055725	0.4067719280719757	0.35264670848846436	0.6651998162269592	0.4131838083267212	0.6298576593399048	0.8290438055992126	0.38834911584854126	0.46366050839424133	0.16902796924114227	0.08034680783748627	0.6515045166015625	0.5274414420127869	0.817571222782135	0.010888898745179176	0.690102756023407	0.6973142623901367	0.7397487759590149	0.3405693471431732	0.6075932383537292	1.302281379699707	0.9681946635246277	0.470409095287323	0.6827635169029236	0.6442930102348328	0.7336273193359375	0.8200457692146301	0.5634838342666626	0.6823375225067139	0.1353089064359665	0.6041476726531982	1.1488903760910034	0.8897014260292053	0.4970015585422516	0.39116156101226807	0.0005110609345138073	0.4252481758594513	0.9028339982032776	0.6654074788093567	0.22582189738750458	0.4174198508262634	0.0	0.12492752820253372	0.28902557492256165	0.5778414011001587	0.8471890687942505	0.2627597153186798	0.2042078673839569	0.3537690043449402	0.28183266520500183	0.4720593988895416	0.6832422018051147	0.74753338098526	1.116573691368103	0.6962115168571472	0.15852373838424683	0.4328615963459015	0.0937507227063179	0.27441006898880005	0.2323950231075287	0.916074275970459	0.36693793535232544	0.290232390165329	0.8655750155448914	0.4308047890663147	0.2091473639011383	0.1251990795135498	0.843681275844574	0.24076694250106812	0.27781912684440613	0.8179238438606262	0.46295395493507385	0.4276125431060791	0.4912065267562866	0.2552635073661804	0.08819557726383209	0.7505049109458923	0.40453019738197327	0.635381817817688	1.1207691431045532	0.6694879531860352	0.3096100687980652	0.1561611294746399	0.31158652901649475	0.7103158831596375	0.5226297378540039	0.8809013366699219	0.5167416334152222	0.6628108024597168	0.8061171770095825	0.361163467168808	0.5694097280502319	0.6529844999313354	0.40563902258872986	0.0872345119714737	0.5761123895645142	0.4252672791481018	0.5248797535896301	0.42822954058647156	0.2342076152563095	1.6693856716156006	0.6076673865318298	0.16080285608768463	0.06227214261889458	0.43941646814346313	0.38428327441215515	0.10143084079027176	0.9230073690414429	0.5467641949653625	0.9594282507896423	1.075480341911316	0.17057982087135315	0.12094207108020782	0.2475026547908783	0.880102276802063	0.5569013953208923	0.5255475044250488	0.35991793870925903	0.55982506275177	0.26587963104248047	0.8512897491455078	0.17075617611408234	0.04650399833917618	0.2597333490848541	0.455978661775589	0.37964391708374023	0.3990198075771332	0.9504825472831726	0.5055465698242188	0.3242224454879761	0.7349804043769836	0.35642486810684204	0.020541245117783546	0.22805015742778778	0.5608571767807007	0.3380424380302429	1.1216710805892944	0.5299116373062134	0.47366875410079956	0.16350753605365753	0.8320703506469727	0.43735361099243164	0.8161193132400513	0.8596379160881042	0.5262677669525146	0.3676500916481018	0.08582042157649994	0.15789854526519775	0.007332839071750641	0.6088027954101562	0.22327172756195068	0.17166976630687714	0.8090425729751587	0.8325260877609253	0.3999260365962982	0.40810707211494446	0.7060557007789612	0.31115439534187317	0.6899035573005676	0.32628729939460754	0.31279319524765015	0.9826613664627075	0.662601113319397	0.2575056552886963	0.33089005947113037	0.3012818396091461	0.12800991535186768	1.0103211402893066	0.5523369312286377	0.4798066318035126	0.7208655476570129	0.46732887625694275	0.28297361731529236	0.589289665222168	0.43928438425064087	0.825140655040741	0.4351535439491272	0.864366352558136	0.6966649889945984	0.4382404685020447	0.6250120997428894	0.6161600947380066	0.40360912680625916	0.3408015966415405	0.42716172337532043	0.37219515442848206	0.3607146441936493	0.9978767037391663	0.4835960865020752	1.0175193548202515	0.5485524535179138	0.2775765657424927	0.4140685498714447	0.21521207690238953	0.6523666977882385	0.5063072443008423	0.1663779318332672	0.3662149906158447	0.35807135701179504	0.7316445708274841	0.21813525259494781	0.5439428091049194	0.4110240936279297	0.9123634696006775	1.3640638589859009	0.41853898763656616	1.845454454421997	0.7928681969642639	0.7565991878509521	0.40821704268455505	0.4387775659561157	0.7161930203437805	0.6627987623214722	0.2626155614852905	0.05299549549818039	0.8721579909324646	0.33491113781929016	0.6203565001487732	0.9929111003875732	0.3223845958709717	0.6405618786811829	0.05850861221551895	0.3289283812046051	0.6654952168464661	0.2978898584842682	0.07432221621274948	0.0	0.16741091012954712	0.6016661524772644	0.5518783926963806	0.270618200302124	1.104573369026184	0.5989775657653809	1.098402976989746	0.598334789276123	0.006765769794583321	0.4050145745277405	0.3708244264125824	0.3690507411956787	0.41169172525405884	0.3379145860671997	0.5515129566192627	0.28775331377983093	0.3613928556442261	0.2640794813632965	0.48412299156188965	0.5972008109092712	0.279272198677063	0.273965984582901	0.7026363015174866	0.2463793158531189	0.6037525534629822	0.7046791315078735	0.5413770079612732	1.073747158050537	0.823218047618866	0.2655445337295532	0.3856198489665985	0.21938587725162506	0.9312233924865723	0.5665515065193176	0.4639457166194916	0.18796463310718536	0.20233093202114105	0.42643868923187256	0.691307008266449	0.5148282647132874	0.6430720686912537	0.2748376727104187	0.8395934700965881	0.6259257197380066	0.47601598501205444	0.019114669412374496	0.9795284867286682	0.17599965631961823	0.47168537974357605	0.28292378783226013	0.33575335144996643	0.8165034055709839	1.0688550472259521	0.7027394771575928	0.0776449516415596	0.7771618366241455	0.2640533745288849	0.07779724150896072	1.2842074632644653	0.10787074267864227	0.7739017605781555	0.21315135061740875	0.3957230746746063	0.7045395970344543	0.8035181760787964	0.4807174801826477	0.203977569937706	0.6267459392547607	0.733341634273529	0.8360308408737183	0.6418881416320801	0.33534014225006104	0.34351590275764465	0.6579091548919678	0.1429460346698761	0.27002638578414917	0.5281904935836792	0.27875784039497375	0.41976597905158997	0.6970996260643005	0.35658925771713257	0.576022207736969	0.2973463535308838	1.0304559469223022	0.3287167251110077	0.9704315662384033	0.3944844603538513	0.06894373148679733	0.08745354413986206	0.022352583706378937	0.3722822666168213	0.2149299532175064	0.258792519569397	0.5514327883720398	0.13814276456832886	0.6364133954048157	0.7304438948631287	0.47225919365882874	0.875819981098175	0.4545154273509979	0.4469622075557709	0.6060226559638977	0.717235803604126	0.5011410117149353	0.48187020421028137	0.4733349084854126	0.6029829978942871	0.1639697104692459	0.8181537985801697	0.8098301887512207	1.1059045791625977	0.4533124566078186	0.5724015831947327	0.12976321578025818	0.21514177322387695	0.9151337146759033	0.17493373155593872	0.4956074357032776	0.43907836079597473	0.9535924196243286	0.9375032782554626	0.11981847882270813	1.4013413190841675	0.8107300996780396	0.4943172335624695	0.05820954963564873	0.8434114456176758	0.14236342906951904	0.0	1.0135499238967896	0.38819199800491333	0.3309571146965027	0.6217572093009949	0.23245498538017273	0.6996901631355286	0.07978849112987518	0.2903255522251129	0.3496917486190796	0.5066201686859131	0.44842684268951416	0.6420241594314575	0.6192509531974792	0.5645038485527039	0.028475690633058548	0.4943395256996155	0.3229428231716156	0.9730256795883179	0.0	0.1171288937330246	0.6139587759971619	0.23244348168373108	0.5291319489479065	0.0	0.016228409484028816	0.3739902973175049	0.6935635805130005	0.07194976508617401	0.2858617901802063	1.259642243385315	0.09531916677951813	0.3052993416786194	0.215894415974617	0.48051294684410095	0.32383912801742554	1.213168740272522	0.05535302311182022	0.7054088115692139	0.942251980304718	1.0742346048355103	0.17206762731075287	0.6198978424072266	0.16044306755065918	0.3056933879852295	0.1285324990749359	1.4439177513122559	0.47111546993255615	0.8348541855812073	0.8642792105674744	0.40462422370910645	0.42349523305892944	1.574733018875122	1.1500433683395386	0.5775998830795288	0.6106668710708618	0.8112041354179382	1.250638723373413	0.09424719959497452	1.0398740768432617	0.5125014781951904	0.27628183364868164	0.8326370716094971	0.2611320912837982	0.9855696558952332	0.12610286474227905	0.809935986995697	1.3110668659210205	0.6896003484725952	1.0694842338562012	1.3200775384902954	0.2000514715909958	0.292619526386261	0.6676962971687317	0.3149702847003937	0.4993269443511963	0.07690052688121796	0.4800199270248413	0.09442783147096634	0.6882205009460449	0.8222171068191528	0.04078495502471924	0.2571246922016144	0.2550296187400818	0.3209376037120819	0.00039828941226005554	0.6782671213150024	0.11363625526428223	0.26281270384788513	0.20429566502571106	0.3410710096359253	0.218107670545578	0.10534742474555969	0.6059296131134033	0.34046563506126404	0.40667515993118286	0.8624382019042969	0.21900536119937897	0.6154997944831848	0.7659318447113037	0.6976131796836853	0.3983984589576721	0.455278217792511	0.244358092546463	0.38389506936073303	0.6696834564208984	0.16631311178207397	1.128454327583313	0.675363302230835	0.51334547996521	0.8426790833473206	0.1809363067150116	0.46659359335899353	0.0	1.230160117149353	0.7777915596961975	0.4480305314064026	1.1290488243103027	0.0	0.46734946966171265	0.9578808546066284	0.20615749061107635	0.30232998728752136	0.8004632592201233	0.8048699498176575	0.3535957336425781	0.31710049510002136	1.0362915992736816	1.0555444955825806	1.3271455764770508	0.676127552986145	0.5272232294082642	0.18790778517723083	0.6905462741851807	0.5202793478965759	0.9116439819335938	1.124577522277832	0.417581170797348	1.0008835792541504	0.6688043475151062	0.08697114884853363	0.7243967056274414	0.3325914144515991	0.27398988604545593	0.23942817747592926	0.2810633182525635	0.22925075888633728	0.6581658720970154	0.7440339922904968	0.4590950012207031	0.36594146490097046	0.4578578472137451	0.36745837330818176	0.24312293529510498	0.06505855172872543	0.5463106632232666	0.8005242943763733	0.1860589236021042	0.7286911606788635	0.195563405752182	0.8809426426887512	0.1920185089111328	0.5590702295303345	0.8957000374794006	0.44480007886886597	0.5415415167808533	0.8104785084724426	0.14227928221225739	0.4570913016796112	0.584420382976532	0.3052806854248047	0.2794799506664276	0.6966266632080078	1.0397487878799438	0.6665497422218323	0.337812602519989	0.7001451849937439	0.7210543751716614	0.8072458505630493	0.2650565505027771	0.019350148737430573	0.5119854807853699	0.1617339849472046	0.6351679563522339	0.21186228096485138	0.29880407452583313	1.0409965515136719	0.9494112730026245	1.0200130939483643	0.7999504208564758	0.264598548412323	0.092636838555336	0.431396484375	0.08283360302448273	0.513098418712616	0.14584550261497498	0.3527054786682129	0.9852829575538635	0.7166218161582947	1.0238524675369263	0.25020211935043335	0.27245914936065674	0.3467923700809479	1.0274488925933838	0.23865683376789093	0.6581776142120361	0.37316688895225525	0.4303733706474304	0.40192580223083496	0.4891509711742401	0.7078288793563843	1.0452661514282227	0.2032255381345749	0.3818005919456482	0.37086987495422363	0.18654215335845947	0.03443456068634987	0.30209463834762573	1.051858901977539	0.480215847492218	0.5761057138442993	0.4544668197631836	0.28409478068351746	0.08813397586345673	0.8576349020004272	0.6120303869247437	0.12999697029590607	0.5432648658752441	0.5155887603759766	0.7284753918647766	0.22927716374397278	1.0517805814743042	0.3748994767665863	0.6654258966445923	0.26182985305786133	0.12703396379947662	0.17262861132621765	0.5651732683181763	0.9075189232826233	0.5488385558128357	0.4084547162055969	0.3215819001197815	0.4525373578071594	0.9412661790847778	0.39628487825393677	0.546349823474884	0.5055308938026428	0.8033373951911926	0.9087692499160767	0.18019065260887146	0.07292678952217102	0.7262409925460815	0.5770944952964783	0.37409138679504395	0.5061860680580139	0.4616762101650238	0.17952081561088562	0.35356348752975464	0.015641801059246063	1.1582859754562378	0.5216616988182068	0.32260721921920776	0.9457731246948242	0.8488697409629822	0.528719425201416	0.2578945755958557	0.21248885989189148	0.8434669375419617	0.0445636585354805	0.31324517726898193	0.33392342925071716	0.6060016751289368	0.4367769956588745	0.7101801037788391	0.5804805755615234	0.8635509014129639	0.19917374849319458	0.1988481730222702	0.5093823671340942	0.11276870220899582	0.5578460693359375	0.007398147135972977	0.5264372229576111	0.1061314269900322	0.18691818416118622	0.5585172176361084	0.7801285982131958	0.001569606363773346	0.41029471158981323	0.3049689829349518	0.4262191653251648	0.07840833812952042	0.6951018571853638	0.2338578701019287	0.7970961928367615	0.7281692028045654	0.0882774293422699	0.02641310729086399	0.3087832033634186	0.6239945888519287	0.38706058263778687	0.216780886054039	0.24668072164058685	0.5607361793518066	0.5376207828521729	0.6922658681869507	0.3485386371612549	0.6267105937004089	0.4759324789047241	0.5775947570800781	0.04809977486729622	0.9801892042160034	0.6869086623191833	0.27537277340888977	0.3454040288925171	0.5261101722717285	0.11695858091115952	0.6377279758453369	0.49689048528671265	0.5213739275932312	0.49171847105026245	0.38951531052589417	0.7495854496955872	0.5939323902130127	0.6101557016372681	0.32150182127952576	0.800299882888794	1.0492186546325684	1.037907600402832	0.3890930414199829	0.9682267904281616	0.35912662744522095	0.0	0.5844560265541077	0.331412136554718	0.6223130226135254	1.115103006362915	0.1658165603876114	0.46126821637153625	0.5594817399978638	1.2055249214172363	0.47793513536453247	0.6505324840545654	0.9823206663131714	0.33469584584236145	0.6635189056396484	0.5389739871025085	0.6075607538223267	0.975873589515686	1.2680882215499878	0.24341382086277008	0.23402409255504608	0.4839528203010559	0.15604948997497559	0.4305777847766876	0.9471443891525269	1.0284403562545776	0.33699578046798706	1.0097594261169434	0.11869066953659058	0.8228492140769958	0.10096453875303268	1.0736474990844727	0.9360211491584778	0.7117698788642883	0.33169057965278625	0.4085689187049866	0.8855403065681458	1.4865816831588745	0.24738702178001404	0.5588038563728333	0.4860835671424866	0.31290125846862793	0.6315702199935913	0.9756415486335754	0.25488460063934326	0.7220100164413452	0.5822552442550659	0.3374849259853363	1.247867226600647	0.3019515872001648	0.5441752672195435	0.3298589587211609	0.674707293510437	0.4120451807975769	0.03328903391957283	0.011512784287333488	0.9056419134140015	0.40981942415237427	0.9734958410263062	0.4194072484970093	1.0141708850860596	0.2817707657814026	1.1552436351776123	0.5492086410522461	0.42706912755966187	0.4241120517253876	0.5039447546005249	1.0693752765655518	0.3683260977268219	0.6112415790557861	0.7817387580871582	0.22977149486541748	0.33265313506126404	0.04567509517073631	0.18898692727088928	0.09930163621902466	1.4339666366577148	0.515955924987793	0.03087880089879036	0.5777595043182373	0.021638546139001846	0.2726978361606598	0.02481011301279068	0.3602581322193146	0.7591640949249268	0.22551336884498596	0.12994495034217834	0.13722072541713715	0.9656419157981873	0.48952966928482056	0.7247352600097656	0.2017786204814911	0.4760879576206207	0.7895013093948364	0.6124347448348999	0.5931715369224548	0.8064985275268555	0.6861035823822021	0.4994876980781555	0.21805214881896973	0.9833228588104248	0.916313886642456	0.652427613735199	0.4229225516319275	0.5074754357337952	1.177675485610962	0.09335333108901978	0.7348496913909912	0.6404364109039307	0.02239147759974003	0.31717821955680847	0.5857126116752625	0.333722323179245	0.5498026609420776	0.5750943422317505	0.4467346668243408	0.1864900290966034	0.2590920925140381	0.8367851972579956	1.5525455474853516	0.833126425743103	0.5225796103477478	0.30652058124542236	0.8152084946632385	0.4783036410808563	0.25776606798171997	1.1475459337234497	1.0905462503433228	0.2628285884857178	0.35759609937667847	0.9116414189338684	0.269397109746933	0.598828911781311	1.0311648845672607	0.6753671765327454	0.6089293360710144	0.4437198340892792	0.3613627552986145	0.4031614661216736	0.02888282760977745	0.8643448352813721	0.42949268221855164	0.6293007135391235	0.44178834557533264	0.6251071691513062	0.6442409157752991	0.3463020920753479	0.012050721794366837	0.48565417528152466	0.7460114359855652	0.4329553246498108	0.8120025992393494	0.321163535118103	0.5611177682876587	0.0032846739050000906	0.1913243681192398	0.023542650043964386	0.3213885426521301	0.21840643882751465	1.1025428771972656	0.0	0.9789025783538818	0.9158151149749756	0.30723610520362854	0.7773155570030212	0.0	0.4372497797012329	0.6348952054977417	0.8222129940986633	0.43806955218315125	0.5299473404884338	0.7774080634117126	0.1175752580165863	0.11085247993469238	0.0612817145884037	0.3499033451080322	0.7359283566474915	1.2565937042236328	1.2386139631271362	1.0345104932785034	0.24271298944950104	1.0603857040405273	0.21920353174209595	0.26230302453041077	0.5281745791435242	0.22367063164710999	0.8353685140609741	0.3169248402118683	0.34680575132369995	1.1637548208236694	0.135918989777565	0.30959731340408325	0.4001072943210602	0.3714732527732849	1.0666333436965942	0.7087107300758362	0.14513802528381348	0.40797197818756104	0.27878329157829285	0.8126246929168701	0.2463885247707367	1.164779543876648	0.36860954761505127	0.2092495709657669	0.6780691146850586	0.7708464860916138	0.5918625593185425	0.11768732964992523	0.4591387212276459	0.7046999931335449	0.5524624586105347	0.8983120918273926	0.5888039469718933	0.5263513326644897	0.2355365753173828	0.5165467858314514	0.42915597558021545	0.29510006308555603	1.2179133892059326	0.16090169548988342	0.017624065279960632	0.2629854679107666	0.2680463194847107	0.5927175283432007	0.019885536283254623	0.5030695199966431	0.8324062824249268	0.8963492512702942	0.712697446346283	1.3702043294906616	0.4924088716506958	0.6244913935661316	0.6785709857940674	1.355181336402893	0.863248348236084	1.59452486038208	0.01128299068659544	0.21356187760829926	0.04721423238515854	0.2923489809036255	0.7589658498764038	0.9536762833595276	0.7074272632598877	0.2498340755701065	0.39262160658836365	0.3267100751399994	1.1155664920806885	0.1478850543498993	0.3078889846801758	0.424377977848053	0.16155599057674408	0.5877991914749146	0.4638306498527527	0.4340629279613495	0.8330531716346741	0.27723410725593567	0.7371166348457336	0.5629358887672424	0.16580833494663239	0.08377155661582947	0.04121192544698715	0.6644093990325928	0.24367648363113403	0.386752188205719	0.2213752269744873	0.37347984313964844	0.7658951878547668	0.28962191939353943	0.7972936630249023	0.7263134121894836	0.25372087955474854	0.7969608306884766	0.15116986632347107	0.8060184717178345	0.13609614968299866	0.2694777548313141	1.2400245666503906	0.7733784914016724	0.3851706087589264	0.8386175036430359	1.1903382539749146	0.16722989082336426	0.3998813331127167	0.7224355936050415	1.1835533380508423	0.030771072953939438	0.356611430644989	0.32061803340911865	0.16009584069252014	0.09328475594520569	0.4377362132072449	0.4989563524723053	0.6673926115036011	0.5032618045806885	0.027651071548461914	0.3819127082824707	0.3660377264022827	0.5262207984924316	1.2710788249969482	1.0364433526992798	0.19450820982456207	0.39779749512672424	0.4932500123977661	0.22996102273464203	0.19900795817375183	0.24252192676067352	1.0034573078155518	0.6506288647651672	0.1777147650718689	0.39948326349258423	1.0662963390350342	0.3011607527732849	1.4879482984542847	0.06795394420623779	0.0	0.7605425119400024	0.05966436117887497	0.95096755027771	0.5223002433776855	0.21123738586902618	1.118706226348877	0.3211941719055176	0.2494472861289978	0.5244680047035217	0.17880970239639282	0.7397865056991577	0.6764046549797058	0.31492090225219727	0.31190815567970276	0.3557581901550293	0.47265341877937317	0.8212997913360596	0.16675317287445068	1.1580922603607178	0.31885677576065063	0.32338693737983704	0.6697618365287781	0.5941552519798279	0.48484471440315247	0.5732861161231995	0.0150405652821064	0.22742678225040436	0.254445880651474	0.1413211226463318	0.7893873453140259	0.39350879192352295	0.4778047204017639	0.6649323105812073	0.2491043210029602	0.8518865704536438	0.387502521276474	0.1963242143392563	0.5995690226554871	0.4889730215072632	0.29856598377227783	0.7922619581222534	0.17977967858314514	0.17394214868545532	0.6670452356338501	0.37068939208984375	0.4903736412525177	0.1776689887046814	0.5290030241012573	0.18545787036418915	0.251719206571579	0.07419882714748383	0.5486816763877869	1.1298487186431885	0.12655651569366455	1.120556116104126	0.9042515158653259	0.5641252994537354	0.5493102073669434	0.5017337203025818	0.7479245066642761	0.02297893539071083	0.500823974609375	0.1937437653541565	0.22928714752197266	1.0877234935760498	0.5240623354911804	0.8823091387748718	0.49445629119873047	0.2592444121837616	0.09963063895702362	0.7102745771408081	0.46762725710868835	0.9790508151054382	0.3687497675418854	0.37472981214523315	0.2459450364112854	0.6014984846115112	0.7178083658218384	1.1821537017822266	0.36692214012145996	0.014284130185842514	0.3621430993080139	0.3699090778827667	0.7051753997802734	0.4953308701515198	0.6852913498878479	0.36002373695373535	0.4018154442310333	0.31616583466529846	0.9670588374137878	0.5323976278305054	0.23916304111480713	1.1525040864944458	0.07299569994211197	0.5373741984367371	0.5723665356636047	0.865731418132782	0.22938771545886993	0.24171243607997894	0.32469242811203003	1.236893653869629	0.15578418970108032	0.9351940155029297	0.24922040104866028	0.9286494255065918	1.190735936164856	0.0	0.808655321598053	0.9819188714027405	0.7780164480209351	0.6842935085296631	0.41882428526878357	0.43032577633857727	0.7270997762680054	0.6104992628097534	0.6293513774871826	0.9050666689872742	0.34259873628616333	0.007707475684583187	0.5266870260238647	0.2177080512046814	1.189527988433838	1.0494407415390015	0.6261197924613953	0.6840304732322693	1.0700886249542236	0.21217115223407745	0.38367512822151184	0.1257421374320984	0.20665833353996277	0.36755844950675964	0.7514981031417847	1.3710846900939941	1.6929748058319092	0.02258060872554779	0.3678095042705536	0.030310139060020447	1.008844017982483	0.5527355074882507	0.5902350544929504	0.28621935844421387	0.7271220088005066	0.43145662546157837	1.3729584217071533	0.1300252377986908	0.007076306268572807	1.0054839849472046	0.7739890813827515	1.009014368057251	0.2748276889324188	0.483461856842041	0.880321204662323	0.48221462965011597	0.5208667516708374	0.9291163682937622	0.836816132068634	0.6941072940826416	0.6376272439956665	0.7139673233032227	0.49495792388916016	1.0255320072174072	1.2030103206634521	1.1825670003890991	0.4346836805343628	0.3371826410293579	0.7289990186691284	1.542011022567749	0.4669821858406067	1.1605782508850098	0.44530341029167175	0.22894856333732605	0.03517204523086548	0.7126718163490295	0.29049956798553467	0.5710810422897339	1.0566810369491577	0.2637307643890381	0.5103450417518616	0.2132488340139389	0.434810608625412	0.3044256269931793	0.2471664845943451	0.9696802496910095	0.7917661666870117	0.29694467782974243	0.4266144037246704	0.4282931983470917	0.5036004781723022	0.9442309737205505	0.25347739458084106	0.6634471416473389	0.30014654994010925	0.3726581335067749	0.2657948136329651	0.3787234127521515	0.17677342891693115	0.3451365828514099	0.5853092074394226	1.059182047843933	0.5006240010261536	0.3380438983440399	0.3255915641784668	0.5757731199264526	0.20711353421211243	0.652636706829071	0.5990203619003296	0.43242815136909485	0.6172547340393066	0.7123525142669678	0.7980844974517822	0.6643688082695007	0.2792406678199768	0.7230842113494873	0.07038117945194244	0.035050347447395325	0.28842681646347046	0.9049323797225952	0.37135258316993713	0.3773978352546692	0.9813368320465088	0.6948004364967346	0.5227507948875427	0.6453696489334106	0.8870049715042114	0.6375361680984497	0.3673604428768158	1.421827793121338	1.0874497890472412	0.7001242637634277	0.4430471956729889	0.5750380158424377	0.4828498065471649	0.5845083594322205	1.053661823272705	1.2542009353637695	0.6394100785255432	0.15952914953231812	0.3490757644176483	0.35744115710258484	0.4966740608215332	0.3161025941371918	0.708602786064148	0.8482413291931152	0.23784267902374268	0.7082585096359253	0.7328793406486511	0.5755453109741211	0.20199930667877197	1.119655728340149	0.7931342720985413	0.17982721328735352	0.010008277371525764	0.4007348418235779	0.4524369537830353	0.5701454281806946	0.2971898019313812	0.7659763097763062	0.582403838634491	0.6393951773643494	0.7307723760604858	0.024454433470964432	1.2601203918457031	0.03058042749762535	0.7207329869270325	0.15092353522777557	0.7223998308181763	0.10138162970542908	0.718089759349823	0.7756807208061218	0.08211886137723923	0.26319652795791626	0.43864020705223083	0.38450926542282104	0.23768533766269684	0.34365329146385193	0.017079992219805717	0.7551096081733704	1.0484644174575806	0.10406266897916794	0.7451275587081909	0.1691569983959198	0.35639455914497375	0.8162070512771606	0.18003898859024048	0.5865433216094971	0.3434693515300751	0.42530664801597595	0.0	0.14958809316158295	0.884454071521759	0.802808403968811	0.8605079650878906	0.13856551051139832	0.44725385308265686	0.4237401485443115	0.7588952779769897	0.7654864192008972	0.7444661855697632	0.38394874334335327	0.23958368599414825	0.8037790060043335	0.432380735874176	0.5538958311080933	0.2372245490550995	1.0843970775604248	0.09857214242219925	0.7129281163215637	0.40722912549972534	0.23776701092720032	0.5754694938659668	0.3541179299354553	0.7627139091491699	0.8544270992279053	0.08221020549535751	0.025778746232390404	0.24013066291809082	0.5637467503547668	0.9520564675331116	0.47561007738113403	0.983910322189331	1.3024368286132812	0.520366907119751	0.7664520740509033	0.028382228687405586	0.010817225091159344	0.43387389183044434	0.28818973898887634	0.6621642112731934	0.3980473279953003	0.5128689408302307	0.5900949835777283	0.7420586943626404	1.1090973615646362	0.4940369129180908	1.0283321142196655	0.009953154250979424	0.5973635911941528	0.3154301643371582	0.6646224856376648	0.21846690773963928	0.5839700102806091	0.21855662763118744	0.36540406942367554	1.0634448528289795	1.037540078163147	0.6980390548706055	0.8214592933654785	0.5904175043106079	0.20325392484664917	0.6730446219444275	0.18826773762702942
0.8515487909317017	0.7460938692092896	0.7632731199264526	0.017229076474905014	0.10125425457954407	0.6112114191055298	0.2074245810508728	0.2450186312198639	0.685024619102478	0.18851682543754578	0.16854959726333618	0.37060320377349854	0.8394622802734375	0.4700801968574524	0.366963654756546	0.07984523475170135	0.3609952926635742	0.5125272870063782	0.9077955484390259	0.37893182039260864	0.5277714729309082	0.34998059272766113	0.07989371567964554	0.09544014185667038	0.6772542595863342	0.5246109962463379	0.05494076758623123	0.8593128323554993	0.40478575229644775	0.4907727539539337	0.7082861661911011	0.5154745578765869	0.022759124636650085	0.36677899956703186	0.485487699508667	0.5777112245559692	0.07754062116146088	0.5297309160232544	0.17020025849342346	0.8263245820999146	0.10065804421901703	0.9535902738571167	0.5905921459197998	0.288160502910614	0.2727983593940735	0.7071074843406677	0.4119967222213745	0.45521873235702515	0.42272815108299255	0.10101301968097687	1.1757025718688965	0.8744333982467651	0.5244943499565125	0.5111317038536072	0.1384577602148056	0.10144808888435364	0.043045736849308014	0.0485144704580307	0.4740084409713745	0.8439749479293823	0.3391214609146118	0.2053762972354889	0.6528368592262268	1.0271662473678589	0.6065753698348999	0.8227090835571289	1.042394995689392	0.1839122176170349	0.6000999212265015	0.6823403239250183	0.2395906150341034	0.2696479260921478	0.7563140392303467	0.3699727952480316	0.5994417071342468	0.027520574629306793	0.5336509346961975	0.4654407501220703	1.3597676753997803	0.6754021644592285	0.544061005115509	0.5687397718429565	0.6475448608398438	0.5116460919380188	0.0	0.353159636259079	0.792709469795227	0.5985326766967773	1.039438009262085	0.2916489541530609	0.19472570717334747	0.5422629117965698	0.10171020030975342	1.1387426853179932	0.24269483983516693	0.44125574827194214	0.8082677125930786	0.47301188111305237	0.5816705822944641	0.0660998746752739	0.27073007822036743	1.4568142890930176	0.2582104504108429	0.16512979567050934	1.3689279556274414	0.7558794021606445	0.31397682428359985	0.9319181442260742	0.44203710556030273	0.47114676237106323	0.6055829524993896	0.25422579050064087	1.0321561098098755	0.1616877019405365	0.7269402742385864	0.3214540183544159	0.5212292671203613	0.8832677006721497	1.1583490371704102	0.7739886045455933	0.05520200729370117	0.3052891492843628	0.4330463707447052	0.10679340362548828	1.2084389925003052	0.37788650393486023	0.1802074909210205	0.685998260974884	0.17655378580093384	1.4412541389465332	0.5675272941589355	1.251645803451538	0.5064367651939392	0.4162040054798126	0.3319531977176666	0.3158007860183716	0.6637387871742249	0.04932713881134987	0.30002960562705994	0.5956730246543884	0.3303458094596863	0.21521160006523132	0.47414079308509827	0.20465178787708282	0.6165480613708496	0.6538686752319336	0.769348680973053	0.6278409361839294	1.3016870021820068	0.2748420238494873	0.2741459906101227	0.4515242576599121	0.5349279642105103	0.8804665207862854	0.2465614676475525	0.5947204232215881	0.47740671038627625	0.20520944893360138	0.2460508793592453	0.4509007930755615	0.12169459462165833	0.9602690935134888	0.5385008454322815	0.30793753266334534	0.23846545815467834	0.4296458065509796	0.43365538120269775	0.12656670808792114	1.2635574340820312	0.04156769812107086	1.0459259748458862	0.5440809726715088	0.2977260649204254	0.4643735885620117	0.17735709249973297	0.14989522099494934	0.3341481685638428	0.2262701392173767	0.5473136305809021	0.17710080742835999	0.2633345425128937	0.37451231479644775	0.22582119703292847	0.5758450031280518	0.391946405172348	0.6162957549095154	0.6736008524894714	0.20177149772644043	0.04157383739948273	1.0425361394882202	0.6275651454925537	0.3880807161331177	0.02823231741786003	0.7291390895843506	0.3419184386730194	0.01595846749842167	0.5490367412567139	0.22621437907218933	0.27011358737945557	0.14835397899150848	0.6291300058364868	0.5562994480133057	0.7384864091873169	0.1498347818851471	1.2749143838882446	1.228355884552002	0.6991630792617798	0.24019508063793182	0.6404269933700562	0.901475727558136	0.8256486654281616	0.3641001880168915	0.22139212489128113	0.48777148127555847	0.5140419006347656	0.7537746429443359	0.45631203055381775	0.901262104511261	0.5221925973892212	0.12769028544425964	0.413311243057251	0.3358505964279175	0.1283007711172104	0.6754323244094849	0.4166668653488159	0.5500589609146118	0.831570565700531	0.661470890045166	0.5137723684310913	1.0214338302612305	0.5032079815864563	0.3871772885322571	0.40705591440200806	1.4787958860397339	0.8876616954803467	0.18861886858940125	0.2689894735813141	0.12095478177070618	0.6119705438613892	0.25381743907928467	0.3445909321308136	0.540410041809082	0.08994229882955551	0.30748724937438965	1.0699595212936401	0.3841172754764557	1.2741544246673584	0.34223344922065735	0.17172302305698395	1.1634687185287476	0.4000556468963623	0.07046616077423096	0.4202567934989929	0.7101825475692749	0.5853625535964966	0.5855726003646851	0.9327053427696228	0.04412906616926193	1.2419536113739014	0.4706251621246338	0.20823532342910767	0.9017766714096069	0.35841837525367737	0.3055163621902466	0.0035266014747321606	0.13553014397621155	0.30475473403930664	0.3169673681259155	0.3461127281188965	0.6178566217422485	0.6881459355354309	0.8331543207168579	0.9763557314872742	0.5783610343933105	0.8409555554389954	0.2292984426021576	0.6349673271179199	0.9214593172073364	0.5109752416610718	0.2287241667509079	0.7073498964309692	0.06744033098220825	0.3744768798351288	0.29584190249443054	0.5081276297569275	0.9118333458900452	0.13820990920066833	0.4672680199146271	0.8235831260681152	0.6408823132514954	0.4778063893318176	0.21321241557598114	0.5205461382865906	0.2644340395927429	0.4608609974384308	0.8316194415092468	0.7574377655982971	0.6943928599357605	0.4466066360473633	0.03939693421125412	0.268748939037323	0.101756252348423	1.1612528562545776	0.5872079730033875	0.5142663717269897	0.3000454902648926	0.3225088119506836	0.2825671434402466	0.31569793820381165	0.1081588938832283	1.3910508155822754	0.09865910559892654	0.572499692440033	1.0094349384307861	0.3123534619808197	0.9471033215522766	0.23612895607948303	0.7876877784729004	0.1703859567642212	0.007550248876214027	0.4749745726585388	0.025817669928073883	0.7480379939079285	0.14070746302604675	1.0274817943572998	0.33240705728530884	0.08443772047758102	0.6074283123016357	0.614351212978363	0.4780149459838867	0.4605303406715393	0.5346977114677429	0.25211265683174133	0.42891597747802734	0.020212136209011078	0.7474520206451416	0.972791314125061	0.0	0.27924516797065735	0.9321317672729492	0.4295443892478943	0.19746220111846924	0.4030713140964508	0.5386818647384644	0.6200357675552368	0.2567310035228729	0.26996302604675293	0.177366703748703	0.815095841884613	0.32946181297302246	0.8612346053123474	0.20813781023025513	0.17137578129768372	1.5255811214447021	0.5436797142028809	0.28164806962013245	0.9712482690811157	0.4109422564506531	0.17857597768306732	0.5974067449569702	1.0572103261947632	0.03064899705350399	0.5059362649917603	0.4486945569515228	0.7136085629463196	0.6721721887588501	1.004215121269226	0.7773391604423523	0.8106912970542908	0.31774377822875977	0.45900294184684753	0.07455660402774811	0.39226463437080383	0.7877997756004333	0.6001360416412354	0.8733023405075073	0.13713794946670532	0.617203414440155	0.7184885740280151	0.6766719818115234	0.7890701293945312	0.7634456753730774	0.24508598446846008	0.6114412546157837	0.351907342672348	0.34173932671546936	0.8113342523574829	0.19493846595287323	0.07601398974657059	0.3248163163661957	0.44737154245376587	0.19363975524902344	0.4458371698856354	0.25349295139312744	0.5534943342208862	0.18530592322349548	0.33843496441841125	0.2442358136177063	0.16637557744979858	0.22581687569618225	0.932653546333313	0.5831353664398193	0.22455278038978577	1.0297144651412964	0.3201049864292145	0.37467947602272034	0.2810198664665222	0.5122441053390503	0.822089672088623	0.1965140551328659	0.8192883133888245	0.48016300797462463	0.8116227984428406	0.3436274826526642	0.7479850053787231	0.05671292543411255	0.5128807425498962	1.0280659198760986	0.5043548941612244	0.384782612323761	0.6406430006027222	0.44292008876800537	0.6161684989929199	0.3377021849155426	0.6563493609428406	0.33837205171585083	0.09886147826910019	0.6077785491943359	0.5169951915740967	0.8417401313781738	0.19298559427261353	0.02821946144104004	0.5307916402816772	0.5567136406898499	0.7154463529586792	0.4875909090042114	0.4380486309528351	0.2397952377796173	0.2628932297229767	0.2638873755931854	0.1358577460050583	0.8352222442626953	0.822487473487854	0.45190146565437317	0.21904247999191284	0.394386351108551	0.5248414874076843	0.6232166886329651	0.6883170008659363	0.5542567372322083	0.07785171270370483	0.3140730559825897	1.698309063911438	0.43826615810394287	0.599655032157898	0.35457536578178406	0.9498463869094849	0.2937469780445099	0.7691572904586792	0.2142963856458664	0.5099358558654785	0.5748358368873596	0.14227299392223358	1.2506307363510132	1.0186296701431274	0.5882488489151001	0.13368810713291168	0.6773136854171753	0.3203656077384949	0.16920387744903564	0.3182598948478699	0.352753221988678	0.496709406375885	0.326853483915329	0.7054870128631592	0.05631815642118454	0.17560672760009766	0.14644119143486023	0.6679704189300537	0.9298384785652161	1.0578898191452026	0.20097462832927704	0.4093625843524933	0.5050151348114014	1.5443543195724487	0.8176870942115784	0.8753010034561157	0.8685705065727234	0.5874189734458923	0.12189467251300812	0.354512482881546	0.4342988431453705	1.1024359464645386	0.2657916843891144	0.34933269023895264	0.7491292953491211	0.40706944465637207	0.2597483694553375	0.3083074986934662	0.7671847343444824	0.3612520694732666	0.6824977993965149	0.525641679763794	0.313299298286438	0.6126266121864319	1.2678172588348389	1.067545771598816	1.2257771492004395	0.4560285210609436	0.12896455824375153	0.3676263093948364	0.11415867507457733	0.7429097890853882	0.45394131541252136	0.289379358291626	0.679836630821228	0.3893347978591919	0.5406298041343689	0.7723984718322754	0.2791290283203125	0.12853823602199554	1.478639841079712	0.2829519212245941	0.8702441453933716	0.46755874156951904	0.3306015729904175	0.3203777074813843	0.7517116069793701	0.9630177617073059	0.44745734333992004	0.29678308963775635	0.3518102169036865	0.7786136269569397	0.7287025451660156	0.3788174092769623	0.2668316960334778	0.1734815239906311	0.5422198176383972	0.40828514099121094	0.6551729440689087	1.2138032913208008	0.33336031436920166	0.2724624574184418	0.19912122189998627	0.20801563560962677	0.6961087584495544	0.3137175142765045	0.409297913312912	0.4283246397972107	0.7378684878349304	0.3937729299068451	0.7267565727233887	0.3603639304637909	0.5025657415390015	0.22011031210422516	0.5721499919891357	0.5243168473243713	0.6157684922218323	0.4765944182872772	0.7259442210197449	0.6325802803039551	0.5726045966148376	0.4546634554862976	0.3207749128341675	0.29886049032211304	0.502428412437439	0.09457504749298096	0.18141846358776093	0.4533807635307312	0.32851144671440125	1.3267000913619995	0.6977605223655701	0.8671709299087524	0.8635823726654053	0.15187476575374603	0.30019137263298035	0.29229429364204407	0.25331562757492065	0.8387998342514038	0.44580650329589844	0.03163355961441994	0.4492577314376831	0.7445673942565918	0.4128715693950653	0.11423958837985992	0.5392707586288452	0.5230921506881714	0.11948509514331818	0.15127822756767273	0.49449288845062256	0.8660610914230347	0.7612689137458801	0.6154777407646179	0.17212417721748352	0.4811999797821045	0.7693513035774231	1.1320174932479858	0.12013976275920868	0.5469905138015747	0.556543231010437	0.11684201657772064	0.883745551109314	0.14107179641723633	0.5888293385505676	1.0816235542297363	0.47716066241264343	0.6499400734901428	0.48468929529190063	0.3520627021789551	0.0	0.18028728663921356	0.3625158965587616	0.5368245244026184	0.09163853526115417	0.8100947141647339	1.3197120428085327	0.1561342030763626	0.4808751344680786	0.0538138709962368	0.3791373670101166	0.35920074582099915	0.6471962332725525	0.14456211030483246	0.357587069272995	0.21373581886291504	0.3740233778953552	0.2614211440086365	0.0008802472148090601	0.27137890458106995	0.751655101776123	0.3524516224861145	0.5421709418296814	0.3609706461429596	0.8058236241340637	0.16438116133213043	0.15845750272274017	0.1017785370349884	0.06574542075395584	0.2822021245956421	0.30097344517707825	0.4460170865058899	0.5819756984710693	0.40056318044662476	0.3023894727230072	0.28551745414733887	0.3143594264984131	0.35167375206947327	0.589348316192627	0.186011403799057	0.4868710935115814	0.26246964931488037	0.8080102205276489	0.3983931839466095	0.4136843681335449	0.5857343673706055	0.24626557528972626	0.23307719826698303	0.510002851486206	0.7957453727722168	0.20173853635787964	0.7504374384880066	0.41962990164756775	0.1617465317249298	0.5535277128219604	0.3171405792236328	0.3507150411605835	0.6428263187408447	0.5844014286994934	0.9010612964630127	0.45406341552734375	0.40134450793266296	0.4262358546257019	0.3430308997631073	0.8703526854515076	0.7594335675239563	1.4231908321380615	0.0	0.5331546068191528	1.5337707996368408	0.36953970789909363	0.17672935128211975	0.4072561264038086	0.9428672194480896	0.2787139117717743	0.8632950782775879	0.5623884797096252	0.640800416469574	0.6161367893218994	0.31719470024108887	0.25740987062454224	0.6693416833877563	0.7293517589569092	0.672944188117981	0.4125733971595764	0.22322016954421997	0.4044918417930603	0.718459963798523	0.3370392918586731	0.5167616605758667	0.6601839661598206	0.6489881873130798	0.04405776411294937	0.5088308453559875	0.2699885964393616	0.2769477367401123	0.27754074335098267	0.1919935643672943	0.1132015511393547	0.5367857217788696	0.10202872008085251	0.6006906628608704	1.0267993211746216	0.4077700674533844	0.20367346704006195	0.34619927406311035	0.8471700549125671	0.04289388284087181	0.24476763606071472	0.14993099868297577	0.6951735615730286	0.6430211663246155	0.3133503794670105	0.4903518855571747	0.7749854922294617	0.9311603307723999	0.005806740373373032	0.7525604963302612	0.3649287819862366	0.12157949060201645	0.62319415807724	0.3389195501804352	0.4802146553993225	0.3866159915924072	0.25354504585266113	0.837428092956543	0.26815590262413025	0.35296496748924255	0.40644320845603943	0.1993257999420166	0.2022857517004013	0.2137802243232727	0.9538047909736633	1.088756799697876	0.3846293091773987	0.6387007832527161	0.5959268808364868	0.2686121165752411	0.985202431678772	0.6142973303794861	0.37071776390075684	0.45554789900779724	0.2656310796737671	0.40371638536453247	0.20064328610897064	0.37540265917778015	0.780997097492218	0.3321157991886139	0.37817707657814026	0.8564151525497437	0.31863006949424744	0.4078785181045532	0.4671821594238281	0.08495409041643143	0.4067993462085724	0.30644920468330383	0.34528180956840515	0.337257981300354	0.5970600843429565	0.5668824911117554	0.1850121170282364	0.48803550004959106	0.25055497884750366	0.26528507471084595	0.4517208933830261	0.4200691878795624	0.8073428273200989	0.9576587080955505	0.3095097839832306	0.2988046705722809	0.43626493215560913	0.3594795763492584	0.6554938554763794	0.7133094072341919	0.5090368390083313	0.09184211492538452	0.6219072341918945	0.4258424937725067	0.7242891788482666	0.21401342749595642	0.28910067677497864	0.8640922904014587	0.5038703680038452	0.03496204689145088	0.38207364082336426	0.3513934314250946	0.35662803053855896	0.8516179323196411	0.18760964274406433	0.5430988073348999	1.2309002876281738	0.7314985990524292	0.5600985884666443	1.2122251987457275	0.4640824794769287	0.27738410234451294	0.2903200089931488	1.393289566040039	0.45902758836746216	0.9011201858520508	0.5281686186790466	0.4918241798877716	0.9769524335861206	0.760819137096405	0.4283577799797058	1.1170175075531006	0.7447962164878845	1.0402616262435913	0.4990413784980774	0.0	0.3175719082355499	0.6395690441131592	0.476410448551178	0.42004165053367615	0.6640570163726807	0.43796032667160034	0.5761373043060303	1.0735348463058472	0.2539407014846802	0.5349770784378052	0.39787840843200684	0.43482691049575806	0.367929071187973	0.6006932258605957	0.48026660084724426	0.501562237739563	0.5326917171478271	0.4994662404060364	0.3000270426273346	0.45913052558898926	0.8999276161193848	0.10863824188709259	0.4033356308937073	0.2373771369457245	0.41144564747810364	0.8607853651046753	0.7284421324729919	0.2868470549583435	0.29482921957969666	0.7574502229690552	0.4986545741558075	0.2893424332141876	0.613519012928009	0.792271614074707	0.7794215679168701	0.0	0.39477625489234924	0.27823078632354736	0.0075795468874275684	0.6077640056610107	0.1242440864443779	0.9550459980964661	0.23874880373477936	0.30755746364593506	0.6014449596405029	0.5249165296554565	0.22351396083831787	0.3078422546386719	0.1329714059829712	0.24824222922325134	0.7113745212554932	0.6019297242164612	0.532062828540802	0.47565630078315735	0.28249847888946533	0.5075291395187378	0.3583444654941559	0.26182126998901367	0.8549301624298096	1.223628282546997	0.34246450662612915	0.011958595365285873	0.10220020264387131	0.1293213665485382	0.5982568860054016	0.5850012302398682	0.7520400285720825	0.2652747631072998	0.477529913187027	1.1336535215377808	1.0458436012268066	0.9938675165176392	0.5266726016998291	0.3208557069301605	0.2071579396724701	0.896938145160675	0.24131059646606445	0.211720809340477	0.5041488409042358	1.035021185874939	0.7895034551620483	1.247035026550293	0.37232059240341187	0.39088553190231323	0.3947056829929352	0.3396534025669098	0.8488460183143616	0.6085497140884399	0.675768256187439	0.734887421131134	0.3033548593521118	0.43146783113479614	1.0379260778427124	0.7486597299575806	0.28807246685028076	0.25708410143852234	0.9067017436027527	0.7235056757926941	0.11843656003475189	0.1574617475271225	0.590828537940979	0.2099723219871521	0.5823322534561157	1.0188878774642944	0.6427738666534424	0.680530309677124	0.4246171712875366	0.2431882917881012	0.5961495041847229	0.47688767313957214	0.5270877480506897	0.4699987769126892	0.0940532237291336	0.35474181175231934	0.2208649218082428	0.17592179775238037	0.3514072895050049	0.6078470945358276	0.3024834990501404	0.061836209148168564	0.6822506189346313	0.2295890748500824	0.5442342162132263	0.3527804911136627	0.2776484191417694	0.9022030830383301	0.12190598249435425	0.6679889559745789	0.6108975410461426	1.0112285614013672	0.45154017210006714	1.0863502025604248	0.5466580986976624	1.2740272283554077	0.9416508674621582	0.3136782944202423	0.41485345363616943	0.10878071188926697	0.17844563722610474	0.38311904668807983	0.8048804998397827	0.3830758333206177	0.5573533773422241	0.3849571645259857	0.45887380838394165	0.578603982925415	0.21605134010314941	0.2094034105539322	0.611380398273468	0.08280028402805328	0.44675761461257935	0.43664485216140747	0.1869257241487503	0.15892869234085083	0.30751872062683105	0.4757830500602722	0.5451757311820984	0.34770679473876953	0.009574026800692081	0.3375243544578552	0.22509507834911346	0.9394676685333252	0.6452952027320862	0.6296111345291138	0.6529239416122437	0.2101033627986908	0.37070751190185547	0.2527075707912445	0.9562559127807617	1.0544915199279785	0.6313009262084961	0.4559970498085022	0.8632732033729553	0.5063287615776062	0.4373379945755005	0.8869805335998535	0.9602628350257874	0.3646964132785797	1.0289857387542725	0.4018181562423706	0.2504071593284607	0.41589292883872986	0.782025158405304	0.8253911137580872	0.3210330605506897	0.6339983940124512	0.2693905234336853	0.8251320719718933	0.4451111853122711	0.7217121720314026	0.3958131968975067	0.7897341251373291	0.17833557724952698	0.2558648884296417	0.3579118847846985	0.2519052028656006	0.6206340789794922	0.5399513840675354	0.23476901650428772	0.5077522397041321	1.2268763780593872	0.676020085811615	0.6432735323905945	1.1941862106323242	0.33260613679885864	0.704156756401062	0.03562837466597557	0.32056692242622375	0.36853834986686707	0.7627354264259338	0.2606523036956787	0.46376365423202515	1.1519089937210083	0.4985670745372772	0.1331988275051117	0.08288991451263428	0.20023944973945618	0.43670371174812317	0.44198694825172424	1.0616718530654907	0.38695481419563293	1.210318684577942	0.558633029460907	0.0855182409286499	1.0098106861114502	1.0072357654571533	0.084454745054245	0.5005404949188232	0.7475372552871704	0.24359479546546936	0.4088526666164398	0.44837987422943115	0.027118757367134094	1.5371240377426147	0.2854921221733093	0.7551239132881165	0.46798741817474365	0.28846609592437744	0.49747779965400696	0.20319192111492157	0.37628740072250366	0.8833453059196472	0.23176859319210052	0.6710804104804993	0.714285671710968	0.6420938372612	0.37757641077041626	0.19357827305793762	0.8466982841491699	0.22051115334033966	0.3648832142353058	0.266726553440094	0.6764033436775208	0.2563835680484772	0.5189348459243774	0.49676501750946045	0.3179321587085724	1.1511754989624023	0.37908825278282166	0.3767626881599426	0.9438772797584534	0.3123595714569092	1.0109002590179443	1.119601845741272	0.24447771906852722	1.3411979675292969	0.892041802406311	1.2061183452606201	0.1287194788455963	1.052521824836731	0.19821923971176147	0.6235162019729614	1.004682183265686	0.8591132164001465	0.7026041150093079	0.8628249168395996	0.38471072912216187	0.7805755734443665	0.9096329212188721	0.14072109758853912	0.6951292157173157	0.20183557271957397	0.40970757603645325	1.3884942531585693	0.743228554725647	0.17543259263038635	0.04373354837298393	0.5898818969726562	0.06197106093168259	0.873022198677063	0.00020694732666015625	0.9045586585998535	0.5880957245826721	0.270698606967926	0.045438021421432495	0.8251205682754517	0.7001574635505676	0.3943270444869995	0.9276100397109985	0.8215851783752441	0.1664091795682907	1.3524513244628906	0.5971060395240784	0.11892221122980118	0.5181612968444824	0.5796298980712891	0.4664009213447571	0.6324368119239807	1.2439762353897095	0.3482959270477295	0.14774557948112488	0.5092786550521851	0.865186870098114	0.7268480658531189	0.5961006283760071	0.20857857167720795	0.5023422837257385	0.9999263882637024	0.10434576123952866	0.12233850359916687	0.7403373718261719	0.24228554964065552	0.368252694606781	0.33195167779922485	1.0307374000549316	0.4344170391559601	0.3040660619735718	0.8945025205612183	0.47060510516166687	0.2344474196434021	0.2536138594150543	0.7910583019256592	0.2770955264568329	0.48306575417518616	0.49256786704063416	0.41289234161376953	0.5386055111885071	0.3374389111995697	0.8509458899497986	1.0624665021896362	0.6427048444747925	0.13943363726139069	0.5555849671363831	0.1574346125125885	1.011904239654541	0.6911703944206238	0.7671684622764587	0.8346195220947266	0.5229640007019043	0.8044771552085876	0.0887821763753891	0.19857968389987946	0.20769211649894714	1.0735210180282593	0.2611011862754822	0.7460579872131348	0.6144734621047974	0.4137054979801178	0.5743494033813477	0.3749874532222748	0.5570140480995178	0.05500994622707367	0.5958714485168457	0.7406920194625854	0.34865882992744446	0.633858859539032	0.07317759841680527	0.4074348211288452	1.186410665512085	0.2384880930185318	0.16284789144992828	0.7350433468818665	0.41186845302581787	0.3472920358181	0.7216770052909851	0.4531341791152954	0.18002602458000183	0.2993897497653961	0.31290072202682495	0.6739338040351868	0.7358512878417969	0.7734694480895996	0.18319852650165558	0.3565250337123871	0.5460600852966309	0.3850444257259369	0.8653334379196167	0.20665428042411804	0.2726588547229767	0.9746997952461243	0.37533387541770935	0.3090471625328064	1.0484017133712769	0.44808754324913025	0.027338387444615364	0.6624347567558289	0.46914175152778625	0.4777275323867798	0.9706920385360718	0.6040600538253784	0.94228196144104	0.29116129875183105	0.43277886509895325	0.38590767979621887	0.974269449710846	0.9891241192817688	0.6242150068283081	0.4583548903465271	0.2071637511253357	1.0520830154418945	0.6645922064781189	0.30838170647621155	0.05425095930695534	0.49852338433265686	1.1192142963409424	0.6893323659896851	0.5029876828193665	0.3689192533493042	0.0	1.19118332862854	0.11092421412467957	0.6805732250213623	0.33975690603256226	0.13227400183677673	0.7139927744865417	0.04761645197868347	0.6523857116699219	0.2446511685848236	0.3066168427467346	0.38833189010620117	1.3305102586746216	0.5972301959991455	0.7738001346588135	0.15299426019191742	0.5176898241043091	0.9832213521003723	0.3385608494281769	1.2354973554611206	0.5714947581291199	0.5802556872367859	0.9903017282485962	0.5970075130462646	0.3115282952785492	1.2648000717163086	0.10070735216140747	0.27441954612731934	0.33931463956832886	0.26215630769729614	0.12458936870098114	0.1742670089006424	0.8495375514030457	0.5104372501373291	0.5029426217079163	0.5553013682365417	0.8689919710159302	0.8708113431930542	0.3940889835357666	0.2739664912223816	0.08619873225688934	0.27711671590805054	0.4394393265247345	0.24368295073509216	0.2297571897506714	0.8858701586723328	0.5194394588470459	0.16767096519470215	0.08286967873573303	0.0564066544175148	1.189025640487671	0.49577173590660095	0.07193209230899811	0.3924311399459839	0.45184314250946045	0.4525861442089081	0.6385721564292908	0.8501405119895935	0.30724525451660156	0.796187162399292	0.26387935876846313	0.39265915751457214	1.1374573707580566	0.42493805289268494	0.03298518434166908	0.5388690829277039	0.7186187505722046	0.23190085589885712	0.6257953643798828	0.45323535799980164	0.27678605914115906	0.39600157737731934	0.23175637423992157	0.42383718490600586	0.34400272369384766	0.6072002649307251	1.666576623916626	0.9612025022506714	0.2688487470149994	0.49046480655670166	0.4293183982372284	0.280337929725647	0.07311796396970749	0.33862876892089844	0.11697834730148315	0.7878865599632263	0.16610735654830933	0.8275887370109558	0.9884140491485596	0.37501055002212524	0.27653968334198	0.5309797525405884	0.1845102608203888	0.08384060114622116	0.5061973333358765	1.1004319190979004	0.29227766394615173	1.0068222284317017	0.3143320381641388	0.3069201409816742	0.40537768602371216	0.5213538408279419	0.3332563638687134	0.303976446390152	1.1303489208221436	0.23983997106552124	0.7300512194633484	0.807832658290863	0.425772100687027	1.109953761100769	0.8029565811157227	1.0782322883605957	0.6828974485397339	0.6696643233299255	0.3225146234035492	0.46532881259918213	0.2890408933162689	0.5691786408424377	0.4943322539329529	0.964060366153717	0.06540104746818542	0.08300549536943436	0.43674036860466003	0.6872947812080383	0.8273362517356873	0.7255847454071045	0.021669037640094757	0.20537687838077545	0.80488121509552	0.03645306080579758	0.3712717890739441	1.0361108779907227	0.9573464393615723	0.8095698356628418	0.35747218132019043	1.0099220275878906	0.6916493773460388	0.965246319770813	0.48830437660217285	0.09073102474212646	0.452520489692688	1.2133657932281494	0.2501412034034729	0.36146280169487	0.21530668437480927	1.0562282800674438	0.744330108165741	0.3243316113948822	0.32785212993621826	0.92767333984375	0.4601733386516571	0.3726489841938019	0.6079537272453308	0.523909330368042	1.196926474571228	0.4069478511810303	0.2863534390926361	0.20756122469902039	0.9419587850570679	0.12686806917190552	0.3843035399913788	1.1326780319213867	1.1736050844192505	1.160394310951233	0.14425259828567505	0.40573355555534363	0.5899949073791504	0.6270791292190552	0.12091876566410065	0.9188583493232727	0.0006184736848808825	0.22973792254924774	1.0547388792037964	0.6542716026306152	0.6145517230033875	0.24351000785827637	0.0	0.3640626072883606	0.5671967267990112	0.38704320788383484	0.3816086947917938	1.031843662261963	0.16397446393966675	0.4604039788246155	0.4138679504394531	0.4298103451728821	0.6973850131034851	0.17606529593467712	0.19514742493629456	0.17455880343914032	0.7323173880577087	0.8757718801498413	0.5087922811508179	1.2717067003250122	0.34887275099754333	0.4209883213043213	0.8793338537216187	0.8530874848365784	0.553091287612915	0.5696467757225037	0.19815528392791748	0.010952005162835121	0.5611074566841125	0.8996298313140869	0.19971497356891632	0.2604448199272156	0.5850570201873779	1.3542876243591309	0.07919048517942429	0.8033882975578308	0.7067168951034546	0.6403878927230835	0.23679646849632263	0.8164451122283936	0.4243433475494385	0.4898461699485779	0.22846855223178864	0.44916629791259766	0.8153576850891113	0.35264939069747925	0.9522722959518433	0.7021719813346863	0.5805716514587402	1.0256097316741943	0.24673685431480408	1.402173638343811	0.4405657649040222	0.7970684170722961	0.10610450804233551	0.5809205770492554	0.3127538859844208	0.10763004422187805	0.03398548439145088	0.37551403045654297	0.8897823095321655	0.7627809047698975	0.21595577895641327	0.30537325143814087	0.24382656812667847	0.8122377395629883	0.4429612159729004	0.4371825158596039	1.035470962524414	1.053317904472351	0.40673112869262695	0.10467953979969025	0.768566370010376	0.7654369473457336	0.3768696188926697	0.07691624760627747	1.0316599607467651	0.4574815332889557	0.5019353628158569	0.1170775294303894	0.9149391055107117	0.19602608680725098	0.27642297744750977	0.3061961829662323	0.677804708480835	0.7086729407310486	1.1266306638717651	0.7284231781959534	0.8670457005500793	0.5657373666763306	1.0230538845062256	0.5204269886016846	0.2715960443019867	0.2287568598985672	0.48646003007888794	0.6699455380439758	0.6592712998390198	0.40884244441986084	0.9538412094116211	0.6232590675354004	0.07006195932626724	0.7226573824882507	0.6987894773483276	0.7487872838973999	0.19734753668308258	0.28247082233428955	0.9295698404312134	0.11274950951337814	0.8679342269897461	0.8156967759132385	0.645338237285614	0.03994995355606079	0.35746467113494873	1.226217269897461	0.8446539640426636	0.5547757148742676	0.7062987089157104	0.6546884179115295	0.2455313503742218	0.1341748833656311	0.6778919100761414	0.6001635789871216	0.7681017518043518	0.3551965355873108	0.5257453918457031	0.0026231203228235245	0.7284914255142212	0.6095219850540161	0.40036314725875854	0.3958647847175598	0.20468670129776	0.5417178273200989	0.362270325422287	1.2424226999282837	0.7675057649612427	0.6388925909996033	0.09768788516521454	0.6334928870201111	0.5366874933242798	0.30298754572868347	0.5298721790313721	0.3512541651725769	0.20805023610591888	0.27902090549468994	0.13552068173885345	0.555156409740448	0.25307023525238037	0.1393759697675705	0.526603639125824	0.06349009275436401	0.16295520961284637	0.7022398710250854	0.7796569466590881	0.17858804762363434	0.5829528570175171	0.11334647238254547	1.0474060773849487	0.42200422286987305	0.1861802190542221	0.2664032578468323	0.8423056602478027	0.07398945838212967	0.8144800662994385	0.6131666302680969	0.40573349595069885	0.07984551787376404	0.020191289484500885	0.4745829105377197	0.28463488817214966	0.25287339091300964	0.4039207100868225	0.5903381109237671	0.612684965133667	0.23354044556617737	0.01011903490871191	0.4261617362499237	0.7579085826873779	0.11605874449014664	1.2204716205596924	0.3851499855518341	0.44162696599960327	0.22085481882095337	0.44991031289100647	0.30229368805885315	0.2657589614391327	0.175359845161438	0.44748592376708984	0.564825713634491	0.9862875938415527	0.6169966459274292	0.3644537627696991	0.05726952850818634	0.2562073767185211	1.194588303565979	0.6026723384857178	0.9786378145217896	0.3887152373790741	0.8204825520515442	0.7927083969116211	0.20897436141967773	1.1432970762252808	0.6357337236404419	0.23880638182163239	0.4556775987148285	1.2686891555786133	0.5391589403152466	0.02807542495429516	0.011846709065139294	0.47966456413269043	1.1526914834976196	0.11712861061096191	0.9304035902023315	0.905247151851654	0.3438529372215271	0.8070943355560303	0.15864601731300354	0.5127670168876648	0.4250459671020508	0.7013914585113525	0.25421977043151855	1.2019985914230347	0.4564753472805023	0.8672550320625305	0.9445281624794006	0.43154415488243103	1.0273200273513794	0.38999301195144653	0.3227287530899048	0.3083574175834656	0.2446514070034027	0.10530613362789154	0.6673104166984558	0.4659491181373596	0.23084451258182526	0.8393400311470032	0.35960400104522705	0.10343582928180695	0.09274163842201233	0.5935694575309753	0.9269639253616333	0.0812024176120758	0.40125060081481934	0.7579601407051086	0.15884293615818024	0.593687891960144	0.38899970054626465	0.7316937446594238	0.20249350368976593	0.17334425449371338	0.5035458207130432	0.46230846643447876	0.85465008020401	0.42176446318626404	0.4881140887737274	0.9595489501953125	0.056313592940568924	0.8440490961074829	0.23312894999980927	0.327264666557312	0.781322717666626	0.3035465478897095	0.7155624032020569	0.41274818778038025	0.2981832027435303	0.383897989988327	0.01795221120119095	0.43459898233413696	0.20446354150772095	1.0876615047454834	0.09758173674345016	0.9447365403175354	0.35188543796539307	0.5457555055618286	0.7026273608207703	0.4343416690826416	0.128379687666893	0.13573983311653137	0.7653929591178894	0.9070448875427246	0.1011032909154892	0.7481175065040588	0.17572975158691406	0.5687500238418579	0.7327225804328918	1.377105712890625	0.0	0.23324885964393616	1.0474584102630615	0.5959062576293945	0.6017704010009766	0.4674908220767975	0.2923125922679901	0.6726460456848145	0.253731369972229	0.3412376046180725	0.860366702079773	0.5205373167991638	0.5563195943832397	0.7840401530265808	1.0001565217971802	0.2510135769844055	0.378666490316391	0.6815266609191895	0.9144952297210693	0.8292565941810608	0.2576143741607666	0.4257790744304657	1.0180974006652832	0.6890360116958618	1.1867271661758423	0.24208644032478333	0.6155706644058228	0.4404163956642151	0.2347271889448166	0.9430805444717407	0.42470645904541016	0.4078483283519745	0.2665990889072418	0.5217788219451904	1.2253371477127075	0.34041252732276917	0.24590910971164703	0.7329944968223572	0.5664889812469482	0.105497345328331	0.5090347528457642	0.5887197256088257	0.30303746461868286	0.1846458911895752	0.4586822986602783	0.36571043729782104	0.8588538765907288	0.12809456884860992	0.9473077058792114	0.22528912127017975	0.12139958143234253	0.18395063281059265	1.2973490953445435	0.810853898525238	1.349677324295044	0.711764931678772	0.6363905668258667	0.36249682307243347	0.10285122692584991	0.4514312744140625	0.032403916120529175	0.2755167782306671	0.379675954580307	0.4635222256183624	0.31574875116348267	0.7819293737411499	0.5487421154975891	0.34081512689590454	0.3784852921962738	0.7308979034423828	0.03472359478473663	0.42933303117752075	0.45295676589012146	0.8509414792060852	0.2443433403968811	0.27091097831726074	0.6165245771408081	0.323347806930542	0.7148792147636414	1.097995638847351	0.15767666697502136	0.0005120383575558662	0.7611041069030762	0.6733174920082092	0.44100576639175415	0.2721670866012573	0.8143633604049683	0.26010334491729736	0.5169135928153992	0.682563841342926	0.9435523152351379	0.4027351140975952	0.6634519100189209	0.9490828514099121	0.09612847864627838	0.4952490031719208	0.798312783241272	0.516558825969696	0.19363315403461456	0.5021381378173828	1.0175236463546753	1.3785291910171509	0.3595215380191803	0.43680500984191895	0.3983728289604187	0.5109128355979919	1.4531525373458862	0.03955506905913353	1.8463348150253296	0.874169647693634	0.44391173124313354	0.7208530902862549	0.26741406321525574	0.2754664719104767	0.713561475276947	0.17207343876361847	0.32631832361221313	0.0	0.2732440233230591	0.3925838768482208	0.6156777143478394	0.22556962072849274	0.20850571990013123	0.5143990516662598	0.6934194564819336	0.5351815223693848	0.9992201328277588	0.37757977843284607	0.21116983890533447	0.7265455722808838	0.08195649832487106	0.9187715649604797	0.2270478457212448	0.8653146624565125	0.482493132352829	0.6011257171630859	0.4888620376586914	0.8827926516532898	0.19703759253025055	1.1337865591049194	0.4238586723804474	0.5504619479179382	0.5085124969482422	0.24496403336524963	1.3078601360321045	0.12288253009319305	0.44831743836402893	0.2917487323284149	1.336997389793396	1.2342721223831177	0.2462509721517563	0.13905452191829681	0.2045540064573288	0.4267836809158325	0.4482730031013489	0.6510025858879089	0.0	0.44790273904800415	0.20628677308559418	0.0225776769220829	0.5551853179931641	0.04619736224412918	0.1742858737707138	0.0	0.5693625807762146	1.2223997116088867	0.18823401629924774	0.806390643119812	0.43909913301467896	1.0566825866699219	0.6712526082992554	0.47637030482292175	0.9140673875808716	0.28039026260375977	0.5518584847450256	0.5346342325210571	0.464336097240448	0.20412176847457886	0.7302016019821167	0.5859601497650146	0.2616991400718689	0.20744752883911133	0.18763291835784912	0.3439871668815613	1.1718955039978027	0.4456776976585388	0.3029429018497467	0.30775177478790283	0.2151602804660797	0.22860467433929443	0.27448803186416626	0.40097907185554504	0.42795756459236145	0.30109483003616333	0.7613645792007446	0.6310167908668518	0.22499901056289673	0.5925809144973755	0.6727522611618042	0.7978979349136353	0.19959500432014465	0.3786129355430603	0.22588522732257843	0.31005266308784485	0.46861720085144043	0.369416743516922	0.5356323719024658	0.5573235750198364	0.33518436551094055	0.885277271270752	0.4282833933830261	0.9126064777374268	0.8183204531669617	0.36901983618736267	0.15803100168704987	0.25798046588897705	0.7183223962783813	0.8600254058837891	0.27226361632347107	0.28732529282569885	0.8698694705963135	0.06383620947599411	0.12572723627090454	1.0013943910598755	0.48544183373451233	0.5772784948348999	0.592406153678894	1.0483143329620361	0.5785307884216309	0.3810395896434784	0.17627829313278198	0.34180617332458496	0.5022509098052979	0.4990350604057312	0.728976845741272	0.38261106610298157	0.4284703731536865	0.7509426474571228	0.37539181113243103	0.5400051474571228	0.7674701809883118	0.4647398591041565	1.0415921211242676	0.5545767545700073	0.1785850077867508	0.6738254427909851	0.5128951072692871	0.47065454721450806	0.23189251124858856	0.29439666867256165	0.16328594088554382	0.35052379965782166	0.2906845510005951	0.39557644724845886	0.6244068145751953	0.8557624816894531	0.7326671481132507	0.6605183482170105	0.5640649795532227	1.1898281574249268	1.2187132835388184	0.00315282354131341	1.0487197637557983	0.41839897632598877	0.6060516238212585	0.7724924087524414	0.593103289604187	0.20411963760852814	0.3639657199382782	0.9073973894119263	0.8339295983314514	0.18343527615070343	0.5303741693496704	0.3115864396095276	0.5432674288749695	0.02046211063861847	0.0	0.6305223107337952	0.518538773059845	0.044380128383636475	0.8625770211219788	0.1949453353881836	0.1474231481552124	0.5921517610549927	0.2397688627243042	0.5360081791877747	0.7256823182106018	0.34199419617652893	0.013955192640423775	0.2346905916929245	0.6034309267997742	0.9497689008712769	0.8443740010261536	0.143927663564682	0.5904179215431213	0.3641446530818939	1.0851210355758667	0.31776943802833557	0.561106264591217	0.2705293893814087	0.29952600598335266	0.3123396337032318	0.8620139956474304	0.801205039024353	0.5641542077064514	0.017662951722741127	0.7677369713783264	0.6343700289726257	0.1315142810344696	0.471893846988678	0.9467964768409729	0.6164404153823853	0.5164365768432617	0.6204411387443542	0.06798932701349258	0.5235854387283325	0.4652242958545685	0.34418973326683044	0.2669278383255005	1.6382633447647095	0.9177802801132202	0.5081759095191956	0.39529988169670105	1.611933708190918	0.5683591365814209	0.5135126709938049	0.3396046757698059	0.5703328251838684	0.7415549159049988	0.39966070652008057	0.7097511291503906	0.39288294315338135	0.34179243445396423	0.4897066354751587	0.49006110429763794	0.0712815374135971	0.0330582931637764	0.6740671396255493	0.6200123429298401	0.11011271923780441	0.21042558550834656	0.2618754804134369	0.6671279668807983	0.33411285281181335	0.7148935198783875	0.037552956491708755	0.45468398928642273	1.1915926933288574	0.7799504995346069	0.3061162829399109	0.6426103115081787	0.1300300508737564
0.035411857068538666	0.43599528074264526	0.2936173379421234	1.1090114116668701	1.4198198318481445	0.19430707395076752	0.615449070930481	0.438377320766449	0.9204995036125183	0.5073828101158142	0.09918148815631866	0.2160726636648178	1.140770673751831	0.7191391587257385	0.48795732855796814	0.36950698494911194	0.891075849533081	0.5693659782409668	0.46605080366134644	0.32638856768608093	0.7006837129592896	0.26278558373451233	0.2914189398288727	0.291263610124588	0.6012862324714661	0.8995701670646667	1.0929832458496094	0.8282314538955688	0.43442749977111816	0.44053953886032104	0.6202320456504822	0.6464356780052185	0.7998275756835938	0.49852684140205383	0.45562848448753357	0.317600280046463	0.17279043793678284	0.4631136655807495	0.7104745507240295	0.81305992603302	0.06364095211029053	0.03989001363515854	0.36811357736587524	0.46105095744132996	0.20838868618011475	0.47701820731163025	0.3200555741786957	0.26378974318504333	0.3654515743255615	0.12527766823768616	1.203064203262329	0.4864160120487213	0.528611421585083	0.3527699112892151	0.19170032441616058	0.24931159615516663	0.11373035609722137	0.136033833026886	0.4348359704017639	0.9970116019248962	0.23595257103443146	1.1990857124328613	0.6730444431304932	0.8233885169029236	0.4238051176071167	0.30576279759407043	0.815561830997467	0.5672814249992371	0.5073544979095459	0.6203845143318176	0.4234588146209717	0.49535730481147766	0.032962825149297714	0.26125210523605347	0.5181804895401001	1.003629446029663	0.47578415274620056	1.1124240159988403	0.6097275614738464	0.8645275831222534	0.9857549071311951	0.5722609162330627	0.4326753616333008	0.2647089958190918	0.3164862096309662	0.3784380257129669	0.8593913912773132	0.9792863130569458	0.4193045198917389	0.1693471074104309	0.5589527487754822	0.5885599255561829	0.03697482869029045	0.7316766381263733	0.6288723945617676	0.4881383180618286	0.8428019285202026	0.4091928005218506	1.046234130859375	0.0013652504421770573	0.741616427898407	0.9346873760223389	0.311481237411499	0.43932726979255676	0.7123249173164368	0.95796799659729	0.4067685008049011	0.1519816368818283	0.3606700897216797	0.5350103378295898	0.5231795310974121	0.13552777469158173	1.0821911096572876	0.44389644265174866	0.7611433267593384	0.3022025525569916	0.29448655247688293	0.5883747339248657	0.9332876205444336	0.35235923528671265	1.3575785160064697	0.332864373922348	0.2213113158941269	0.6604073643684387	0.2113761156797409	0.7538929581642151	0.2891206741333008	0.5126709938049316	0.5036478638648987	0.11472007632255554	0.31672483682632446	0.9002227187156677	0.6872471570968628	0.4172128140926361	0.26150235533714294	0.48667311668395996	0.9239409565925598	0.3727458119392395	0.5275339484214783	0.23144616186618805	0.48933589458465576	0.33695733547210693	0.0639788806438446	0.23396652936935425	0.16789405047893524	0.3686591386795044	0.5432618856430054	0.5542687177658081	1.2843959331512451	0.3146725296974182	0.4031245708465576	0.32518792152404785	0.3276824951171875	0.0	0.5612430572509766	0.36138254404067993	0.40650686621665955	1.3146477937698364	0.21606624126434326	0.3306027352809906	0.6283476948738098	0.6593523025512695	0.0598289892077446	0.5728256702423096	0.3847409784793854	0.6834749579429626	0.6958348751068115	0.36917102336883545	0.0750056654214859	1.6520971059799194	0.4616527557373047	0.32206854224205017	0.6432815194129944	0.6583350896835327	0.25159934163093567	0.21472249925136566	0.6710845232009888	1.1801812648773193	0.7890944480895996	0.3344563841819763	0.17847368121147156	1.0695581436157227	0.5963941812515259	0.9085188508033752	0.5804198980331421	0.9591817855834961	0.40988147258758545	0.3307768702507019	0.2839947044849396	0.28079551458358765	0.43809857964515686	0.3002316355705261	0.756040096282959	0.7096475958824158	0.33986321091651917	0.8770191669464111	0.04395580664277077	0.4973798096179962	0.7452332973480225	0.6021199226379395	0.6165910959243774	0.9472277760505676	0.5322574377059937	0.16722385585308075	0.41114377975463867	0.47849878668785095	0.4618512988090515	0.33016741275787354	0.9659376740455627	0.25849851965904236	0.47883597016334534	0.5598123669624329	0.07030452787876129	0.2977272570133209	0.9139785766601562	0.5922186374664307	0.5900577306747437	0.21722687780857086	0.594189465045929	0.15206214785575867	0.08769112825393677	0.2144162356853485	0.24415850639343262	0.2605855464935303	0.37282052636146545	0.35068780183792114	0.6212418079376221	0.9431549310684204	0.44748830795288086	0.5287659168243408	0.2589080333709717	0.5212453007698059	0.5189574956893921	1.472237467765808	0.31809040904045105	0.517301619052887	0.31068897247314453	0.8309094309806824	0.4736289381980896	0.24781988561153412	0.4765133559703827	0.4263399541378021	0.27804937958717346	0.2561246454715729	0.6108831167221069	0.48163747787475586	0.41260579228401184	0.5079116821289062	0.35939568281173706	0.7196493148803711	0.2968688905239105	0.3700699210166931	0.08702380210161209	1.2324879169464111	0.528459370136261	0.45229002833366394	0.21437454223632812	0.7162672877311707	0.1541726142168045	0.22885316610336304	1.0255377292633057	0.7150014042854309	0.6035684943199158	0.38283005356788635	0.011156264692544937	0.2655520439147949	0.4488203525543213	0.19791057705879211	0.5716254115104675	0.380208283662796	0.6398829221725464	0.34090569615364075	0.08024436235427856	0.5701236128807068	0.08083855360746384	0.5982741713523865	0.277084082365036	0.23641976714134216	0.3381744623184204	0.7826269268989563	0.16304004192352295	0.20617347955703735	0.27099019289016724	0.35459575057029724	0.8506078124046326	0.40944531559944153	0.40622472763061523	0.5558956265449524	0.05973707139492035	0.3121102452278137	0.7389540672302246	0.5216352939605713	0.6424044966697693	0.7454456686973572	0.28487229347229004	0.15093475580215454	0.4134038984775543	0.21331730484962463	0.8948188424110413	0.9906541109085083	0.2614244520664215	0.38632115721702576	0.9314236044883728	0.4597703814506531	0.455770879983902	0.10831891000270844	0.2438555210828781	0.4809868037700653	0.655785083770752	1.190613865852356	1.0248990058898926	0.46678659319877625	0.6877368688583374	0.5014967322349548	0.497859388589859	0.5943081378936768	0.5729319453239441	0.9207265973091125	0.7780508995056152	1.3363122940063477	0.3183327317237854	0.4612491726875305	0.09075693786144257	0.865595817565918	1.1116440296173096	0.33886978030204773	0.2746232748031616	0.26487430930137634	0.3575155735015869	0.22730541229248047	0.7801940441131592	0.3199988603591919	0.33719199895858765	0.49202650785446167	1.271774172782898	0.7787131071090698	0.8229179978370667	0.040046755224466324	0.5594269633293152	0.2166658341884613	0.09044626355171204	0.5401504635810852	0.23097741603851318	0.47143036127090454	0.10957404971122742	0.6183016300201416	0.49441757798194885	0.5887823104858398	0.8241729736328125	0.17964082956314087	1.2862446308135986	0.4285499155521393	0.4701104164123535	0.5783089399337769	0.1577901840209961	0.14392726123332977	0.35915428400039673	0.42265844345092773	0.13991111516952515	0.38434019684791565	0.7004332542419434	0.5430458784103394	0.5589819550514221	0.2515734136104584	0.5816422700881958	0.9241191148757935	0.7556341290473938	0.12657806277275085	0.08970494568347931	0.21400126814842224	0.5522111654281616	0.6582674980163574	0.5633826851844788	0.4844878017902374	0.09932956844568253	0.5686743855476379	1.4510219097137451	0.2029247134923935	0.49980416893959045	0.378705233335495	0.5778923630714417	0.9599699974060059	0.47798952460289	0.4164210259914398	0.31771159172058105	0.41443121433258057	0.5021694898605347	0.340522438287735	0.589418888092041	0.2660174071788788	0.41605445742607117	0.5605233311653137	0.7307987213134766	1.0121570825576782	0.5895686149597168	0.8400344252586365	0.6991782188415527	0.3085574209690094	0.7673372626304626	0.6972041726112366	0.5353764891624451	0.3663367033004761	0.3634137511253357	0.47617366909980774	0.6399520635604858	0.20957724750041962	0.5568873882293701	0.6674788594245911	0.6316840648651123	0.2839356064796448	0.9663214683532715	0.012250986881554127	0.46960413455963135	0.13496144115924835	0.9708224534988403	0.9368718862533569	0.2141416221857071	0.8559167385101318	0.5841324925422668	0.46957463026046753	0.23441100120544434	0.1744215339422226	1.0062282085418701	0.4119759500026703	0.6247634887695312	0.21598249673843384	0.2986343204975128	0.21729764342308044	0.5267218351364136	0.4325248897075653	0.2766391932964325	0.9327316284179688	0.4462078809738159	0.5174078345298767	0.43607065081596375	0.3446289002895355	0.4342316687107086	0.8825963139533997	0.8019009828567505	0.1460656225681305	0.6962122321128845	0.5427532196044922	0.1446913182735443	0.9306652545928955	0.6477422118186951	0.7465802431106567	1.4578388929367065	0.7828641533851624	0.4998718202114105	0.26837512850761414	1.0609354972839355	0.4950820207595825	0.12769681215286255	0.9543286561965942	0.23816214501857758	0.3797757625579834	0.4591370224952698	0.5246469378471375	0.0560680627822876	0.13089248538017273	0.6553300619125366	0.2675444781780243	0.35823094844818115	0.8290250301361084	0.12427850067615509	0.30753225088119507	0.15901777148246765	0.4698581099510193	0.041819266974925995	0.4522337317466736	0.4410557746887207	0.306139200925827	0.27095916867256165	0.28684037923812866	0.8742112517356873	0.9620798230171204	0.30534279346466064	1.0561771392822266	0.34355100989341736	0.9033540487289429	0.17050504684448242	0.42158788442611694	0.743266761302948	0.4327792823314667	0.15818572044372559	0.19397085905075073	0.5643056631088257	1.4594672918319702	0.7442440390586853	0.4722288250923157	0.5802574157714844	0.3528662621974945	0.6434816718101501	0.6784207224845886	0.3594699203968048	0.7790119647979736	0.5436939597129822	0.46270811557769775	0.339404821395874	0.09994043409824371	1.246647834777832	0.3229932487010956	0.15217889845371246	0.45593616366386414	0.004229213111102581	1.200515866279602	1.0872855186462402	0.7997269630432129	0.1931130290031433	0.44944778084754944	0.49884212017059326	0.9250112771987915	1.0677136182785034	0.457749605178833	0.5627810955047607	0.26217636466026306	0.28493329882621765	0.5506202578544617	0.6555853486061096	0.7048629522323608	0.4001285433769226	0.9831479787826538	0.5678113698959351	0.35638031363487244	0.27712342143058777	0.2937028110027313	1.122182011604309	0.39240869879722595	0.8618642091751099	0.5704208016395569	1.2256906032562256	0.6528350114822388	0.4454951584339142	0.2787599265575409	0.4310247600078583	0.3963819146156311	0.3088919520378113	0.5914134979248047	0.45359838008880615	0.41151392459869385	0.7207077741622925	0.4523928761482239	0.29566675424575806	0.6278579235076904	0.2825399935245514	0.4394914507865906	0.4030054807662964	0.3882858455181122	0.9800041913986206	1.445023775100708	1.0756608247756958	0.667191207408905	0.5412270426750183	0.3370298743247986	0.4812707304954529	0.33205845952033997	0.32909440994262695	0.6399397850036621	0.5341511964797974	0.6403353214263916	0.11648590862751007	0.9433460235595703	0.33564066886901855	0.47177350521087646	0.8681082725524902	0.18015040457248688	0.3343293070793152	0.26837679743766785	0.34358885884284973	2.0557243824005127	1.0542038679122925	1.0079669952392578	1.5205647945404053	0.09967638552188873	0.27438730001449585	0.6245858669281006	0.2632582485675812	0.13626670837402344	0.5018203854560852	0.5647491216659546	0.33934175968170166	0.5493645071983337	0.3715435564517975	0.7524480819702148	0.4894970655441284	0.3560277819633484	0.4021298885345459	0.9146110415458679	0.4265156388282776	0.5880477428436279	0.5123183131217957	0.10292576253414154	0.9144798517227173	0.8087149858474731	0.3823772966861725	0.501710832118988	0.5838997960090637	0.1461944282054901	0.3775298595428467	0.6758190393447876	0.16985110938549042	0.19901786744594574	0.4672184884548187	0.7414535880088806	1.0344252586364746	0.6369888782501221	0.7387713193893433	0.2034168839454651	0.253782719373703	1.0843775272369385	0.2500557601451874	0.4546371400356293	0.20903939008712769	0.6946765184402466	0.29353177547454834	1.0330166816711426	0.26536431908607483	0.4759824573993683	0.24300478398799896	0.5605903267860413	0.15750393271446228	0.5332770347595215	0.35179755091667175	0.07478176802396774	0.31235620379447937	0.21467934548854828	1.0509450435638428	0.0345260351896286	0.8146088719367981	0.6669420599937439	0.5822444558143616	0.2154923528432846	0.29925408959388733	0.9142107963562012	0.40960681438446045	0.38172540068626404	0.6069018840789795	0.8126072287559509	0.1390484720468521	0.2237095683813095	1.1400909423828125	0.5379455089569092	0.26114416122436523	0.7068895101547241	1.4775984287261963	0.6064841151237488	0.42292213439941406	0.3120296001434326	0.9278436899185181	0.11793074011802673	0.19240932166576385	0.5886458158493042	0.4186546802520752	0.5614919662475586	0.778319776058197	0.14721576869487762	0.7477325797080994	1.27400803565979	0.1104731485247612	0.40857523679733276	0.33242204785346985	0.18580254912376404	0.4484052062034607	0.3996824622154236	0.6357704997062683	1.1451239585876465	0.6615339517593384	0.46244072914123535	1.1800312995910645	0.3981013894081116	0.18056686222553253	0.7851428389549255	0.4512517750263214	0.3682571053504944	0.8224830627441406	0.862504243850708	0.4987497925758362	0.30790945887565613	0.42200660705566406	0.1868973821401596	0.3451625108718872	0.5665267705917358	0.5114091634750366	0.1523825228214264	0.32736843824386597	0.4694565236568451	0.47314444184303284	0.5284301042556763	0.16736523807048798	0.408023476600647	1.1302770376205444	0.7582725286483765	0.34416162967681885	0.31809934973716736	0.1945039927959442	0.4827907681465149	0.36060860753059387	0.6241270303726196	0.7479209303855896	0.22224673628807068	0.40487343072891235	1.2231463193893433	0.5961665511131287	0.19725970923900604	0.52801913022995	0.3116421699523926	0.5330214500427246	0.9713324308395386	0.34716495871543884	0.7300277948379517	1.0426980257034302	0.5066512227058411	0.6906176805496216	0.3468608260154724	0.310861200094223	0.5977096557617188	0.2238989621400833	0.3726338744163513	0.933334469795227	0.7091245651245117	1.1080989837646484	0.40531641244888306	0.5486882328987122	0.7818665504455566	0.5021604299545288	0.8812335133552551	1.3338069915771484	0.14215564727783203	0.42131277918815613	0.2772334814071655	0.3041140139102936	0.4857672452926636	0.5175673961639404	0.6250768899917603	0.7354742884635925	0.7954479455947876	0.3275845944881439	0.8467625379562378	0.638653039932251	0.3557477593421936	0.7624897956848145	1.1511362791061401	0.8484548926353455	0.8077472448348999	0.21120429039001465	0.5019493103027344	0.5580331683158875	0.3219998776912689	0.3599027693271637	0.020123116672039032	0.48607292771339417	0.41488856077194214	0.49758458137512207	0.14995664358139038	0.28979843854904175	0.5133867263793945	0.403380811214447	0.5422413349151611	0.3134170174598694	0.3256864547729492	0.635127067565918	0.604777455329895	0.2584923505783081	0.9842942953109741	0.39874550700187683	0.2955573797225952	0.49022185802459717	0.9244146347045898	0.2068169265985489	0.5998184084892273	0.2829638719558716	0.5977485179901123	0.6748324632644653	0.4848739206790924	0.8101323246955872	0.1059545949101448	0.568204939365387	0.25551071763038635	0.17297230660915375	0.18465834856033325	0.4414835572242737	0.1764478236436844	1.0511740446090698	0.42861655354499817	0.41465067863464355	0.6547402143478394	0.12415669858455658	0.4443475902080536	0.14232636988162994	0.36851567029953003	0.39577627182006836	0.303286075592041	0.5826430320739746	0.5222358107566833	0.6485998630523682	0.5995897650718689	1.6140520572662354	0.3496658504009247	0.21034246683120728	0.9646037817001343	0.8841397762298584	0.40405216813087463	0.39103755354881287	0.661922037601471	0.27587389945983887	0.021104712039232254	1.0074807405471802	0.9419258832931519	0.40928494930267334	0.2823823392391205	0.04356273263692856	1.2538800239562988	0.35431361198425293	0.5217129588127136	0.11226633936166763	1.2820371389389038	0.4557270109653473	1.0353761911392212	0.0950915664434433	0.05418560653924942	0.5134866237640381	0.36078906059265137	0.5527924299240112	0.5719171762466431	0.34615129232406616	0.9211562275886536	0.522974967956543	0.44681042432785034	0.9010820984840393	0.23060627281665802	0.4341827630996704	0.6285973787307739	0.7615842819213867	1.2448629140853882	1.003438949584961	0.8718935251235962	0.1438719779253006	0.979400098323822	0.39305830001831055	0.3243333697319031	1.0002926588058472	0.3455335199832916	0.7374545931816101	0.28142037987709045	0.8923907279968262	0.8789086937904358	0.3578230142593384	0.4852011501789093	0.20132477581501007	0.10460314154624939	0.7477977275848389	0.17352943122386932	0.9332559108734131	0.7563290596008301	0.3119715452194214	0.45540934801101685	0.5257536768913269	0.6385542750358582	0.6982743740081787	0.563493549823761	0.7400156855583191	0.180063396692276	0.3284797668457031	0.7637782692909241	0.583349347114563	0.32711172103881836	0.8884285688400269	0.10409937798976898	0.3287700414657593	0.7849758863449097	0.6940869092941284	0.7056962251663208	0.6751659512519836	0.6070908308029175	0.5859394073486328	0.5709534287452698	0.4872685968875885	0.7732052206993103	0.6294713020324707	0.540546715259552	0.12130159139633179	1.139139175415039	0.24328958988189697	0.34079408645629883	0.33110255002975464	0.43281400203704834	0.4895899295806885	0.3932880759239197	0.7762148380279541	0.3134828209877014	0.644432783126831	0.4634380340576172	0.446408212184906	0.5626116394996643	1.0204015970230103	0.6873162388801575	0.08314860612154007	0.0	0.5626990795135498	1.2300695180892944	0.18068218231201172	0.5858035087585449	0.763011634349823	0.39310967922210693	0.29758623242378235	1.1184616088867188	0.6159117221832275	0.5963942408561707	0.45424458384513855	0.33645379543304443	0.4360710382461548	0.6552035808563232	0.20970730483531952	0.5324051976203918	0.38325390219688416	0.48424017429351807	0.34163403511047363	0.0930650383234024	0.29982298612594604	0.6316133737564087	0.42955684661865234	0.6317633390426636	0.012686427682638168	0.19652703404426575	0.14154288172721863	0.39560726284980774	0.8265601396560669	0.8029272556304932	0.1939886212348938	0.4750429391860962	0.7875080108642578	0.9461679458618164	0.4520737826824188	0.20161882042884827	0.45940229296684265	0.4277276396751404	0.5465859174728394	0.3171769678592682	0.35854098200798035	0.6099679470062256	0.8430210947990417	0.6362950801849365	0.7413987517356873	0.2865026593208313	0.23686102032661438	0.42892760038375854	0.8603747487068176	0.5379945635795593	0.57773357629776	0.3319912850856781	1.0550023317337036	0.6339482069015503	1.4177031517028809	0.6255744695663452	0.5994837880134583	0.31912919878959656	0.853969931602478	0.19050754606723785	0.36249345541000366	0.5313796997070312	0.1779213696718216	0.5559048056602478	0.6084800362586975	0.6526042222976685	0.36877015233039856	1.1735527515411377	0.6267043352127075	0.21285784244537354	1.9156008958816528	0.8476313352584839	0.11304894834756851	0.5623018145561218	0.5913300514221191	0.5222216844558716	0.2627836763858795	0.0840119868516922	0.3771546185016632	0.32939884066581726	0.6086186170578003	0.2950303852558136	0.09623968601226807	0.2381604164838791	0.4290834367275238	0.48427605628967285	0.6396103501319885	0.3717442452907562	0.6213758587837219	0.5278788208961487	0.9598051309585571	0.7082477807998657	0.3707796633243561	0.15730257332324982	0.8900488615036011	0.22884221374988556	1.4638780355453491	0.5733580589294434	0.894227147102356	0.4977147579193115	0.7704282402992249	0.12962916493415833	0.5752657055854797	0.6191147565841675	0.7675716876983643	0.3930869996547699	0.14935144782066345	0.15536773204803467	0.258528470993042	0.24838951230049133	0.5627231001853943	0.402750164270401	1.0922467708587646	0.0053484681993722916	0.9870355725288391	0.4535662531852722	0.359706848859787	1.053418755531311	0.5688382983207703	0.1131177693605423	0.2979435622692108	0.3994554281234741	0.3788517713546753	0.2524387240409851	0.5582883954048157	0.6223347187042236	0.5795921087265015	0.1326974481344223	0.7991946935653687	0.6523582339286804	0.26826995611190796	0.1810619831085205	0.3307792544364929	0.8064261674880981	0.32876476645469666	0.45355212688446045	0.8199359178543091	0.8571489453315735	0.4385265111923218	1.1586095094680786	0.4185252785682678	0.20497137308120728	0.570932149887085	0.7647863626480103	0.6301013231277466	0.9085484743118286	0.8721573948860168	0.13596507906913757	0.04463052377104759	1.3513182401657104	0.18543927371501923	0.6428959965705872	0.7304903864860535	1.06467866897583	1.0300319194793701	0.3859349191188812	0.34298425912857056	0.3582111597061157	0.5647790431976318	0.5418370366096497	0.6541697978973389	0.5849941372871399	0.8492890000343323	0.6468670964241028	0.6173473000526428	0.5937081575393677	0.45469793677330017	0.19307692348957062	0.1920001357793808	0.4243403673171997	0.36282068490982056	0.14506356418132782	0.6709108352661133	0.7479197978973389	0.22999165952205658	0.5197021961212158	0.2972257733345032	1.1054046154022217	0.9247838258743286	0.3382823169231415	0.6113632321357727	0.5308526158332825	0.2690730392932892	0.8980277180671692	1.2717759609222412	0.5558125972747803	0.21847841143608093	0.2896828055381775	0.35244134068489075	0.6523296236991882	1.0515415668487549	0.32682573795318604	0.19002258777618408	0.4810948371887207	1.0575188398361206	0.42685839533805847	0.10133661329746246	0.3786246180534363	1.2988824844360352	0.3120347261428833	0.6259316802024841	0.5786409378051758	0.04105694964528084	0.2705380618572235	0.2115810662508011	0.05537399649620056	1.136033535003662	0.019838254898786545	1.0123343467712402	0.5089313387870789	0.38449859619140625	0.21276786923408508	0.1841365396976471	1.1176611185073853	0.26318690180778503	0.43147537112236023	0.8150472044944763	0.44919517636299133	0.493258535861969	0.47092825174331665	1.1004087924957275	0.4749452769756317	0.1163657009601593	1.0699387788772583	0.6077978014945984	0.47264039516448975	0.6896350383758545	0.4110727906227112	0.3974342942237854	0.4796184301376343	0.45086967945098877	0.041561421006917953	0.47340643405914307	0.38572248816490173	0.8372013568878174	0.21007132530212402	0.7692697048187256	0.4196475148200989	1.0786916017532349	0.8011912703514099	0.23678220808506012	0.5332894325256348	0.5463874340057373	0.6405021548271179	0.3290659487247467	1.5732320547103882	0.7612211108207703	0.12228322774171829	0.7829384207725525	0.8328517079353333	0.2887701988220215	0.13891059160232544	0.37704819440841675	0.318101167678833	0.3273251950740814	0.1714252233505249	0.4719103276729584	0.22446317970752716	0.2059996873140335	1.1677178144454956	0.9944575428962708	0.24091559648513794	0.44348493218421936	0.4460759460926056	0.03968126326799393	0.46878325939178467	0.9978762269020081	0.7053006291389465	0.8134166598320007	0.3082938492298126	0.07056990265846252	0.111664317548275	0.3351118862628937	0.5606933832168579	0.014876056462526321	0.3908274471759796	0.4202912449836731	0.9865890145301819	0.22799479961395264	0.9754205942153931	0.4420679211616516	0.5115185379981995	0.4126270115375519	0.40141409635543823	0.515448808670044	0.32082289457321167	0.2552383542060852	0.8398638367652893	0.8507547378540039	0.39745891094207764	0.21723419427871704	0.2234252691268921	0.3374864459037781	0.2915559709072113	0.5622150897979736	0.40875861048698425	0.4720626771450043	0.42387714982032776	0.2912982106208801	0.5251224637031555	0.6873058676719666	0.21805280447006226	0.34541311860084534	1.3114521503448486	0.6317155361175537	0.45222896337509155	0.3801756501197815	0.5093718767166138	0.3229671120643616	0.47687408328056335	0.3245324194431305	0.7367603182792664	0.22530312836170197	0.22032809257507324	0.35940203070640564	0.778561532497406	0.8589128851890564	0.5122066140174866	0.22634059190750122	0.4830077886581421	0.594819962978363	0.8573358654975891	0.580937922000885	0.06796087324619293	0.2673336863517761	0.6785826086997986	0.16153398156166077	0.796939492225647	0.5689094066619873	0.7890299558639526	0.0	0.8904229998588562	0.44639459252357483	0.4790867865085602	0.1764279156923294	1.1193718910217285	0.6572997570037842	0.5533870458602905	0.4318198561668396	0.34103327989578247	0.991887092590332	0.6376731991767883	0.27772200107574463	0.4117373824119568	0.6891202330589294	0.4423134922981262	1.286522626876831	0.6475279331207275	0.7054021954536438	0.23917977511882782	0.6124926805496216	0.3078504204750061	0.8351643085479736	0.6582187414169312	0.7803612947463989	0.4149323105812073	0.47952625155448914	0.14753982424736023	0.5662999749183655	0.4393027424812317	0.8432781100273132	0.41880542039871216	0.6057416796684265	0.36220863461494446	1.0990111827850342	0.2519865930080414	0.6320708394050598	0.1945001482963562	0.5885700583457947	0.1352619081735611	0.41699132323265076	0.02863410860300064	0.4752466082572937	0.14246012270450592	0.2824094593524933	0.7064006328582764	0.560401201248169	0.7353102564811707	0.44144120812416077	1.8612030744552612	0.6702337265014648	0.40807509422302246	0.6198449730873108	0.4858207702636719	0.17955225706100464	0.6592691540718079	0.24216492474079132	0.8268243670463562	1.3374063968658447	0.9273680448532104	0.738634467124939	1.003483772277832	0.42702966928482056	0.43355587124824524	0.6925985813140869	0.7038648128509521	0.10336910933256149	0.1937059611082077	0.4417647421360016	0.37211793661117554	0.7077534198760986	0.8463160395622253	0.4066806435585022	0.16104085743427277	0.563462495803833	0.44642704725265503	0.44021520018577576	0.47189420461654663	0.4217120110988617	0.5406786203384399	0.5461586713790894	0.028975702822208405	0.1688777357339859	0.5416659712791443	0.3550424575805664	1.2277648448944092	0.7722558975219727	0.4445394277572632	0.3880453109741211	0.2635321319103241	0.18613363802433014	1.040144681930542	0.8947142362594604	0.7063592076301575	0.510108470916748	0.4604056775569916	0.6413638591766357	0.9430014491081238	0.8790054321289062	0.9026516675949097	0.2665879726409912	0.529925525188446	0.15420077741146088	0.36728134751319885	1.205730676651001	0.3265523612499237	1.2146074771881104	0.18673638999462128	0.1540726125240326	0.1639343500137329	0.2765296399593353	0.7667867541313171	0.5663360357284546	0.47922080755233765	0.11908043920993805	0.32010722160339355	1.5557143688201904	0.8379485607147217	0.7430984973907471	0.6200792193412781	0.8293667435646057	0.4421681761741638	0.4300759434700012	0.45405006408691406	0.7401123642921448	0.33224356174468994	0.4039035737514496	0.8874848484992981	1.3096402883529663	0.8778690099716187	1.0510109663009644	0.46287065744400024	0.23140563070774078	0.5518674254417419	0.36019715666770935	0.8849577307701111	0.6345192790031433	0.5913700461387634	0.7598975896835327	0.45851773023605347	0.23423707485198975	0.4754845201969147	1.0219732522964478	0.49724286794662476	1.123399257659912	0.08519884198904037	0.7864452600479126	0.43179556727409363	0.9202544093132019	0.5821380615234375	0.6484912633895874	0.6599013805389404	0.2882136404514313	0.7839674353599548	1.0550689697265625	1.4431194067001343	0.34769687056541443	0.2892055809497833	0.3659121096134186	0.21430730819702148	0.4180281162261963	0.4364146888256073	0.9284186959266663	0.16362494230270386	0.5447666049003601	0.5286367535591125	0.7073516249656677	0.562677800655365	0.2748812437057495	0.41058921813964844	0.7273557186126709	1.5445553064346313	0.12501928210258484	0.5906887650489807	0.047048795968294144	0.008059795014560223	0.6092665791511536	0.14796215295791626	0.9401502013206482	0.3227255344390869	0.21296745538711548	0.6638875603675842	1.1858736276626587	0.2367219775915146	0.4635932445526123	0.005492213647812605	0.19348278641700745	0.7923510670661926	0.6976648569107056	0.4507032036781311	0.5150330662727356	0.07928670942783356	0.39769434928894043	0.1990436613559723	0.26362359523773193	0.8498314023017883	0.6206924915313721	0.7605304718017578	0.2180139720439911	0.3796566128730774	0.6774755716323853	0.7380388379096985	0.24781760573387146	0.764625072479248	0.44985368847846985	0.590482234954834	0.3532669246196747	0.30070599913597107	0.3542986214160919	0.6960088610649109	0.04432032257318497	0.41290155053138733	0.31766045093536377	0.6007975339889526	0.26235300302505493	0.32395029067993164	0.09090998023748398	0.5809903144836426	0.9983022809028625	0.4862852394580841	1.0685136318206787	0.2533443868160248	0.060057878494262695	0.846497118473053	0.48507773876190186	0.1446598619222641	0.6020314693450928	1.0403096675872803	0.3219447731971741	0.04344853013753891	1.07856023311615	0.5967510938644409	0.8115284442901611	0.17751237750053406	0.9462563991546631	0.2746657133102417	0.5455930233001709	1.0313727855682373	0.38816678524017334	0.3665284514427185	0.47496145963668823	0.1208302229642868	0.7534160017967224	0.8204264044761658	0.6131100654602051	0.9651641845703125	0.04820701852440834	0.7931654453277588	0.22985079884529114	0.5031418204307556	0.6491682529449463	0.12791386246681213	0.1961323618888855	0.5045152306556702	0.617499589920044	1.1418209075927734	0.41971278190612793	0.24745841324329376	0.5957679748535156	0.5933408737182617	0.9784866571426392	0.35208141803741455	0.18327465653419495	0.2347179800271988	0.2466128021478653	0.5280992984771729	0.40158507227897644	0.6012680530548096	0.5443225502967834	0.27854570746421814	0.6007703542709351	0.6656627058982849	0.3350273370742798	0.18058612942695618	0.401314377784729	0.19748081266880035	0.07745550572872162	0.6285772323608398	0.5765572190284729	0.3375546336174011	0.19781561195850372	1.1938276290893555	0.10068431496620178	0.6532647609710693	0.6366750001907349	0.4791431427001953	0.9656969904899597	1.0548839569091797	0.375486820936203	0.9880669116973877	0.5335255861282349	0.4891900420188904	0.5890069007873535	0.07411748170852661	0.8963518738746643	0.5202352404594421	0.21245554089546204	0.4396970272064209	0.37808603048324585	0.25300347805023193	0.33486196398735046	0.35649240016937256	0.11111535876989365	0.8563708662986755	0.40482568740844727	1.2525880336761475	0.6181308031082153	0.13744089007377625	0.7808135747909546	0.40017831325531006	0.9243171811103821	0.28219354152679443	0.5753076672554016	0.5996149778366089	0.716601550579071	0.5637632012367249	0.7026236057281494	0.372314453125	0.4916825592517853	0.10740622133016586	0.8227760791778564	0.3284680247306824	0.11687904596328735	0.1958446204662323	0.1993420124053955	0.8262546062469482	0.3527228534221649	1.2837220430374146	0.3178817629814148	0.6146413087844849	1.0557613372802734	0.5317249894142151	0.8740320205688477	0.5646588802337646	0.33815494179725647	0.3606104552745819	0.13600188493728638	0.3729948103427887	0.031982578337192535	0.35703298449516296	0.36199894547462463	0.7681533694267273	0.40426525473594666	0.38202226161956787	0.5254956483840942	0.535947322845459	0.19470825791358948	0.3406650424003601	1.1213350296020508	0.9033024311065674	0.5332359075546265	0.7143131494522095	0.31387031078338623	0.4232519865036011	0.2881779670715332	0.45134711265563965	0.5155606865882874	1.380997657775879	0.710808515548706	0.8144038915634155	1.3481682538986206	0.8728217482566833	0.2765231728553772	0.4748246967792511	0.5155932903289795	0.32569971680641174	0.4016989469528198	0.5658258199691772	0.15095970034599304	0.6031849980354309	0.45304590463638306	0.9404478669166565	0.35542720556259155	0.6458266973495483	0.14415760338306427	0.17064349353313446	0.25526493787765503	0.5099048018455505	0.1227186843752861	0.354825496673584	0.6243404746055603	0.4462865889072418	0.37143024802207947	0.8223304748535156	0.4298558533191681	0.2861711084842682	0.6211303472518921	0.020873449742794037	0.517797589302063	0.9408000707626343	0.02741902880370617	0.18983858823776245	0.00448198989033699	1.2860691547393799	0.024783285334706306	1.6935014724731445	0.5654790997505188	0.4851696193218231	0.4403562545776367	0.4499330222606659	0.6392549872398376	0.46005553007125854	0.11062333732843399	0.4359898269176483	0.3700040280818939	0.2121024876832962	0.2371157556772232	0.4184752106666565	0.7646443247795105	0.5127246379852295	0.5559244155883789	1.086338996887207	0.48506397008895874	0.48930472135543823	0.7595220804214478	0.589878261089325	0.1588330864906311	0.41280317306518555	0.42355218529701233	0.23010052740573883	0.32498589158058167	0.6615829467773438	0.09536996483802795	1.1715178489685059	0.39850348234176636	0.07184290140867233	0.18668465316295624	1.0640732049942017	0.16188320517539978	0.81162029504776	0.07496967911720276	0.8038853406906128	0.24091798067092896	0.35162949562072754	0.025439299643039703	0.8534495234489441	0.7510766386985779	0.5889727473258972	1.3375952243804932	1.0079574584960938	1.0776491165161133	0.5195828676223755	0.5781660079956055	0.3354169726371765	1.1087061166763306	0.9842740893363953	0.42882850766181946	0.5739070773124695	1.061405897140503	0.1897638589143753	0.6035657525062561	0.4884428083896637	1.2176923751831055	0.6038914918899536	0.7272093296051025	0.691612184047699	0.5369733572006226	0.7426506876945496	0.13379843533039093	0.321565717458725	0.4313660264015198	0.990408182144165	1.1712756156921387	0.7661557793617249	0.32807615399360657	0.4187161326408386	0.1707853376865387	0.9419937133789062	0.1567128598690033	0.5498113632202148	0.895577073097229	0.603039026260376	0.6786659955978394	0.9729012846946716	0.6652926206588745	1.2201743125915527	0.2303926646709442	0.4308191239833832	1.362650752067566	0.11260153353214264	0.7081919312477112	0.4742494225502014	0.4957258701324463	0.19510318338871002	0.2113151252269745	0.3495514690876007	0.15301518142223358	0.08793825656175613	0.45785850286483765	0.5655177235603333	0.8329470753669739	0.5773078203201294	0.05194558948278427	0.8109091520309448	0.37464672327041626	1.6821547746658325	0.20882323384284973	0.8240795731544495	0.67588210105896	0.1576087474822998	0.6781034469604492	0.5308748483657837	0.34468376636505127	0.780928373336792	0.6849681735038757	0.1272377073764801	0.22917062044143677	0.27428773045539856	0.2127736508846283	0.5277512669563293	0.15130719542503357	0.20420724153518677	0.31479284167289734	1.188201904296875	0.5535215735435486	0.4018419086933136	0.6691471934318542	1.0563182830810547	0.20288579165935516	0.10674586892127991	0.10847480595111847	1.3467304706573486	1.1710268259048462	0.7550601363182068	1.0405385494232178	0.7840152382850647	0.2969355285167694	0.6521714329719543	0.43935802578926086	0.5323025584220886	1.0433683395385742	0.130039244890213	0.4084208607673645	1.1228559017181396	0.2338322103023529	0.3702719509601593	0.559014081954956	0.9371472597122192	0.10174588859081268	0.6815370321273804	0.2895335853099823	0.348654568195343	0.18305766582489014	0.234079509973526	0.9149942398071289	0.7303020358085632	0.48044174909591675	0.37671712040901184	0.20119871199131012	1.0049502849578857	0.7311518788337708	0.3305349349975586	0.8073478937149048	0.5829992294311523	0.7392045855522156	0.5291316509246826	0.3684737980365753	0.6095400452613831	0.7132549285888672	0.4875639081001282	0.932213544845581	1.3511271476745605	1.2411855459213257	0.4353182017803192	0.09151739627122879	0.791650116443634	0.2694738209247589	0.3841720521450043	0.5483414530754089	0.5104543566703796	0.46889662742614746	0.8880027532577515	0.5194805860519409	0.9066216945648193	0.9073770046234131	1.1488639116287231	0.6370086073875427	0.38253599405288696	0.3932320177555084	0.23031744360923767	1.1750010251998901	0.1221921369433403	0.6332721710205078	0.2075381726026535	0.24375984072685242	0.05431176722049713	0.5482462644577026	0.025765681639313698	0.2544685900211334	0.24905182421207428	0.8254361152648926	0.17606395483016968	0.24659126996994019	0.6494216918945312	0.6554688215255737	0.3677975833415985	0.21103420853614807	0.359548956155777	0.15441061556339264	0.7181763648986816	0.26567375659942627	0.705136775970459	1.0783777236938477	0.04778125137090683	0.47505590319633484	1.4357092380523682	0.2093357890844345	0.7437610626220703	0.1707596629858017	0.2679312229156494	0.19860544800758362	0.4795438349246979	1.494225263595581	0.5804382562637329	0.5057921409606934	0.677203893661499	1.3571803569793701	0.950635552406311	0.31039145588874817	0.9455923438072205	0.9676437377929688	0.5111798048019409	0.7153364419937134	0.3172893524169922	0.025674739852547646	0.3017219305038452	0.12253614515066147	0.18177327513694763	0.1757010519504547	0.2903006672859192	0.47899144887924194	0.298809677362442	0.28318020701408386	0.3542947471141815	0.7150970101356506	0.21566548943519592	0.676243782043457	1.180565595626831	0.9607107639312744	0.4271767735481262	0.3207293748855591	0.6025259494781494	0.3599833846092224	0.32235732674598694	1.351471185684204	0.47420746088027954	0.4927958846092224	0.7330914735794067	0.31292906403541565	0.3681807518005371	0.40575969219207764	0.6662876605987549	0.39987218379974365	0.35097235441207886	0.0934508740901947	0.778948962688446	0.6779041290283203	1.2784746885299683	0.42706358432769775	0.4530262351036072	0.4578898847103119	0.6110721230506897	0.7518081068992615	0.6989074945449829	0.23739546537399292	1.0798529386520386	0.47985124588012695	0.7929186820983887	1.0885876417160034	0.3590315580368042	0.5139404535293579	0.5968320965766907	0.38717013597488403	0.5222408771514893	0.6077138185501099	0.4746971130371094	0.5044069886207581	0.5313124656677246	0.38552623987197876	0.020376048982143402	0.7482618689537048	0.6097246408462524	1.2021193504333496	0.06997103244066238	0.7706985473632812	0.9444520473480225	0.9878564476966858	0.3473583459854126	0.14221791923046112	0.7523623704910278	1.160866141319275	0.8231011629104614	0.15569309890270233	0.11412332952022552	0.42397284507751465	0.6023421287536621	0.6833533644676208	0.20216679573059082	0.2992715835571289	0.28448814153671265	0.44256317615509033	0.2848685085773468	0.20519468188285828	0.9283519387245178	1.0050711631774902	0.7904290556907654	0.6047659516334534	0.5564090013504028	0.12400785088539124	0.47826218605041504	1.2146449089050293	0.47544145584106445	0.44180023670196533	0.28367531299591064	0.6688852310180664	0.5475019216537476	0.22655852138996124	0.3191806972026825	1.4581148624420166	0.2706402540206909	0.754716157913208	0.24662385880947113	0.5633063912391663	0.45445549488067627	0.26265406608581543	0.8732483983039856	0.5442772507667542	0.8002678155899048	0.06689117848873138	0.28599485754966736	0.3525151312351227	0.6883649230003357	0.7328150272369385	1.4403009414672852	0.49564510583877563	0.22458037734031677	0.535954475402832	0.7663388848304749	1.3018782138824463	0.5050625801086426	0.5255665183067322	0.8123413920402527	0.7999097108840942	0.42232462763786316	0.0012080799788236618	0.39773431420326233	0.33423590660095215	0.11361102014780045	0.368274062871933	0.2028648406267166	0.4557811915874481	0.6634052991867065	0.21281462907791138	0.31940439343452454	0.5357072353363037	0.3725549578666687	1.011005163192749	0.5647459626197815	0.4267871081829071	0.7533589601516724	0.5694789290428162	0.31002771854400635	0.5778310298919678	0.29501086473464966	0.9377628564834595	0.5108258128166199	0.695129930973053	0.423241525888443	0.4252975285053253	0.6668801307678223	0.5832512378692627	0.7840831279754639	0.28454476594924927	0.1909710168838501	0.6675969362258911	0.7949814200401306	0.2165750414133072	0.3338826894760132	0.16437093913555145	1.3532931804656982	0.22362841665744781	0.13489049673080444	0.9341320991516113	0.10655803978443146	1.1808751821517944	0.510619580745697	0.5975605249404907	0.5771152973175049	0.8695201873779297	0.567768931388855	0.40856412053108215	0.10390139371156693	0.5638537406921387	0.8939515948295593	0.28196099400520325	0.4203876852989197	0.026029571890830994	0.14874908328056335	0.6740365028381348	0.465101033449173	0.3712889552116394	0.5424104332923889	0.6084764003753662	1.144673466682434	1.2287853956222534	0.8335896730422974	0.5833392143249512	0.43683284521102905	0.5705304145812988	0.535673201084137	0.3615919351577759	0.2144237756729126	0.22230763733386993	0.4750698208808899	0.7816258668899536	1.002917766571045	0.4685628414154053	0.3616075813770294	0.8605906367301941	0.6286115646362305
1.0447436571121216	0.952578604221344	0.6150987148284912	0.47888004779815674	0.8566610813140869	0.4677070379257202	0.3812538981437683	0.48356446623802185	0.6843404173851013	0.1502140760421753	1.51356041431427	0.3689500093460083	1.0628232955932617	0.5245332717895508	0.3375433087348938	0.5739744901657104	0.45415952801704407	0.27887243032455444	0.2224843055009842	0.4520721435546875	0.7273977398872375	0.4215944707393646	0.9087718725204468	0.7253553867340088	0.3682730197906494	0.7201589345932007	0.7362439036369324	0.7011574506759644	0.5321936011314392	0.25551897287368774	0.6827483177185059	0.31807273626327515	0.6433677673339844	0.37103399634361267	0.3990069031715393	0.40507733821868896	0.46121349930763245	0.5809754729270935	0.5301614999771118	0.18506759405136108	0.26226314902305603	0.41758963465690613	0.3139772415161133	0.4348851442337036	0.2439289093017578	0.542230486869812	0.25076955556869507	0.5655298829078674	0.49030494689941406	1.1780489683151245	0.20060595870018005	0.305588960647583	0.212586909532547	0.33954644203186035	0.648132860660553	0.26835641264915466	0.5044907331466675	1.5728552341461182	0.8254879117012024	1.0287888050079346	0.13847282528877258	0.5099580883979797	0.7314680814743042	0.46514269709587097	0.26505810022354126	0.8160523176193237	0.3755461573600769	0.3497479557991028	0.2709308862686157	0.6197376251220703	0.4002850651741028	0.21244582533836365	1.5835754871368408	0.9781069159507751	0.5741385817527771	0.6303352117538452	0.12342096865177155	0.6385042071342468	1.046218752861023	0.7761592864990234	1.139763593673706	0.49642956256866455	0.7990762591362	0.3752610385417938	1.1030018329620361	0.596219003200531	0.8221509456634521	0.9460243582725525	0.38617220520973206	0.13893859088420868	0.7436810731887817	0.4669223129749298	0.09198746830224991	0.8399937152862549	0.4158841073513031	0.6337766647338867	1.1603155136108398	0.44112837314605713	0.38832733035087585	1.2944765090942383	0.8977352976799011	0.6648827791213989	0.4305206537246704	0.8415197730064392	0.7609626054763794	0.8711638450622559	0.6891461610794067	1.3764299154281616	0.10363081097602844	0.3768356442451477	0.4639938771724701	1.6315231323242188	0.5926613807678223	0.2373206466436386	0.1656080037355423	0.5954594612121582	0.5086340308189392	1.219204306602478	0.718302845954895	0.293319433927536	0.17622023820877075	0.41125911474227905	0.48282212018966675	0.4350837767124176	0.48162898421287537	0.42074257135391235	0.2333088368177414	0.5159873366355896	1.1432554721832275	1.2273776531219482	0.19664843380451202	0.25801077485084534	0.33814793825149536	0.16528084874153137	0.5013220906257629	0.18312887847423553	0.9008305668830872	0.4657053053379059	0.37346747517585754	0.3725515902042389	0.25040221214294434	0.051062315702438354	0.67603600025177	0.16223996877670288	0.520209550857544	0.3489168584346771	0.7150533199310303	0.6186214089393616	1.0039703845977783	0.5834311246871948	0.5354308485984802	0.2601134777069092	0.6019212007522583	0.18972891569137573	0.24416477978229523	0.40561428666114807	0.5848917961120605	0.1250004917383194	0.37924203276634216	0.46378421783447266	0.5967092514038086	0.5313051342964172	0.5458694100379944	0.295077383518219	0.3621039390563965	0.4824290871620178	0.1650136262178421	0.2735801041126251	0.35554736852645874	0.19156943261623383	0.7399700880050659	0.3577912747859955	0.265810489654541	0.8625442385673523	0.4432561695575714	0.22156895697116852	0.31790006160736084	0.4193480610847473	0.6211313605308533	0.28976747393608093	0.40729382634162903	0.9589318633079529	0.41412073373794556	0.5176407098770142	0.6827504634857178	0.8747653961181641	0.47539710998535156	0.20721867680549622	1.3510715961456299	0.32871344685554504	0.44138604402542114	0.23029030859470367	0.3393762409687042	0.522011935710907	0.2595770061016083	0.29916611313819885	0.15449124574661255	0.19374802708625793	0.7132304906845093	0.2915758490562439	0.7732804417610168	0.13201764225959778	0.6095073223114014	0.4165433943271637	0.9324826002120972	0.31759288907051086	0.7288886308670044	0.5231558084487915	0.316107839345932	0.25542372465133667	0.5415880680084229	0.22664296627044678	0.3710557222366333	0.42982351779937744	1.4417163133621216	0.5147382020950317	0.8491576313972473	0.17694179713726044	0.487282395362854	0.7513197660446167	0.5215731859207153	0.49145641922950745	0.399770587682724	0.7694623470306396	0.3752322196960449	0.1396643966436386	0.2891277074813843	0.24728132784366608	0.2685210704803467	1.075495958328247	0.34165558218955994	0.504650890827179	0.32164421677589417	0.8352331519126892	0.9684974551200867	0.36231717467308044	0.160042405128479	0.6727895140647888	0.4307132363319397	0.2498912662267685	0.6051764488220215	0.19161397218704224	1.17690110206604	0.45307233929634094	0.3506149351596832	0.6420884728431702	1.434975028038025	0.7392126321792603	0.16016042232513428	0.3663516044616699	1.1606982946395874	0.16821211576461792	1.0627888441085815	0.5399119257926941	0.3617439270019531	0.9831857681274414	1.208372950553894	0.6246510744094849	1.1362518072128296	0.48377007246017456	0.3155742287635803	1.1489288806915283	0.06514187902212143	0.5530826449394226	0.8504124879837036	0.20027969777584076	0.35351449251174927	0.22818340361118317	0.581671953201294	0.4811376929283142	0.8383597731590271	1.0722947120666504	0.9978040456771851	0.10735581815242767	0.8142921328544617	0.3954426646232605	0.5005709528923035	0.5327391028404236	0.35719841718673706	1.0285899639129639	0.8293706178665161	0.9432780742645264	0.5492963790893555	0.4256705641746521	0.2546398639678955	1.6681175231933594	0.3744164705276489	0.9426546096801758	0.5042756199836731	0.2572270929813385	0.8479987978935242	0.2645619213581085	0.5872148871421814	0.19981521368026733	0.5648597478866577	0.7933422327041626	0.17252996563911438	0.5809382200241089	0.43266594409942627	0.2331446260213852	0.05154645815491676	0.28151869773864746	0.39900222420692444	0.6416798830032349	0.8157473802566528	0.27594512701034546	0.5372998714447021	1.6683003902435303	0.2617439031600952	0.9744888544082642	0.11610876023769379	0.6525269746780396	0.14647740125656128	0.3620019853115082	0.7175372838973999	0.30139198899269104	0.680893063545227	0.7647659778594971	0.5721722841262817	1.2643795013427734	0.4497501850128174	0.5986548662185669	0.22991500794887543	0.6489978432655334	0.4090440273284912	0.6140925884246826	0.522929847240448	0.25891008973121643	0.45790767669677734	0.06994340568780899	1.0589300394058228	0.31859663128852844	0.19303865730762482	0.8105078935623169	0.9118900299072266	0.13990385830402374	0.22234676778316498	0.803885817527771	0.3293624222278595	0.9828370809555054	0.23687249422073364	0.2850405275821686	0.4204065203666687	0.4428909122943878	0.4912179410457611	0.5409883856773376	0.5490320324897766	0.2104034721851349	0.4445918798446655	0.6804271340370178	0.5641669034957886	0.9418538212776184	0.34210050106048584	0.3062123954296112	0.9287364482879639	0.391814649105072	0.43743935227394104	0.6615830063819885	0.32833796739578247	0.9506155848503113	0.4047362506389618	0.10614992678165436	0.5887298583984375	0.1872110515832901	0.8895238637924194	0.44923684000968933	0.5367622375488281	1.2364513874053955	0.6274949312210083	0.3198009729385376	0.29759329557418823	0.8312473297119141	0.5327166318893433	0.911697268486023	0.4725286066532135	0.3348667621612549	1.1615428924560547	0.6378127932548523	1.0876765251159668	1.0736596584320068	0.4829007685184479	0.5505973696708679	0.8730472326278687	0.43828582763671875	0.4471762776374817	0.2827228605747223	0.23842501640319824	0.0995258241891861	0.3635047972202301	0.39102333784103394	0.2925637662410736	0.15035748481750488	0.5942053198814392	1.0284360647201538	0.27877020835876465	1.0471972227096558	0.7723380923271179	0.32254624366760254	0.2923303544521332	0.9815959334373474	0.5862114429473877	0.605466365814209	0.14547446370124817	0.8880352973937988	0.6048168540000916	0.3087816536426544	0.43842464685440063	0.7656339406967163	0.2949589490890503	0.20546013116836548	0.75350022315979	0.5863761305809021	1.1098270416259766	0.30174651741981506	0.70607990026474	0.15350733697414398	0.6806251406669617	0.4376647472381592	0.5911880731582642	0.07853445410728455	0.4230673313140869	0.19702525436878204	0.9883707165718079	0.5153229236602783	0.3992885649204254	0.45698288083076477	0.3478867709636688	1.0370337963104248	0.8013268113136292	0.27197277545928955	0.41324084997177124	0.39932799339294434	0.740142822265625	0.5941794514656067	0.30148401856422424	0.3567217290401459	0.6122774481773376	0.7471773028373718	0.45626819133758545	0.3171826899051666	0.033808231353759766	0.6227502822875977	0.32937175035476685	0.6144869923591614	0.11902929842472076	0.3916189670562744	0.8592153787612915	0.27486053109169006	0.7662633061408997	0.31846293807029724	0.7194135785102844	0.3826249837875366	0.5066320300102234	0.8221999406814575	0.48314356803894043	0.21535222232341766	0.20515306293964386	0.45381319522857666	0.7179656624794006	0.613856315612793	1.123566746711731	0.20395544171333313	0.2829125225543976	1.1245371103286743	0.5058637857437134	0.37666335701942444	0.9719196557998657	0.32168227434158325	0.6449818015098572	0.5482771396636963	0.9333107471466064	0.44333648681640625	0.5170909762382507	0.28070908784866333	0.23812292516231537	0.1336611807346344	1.081291675567627	1.0931800603866577	0.14476880431175232	0.40215739607810974	0.5513525009155273	0.29856154322624207	0.704241156578064	1.1220179796218872	1.4011516571044922	0.26353827118873596	0.3696351945400238	0.14389614760875702	0.7127334475517273	0.4581117331981659	0.28268516063690186	0.42089399695396423	0.5626538991928101	0.5607942342758179	0.6607726812362671	0.6446937322616577	0.5192811489105225	0.30387240648269653	0.22278058528900146	0.24282601475715637	0.6473602056503296	0.36756476759910583	0.6233717799186707	0.27768656611442566	0.8011751174926758	0.08894950896501541	0.5561823844909668	0.1576732099056244	0.5542437434196472	0.2810610234737396	0.1970645636320114	0.6734039187431335	0.30180978775024414	1.4330105781555176	0.3959837853908539	0.3194241225719452	0.4924831986427307	0.2660353183746338	1.111724853515625	0.6105167865753174	0.629385769367218	0.5636993050575256	0.5152144432067871	1.1589275598526	0.2571471929550171	0.2905973196029663	0.2396448850631714	0.8548675775527954	0.7416541576385498	0.334392786026001	0.6761452555656433	0.11437568068504333	1.1079384088516235	1.179078459739685	0.6963909268379211	0.36479705572128296	0.4180296063423157	0.4718722701072693	0.4740978479385376	0.4113765358924866	0.8981726169586182	0.38199037313461304	0.17148329317569733	0.701744556427002	0.4495973587036133	1.0510329008102417	0.33260634541511536	0.38954514265060425	0.6476824879646301	0.8706432580947876	0.6176304817199707	0.7336372137069702	0.34530109167099	0.42894506454467773	0.9925193190574646	0.9782691597938538	0.4509127140045166	0.6247522830963135	0.7974506616592407	0.26785144209861755	0.6179763078689575	0.017726749181747437	0.4980927109718323	0.12056531757116318	0.23374736309051514	0.3393004238605499	0.20930293202400208	0.2374594509601593	0.5137530565261841	0.9141138792037964	1.1686835289001465	0.532874584197998	0.6137590408325195	0.7428193092346191	0.3830314874649048	0.2919420897960663	0.12895122170448303	0.13938544690608978	0.3893056809902191	0.29137566685676575	0.9069096446037292	0.14924660325050354	0.061773642897605896	0.42842933535575867	0.366256982088089	0.5989596247673035	0.32682085037231445	0.5864838361740112	0.5521790385246277	0.5448733568191528	0.4028097987174988	0.09397191554307938	0.5964605808258057	0.19372732937335968	0.8480596542358398	0.9323623180389404	0.9444577693939209	0.3956775665283203	0.42563533782958984	0.32411038875579834	0.37248438596725464	1.7743825912475586	0.40448740124702454	0.2706598937511444	1.1773746013641357	0.804676353931427	0.5997453331947327	0.7683849930763245	0.7258805632591248	1.281632661819458	0.10600225627422333	0.44710734486579895	0.7501641511917114	1.0285851955413818	0.46132758259773254	0.5920823216438293	0.2625477612018585	0.2875082492828369	0.471576988697052	0.6104817390441895	0.30936893820762634	0.33735254406929016	0.3778653144836426	0.8357207179069519	0.556516170501709	0.49037817120552063	0.8385570645332336	1.0033199787139893	1.191574215888977	0.5391573309898376	0.7590663433074951	0.24561229348182678	0.11976949125528336	1.207352638244629	0.218366801738739	0.4256095886230469	0.7836031317710876	1.0056304931640625	0.29252007603645325	0.3183947801589966	1.0938289165496826	0.3075321316719055	0.07676896452903748	0.518607497215271	0.22914756834506989	0.446296751499176	0.2843221426010132	0.522599458694458	0.46388334035873413	0.46832355856895447	0.6136031150817871	0.6519666314125061	0.26196545362472534	0.24001842737197876	0.6754127740859985	0.44825470447540283	0.17333975434303284	0.7483639717102051	0.6197146773338318	0.2880169451236725	0.254899263381958	0.870270311832428	0.10860475152730942	0.42193591594696045	0.41064566373825073	0.5179013609886169	0.3465210497379303	0.6029179692268372	0.13792666792869568	0.7492458820343018	0.33065685629844666	0.37311801314353943	0.49005019664764404	0.8550541996955872	0.25266245007514954	0.16261646151542664	0.30960145592689514	0.802131712436676	0.19772402942180634	0.39840057492256165	0.32706940174102783	0.4204839766025543	0.6817110776901245	0.7077463269233704	0.42008715867996216	0.7924608588218689	0.5233876705169678	0.8557792901992798	0.2547771632671356	0.2100447714328766	0.2984006106853485	0.6716969609260559	1.2676777839660645	0.4006497859954834	0.30275148153305054	0.4674709439277649	0.7598661184310913	0.5226287841796875	0.5717710256576538	0.18350215256214142	0.41790756583213806	0.9302682876586914	0.23850882053375244	0.1923356056213379	0.4017389416694641	0.23170942068099976	0.6566319465637207	0.7210552096366882	0.6318488121032715	0.342366486787796	0.5627927780151367	0.41410133242607117	0.9186554551124573	0.6712530851364136	0.31389227509498596	0.9971903562545776	0.8552911877632141	0.37722375988960266	0.8515516519546509	0.1734895408153534	0.5516942739486694	0.4956414997577667	0.9785403609275818	0.4667789936065674	0.42468833923339844	0.7450138926506042	0.05144032835960388	0.2406000941991806	1.1218351125717163	0.5256330966949463	0.4787665009498596	0.5273429751396179	0.33281755447387695	1.0195592641830444	0.0918491929769516	0.4285678565502167	0.3297687768936157	0.8909850120544434	0.512140154838562	0.2785956561565399	0.5123898386955261	0.8571974635124207	0.7430442571640015	0.4707947075366974	0.23727157711982727	0.7076006531715393	0.2485821694135666	0.5692098140716553	0.43595507740974426	0.6995352506637573	0.8087373375892639	0.3394091725349426	0.2798076570034027	0.07894910126924515	0.15570951998233795	0.5108733773231506	0.6998040080070496	0.13313429057598114	0.36832886934280396	0.462985634803772	0.850774347782135	0.28866732120513916	0.1978343278169632	0.3721805214881897	0.18089362978935242	0.29237836599349976	0.8009431958198547	0.5896126627922058	0.421312153339386	0.09549140185117722	0.5350592732429504	0.9709010124206543	0.6784682869911194	0.4830206036567688	0.23315554857254028	0.3918731212615967	0.7281526327133179	0.18337883055210114	0.13879218697547913	0.4547826945781708	0.5198495984077454	0.9602541327476501	0.30375903844833374	0.3606444299221039	0.4918861389160156	1.0203592777252197	0.5105339288711548	0.5141692161560059	0.5716047883033752	0.5447392463684082	0.8302287459373474	0.48291388154029846	0.1526283472776413	0.4334777891635895	1.0338490009307861	0.5906054973602295	0.498693585395813	0.6692042350769043	0.13487619161605835	0.8372220993041992	1.1907097101211548	0.45343807339668274	0.5727612972259521	0.13704347610473633	0.4524703323841095	0.8912836909294128	0.1551925390958786	0.09842830896377563	0.09588974714279175	0.336156964302063	0.41493654251098633	0.9588514566421509	0.2283991426229477	0.5723435878753662	0.44015151262283325	0.3070843517780304	0.41680648922920227	0.5361588001251221	0.34854719042778015	0.5798077583312988	0.5366179943084717	0.45565930008888245	0.6237746477127075	0.2485135942697525	0.7466413378715515	1.0270860195159912	1.2265241146087646	0.40086039900779724	0.3976803421974182	0.32334619760513306	0.4087375998497009	0.36035820841789246	0.7110980749130249	0.5163264274597168	0.24762630462646484	0.6644039154052734	0.6029444932937622	0.40945619344711304	0.5928957462310791	1.3523998260498047	0.5827939510345459	0.1423344612121582	0.11278650909662247	0.3379009962081909	0.7662909030914307	0.21633696556091309	0.21018390357494354	0.9595041871070862	0.3862144947052002	0.3386440575122833	0.41277238726615906	0.41479772329330444	1.1312785148620605	0.1440211534500122	1.1100268363952637	0.42308154702186584	0.5148606896400452	0.1214362382888794	0.35850095748901367	0.2844069004058838	0.5588223338127136	0.2084864228963852	0.2788257598876953	0.6474294662475586	0.570852518081665	0.1965319812297821	0.2842775881290436	0.3027235269546509	0.8856332898139954	1.1404629945755005	0.8254649043083191	0.37098050117492676	0.5347809195518494	1.0879210233688354	0.6309857368469238	0.6807578802108765	0.5728656649589539	0.6087185144424438	0.5753999948501587	0.18855173885822296	0.1431080400943756	0.581948459148407	0.5735875368118286	0.8549709320068359	0.3457704484462738	1.2724156379699707	0.4737376570701599	0.5224201083183289	1.3621100187301636	0.5735069513320923	1.176124095916748	0.6337417364120483	0.511664867401123	0.2787030041217804	0.27494946122169495	0.6576864719390869	0.1582522839307785	0.41376811265945435	0.5518341064453125	0.6045466065406799	1.648281216621399	0.2211788445711136	0.4502793550491333	0.3902188837528229	0.31998950242996216	0.22581107914447784	0.4692552387714386	0.677269458770752	0.19196420907974243	0.3523591458797455	0.4474999010562897	0.2339252233505249	0.3299556374549866	0.24711082875728607	0.6829410791397095	0.20154514908790588	0.4382225275039673	0.0854053720831871	0.16565367579460144	0.8041753768920898	0.3334084749221802	0.7674314975738525	0.9252573251724243	0.923601508140564	0.5206650495529175	0.5747407674789429	0.21091711521148682	0.13380078971385956	0.2481721043586731	0.8187362551689148	0.6678139567375183	0.5512619614601135	0.5589995384216309	0.5316699147224426	0.22621586918830872	0.5708144903182983	0.4498291015625	0.6788065433502197	0.33181729912757874	0.5093557238578796	0.3108726441860199	0.28376147150993347	0.591109573841095	0.0812324807047844	0.6764799356460571	0.07438040524721146	0.20144125819206238	0.10583056509494781	0.509260892868042	0.3949405550956726	0.462207168340683	0.9966739416122437	0.9702979326248169	0.709740400314331	0.18039155006408691	0.24025759100914001	0.3403308689594269	0.18830221891403198	0.22935126721858978	0.6404544115066528	0.1631009429693222	0.40394896268844604	1.094472885131836	0.3239109516143799	0.19613222777843475	0.8734075427055359	0.9088899493217468	0.3872801959514618	0.5537914037704468	0.06440561264753342	0.45898404717445374	0.16715137660503387	0.3954004645347595	0.4246322512626648	0.9093272686004639	0.2621806859970093	0.6907839179039001	0.8398481011390686	0.1288033276796341	0.40125107765197754	0.6667290925979614	0.9380381107330322	0.23819363117218018	0.4244754910469055	0.34317296743392944	0.5065855383872986	0.2277660369873047	1.1583343744277954	0.5739700794219971	0.7646840214729309	0.5593163967132568	0.3949483633041382	0.8202789425849915	0.3698432743549347	0.7371978759765625	0.35791754722595215	0.5473777055740356	0.07396624982357025	0.3099932074546814	0.22664272785186768	0.4115236699581146	0.5939353108406067	0.12836027145385742	0.30990293622016907	0.18419405817985535	0.21285229921340942	0.7341933250427246	0.4394043982028961	0.9387959241867065	0.36419034004211426	0.1590166687965393	0.6221550703048706	0.1490143984556198	0.37135565280914307	0.6273112893104553	0.4074805676937103	0.41603273153305054	0.40494343638420105	0.35770678520202637	1.0217441320419312	0.9585543274879456	0.6914807558059692	0.5946154594421387	0.08968577533960342	0.43500232696533203	0.8139527440071106	0.5802093148231506	0.5863404870033264	0.6038199663162231	0.16442517936229706	0.5859362483024597	0.589323878288269	1.1563918590545654	0.7943339347839355	0.7872501015663147	0.48264080286026	0.2550242245197296	0.09748214483261108	0.46176785230636597	0.401386559009552	0.6062057614326477	0.5409423112869263	0.7122170329093933	0.810075044631958	0.9021968841552734	0.8094513416290283	1.03043794631958	0.568634033203125	0.22549566626548767	0.9090819358825684	0.5132457613945007	0.6941286325454712	0.9434198141098022	0.3971836566925049	0.3547184467315674	0.6696287989616394	0.7654477953910828	1.0869472026824951	0.647571861743927	0.26192706823349	0.7875903844833374	0.4883812367916107	0.8093381524085999	0.39979371428489685	0.7673879265785217	0.7177473902702332	0.06678371131420135	0.7507767081260681	0.1888834536075592	0.4641702175140381	0.4032260775566101	0.10624510794878006	0.24308988451957703	0.6493308544158936	0.553309977054596	0.6519048810005188	0.34228771924972534	0.5060063004493713	0.38768285512924194	1.0822314023971558	0.21482981741428375	0.15371407568454742	0.5859606862068176	0.2415630966424942	0.737507700920105	0.7421855926513672	0.33047857880592346	0.2921735346317291	0.4616149365901947	0.20195338129997253	0.4381398558616638	0.521355390548706	0.4083207845687866	0.3578560948371887	0.32355421781539917	0.3894675374031067	0.05071602016687393	0.13561849296092987	0.3468504250049591	0.4977366030216217	0.5717794895172119	0.5100775361061096	1.403451919555664	0.2435142993927002	0.17027877271175385	0.576443612575531	0.23594306409358978	0.7349169850349426	0.4860875904560089	0.6672611832618713	0.7835184335708618	0.1985100507736206	0.21738645434379578	1.1010208129882812	0.21314792335033417	0.3358308672904968	0.43615517020225525	0.580054521560669	1.3142778873443604	0.5294431447982788	1.117174744606018	0.6249937415122986	0.7247922420501709	0.4559277892112732	0.43737921118736267	0.2858160734176636	0.6053053140640259	0.8946192860603333	0.37795290350914	0.17632654309272766	0.8018878698348999	0.29977309703826904	0.5000519752502441	0.4807196259498596	0.2997230291366577	0.3076781630516052	0.2375645637512207	1.1221486330032349	0.16208048164844513	0.9991306662559509	0.14855140447616577	0.21808785200119019	0.25867143273353577	0.25348278880119324	0.38274115324020386	0.37798959016799927	0.2393379509449005	0.7091043591499329	0.10441844165325165	1.5844053030014038	0.4895787537097931	0.5414178371429443	0.710391640663147	0.3751402795314789	0.6507429480552673	0.285736083984375	0.6860104203224182	0.5835803747177124	0.9672374725341797	0.8999086022377014	0.6307340264320374	0.5046625137329102	0.3549746870994568	0.7319076061248779	0.28202638030052185	1.1737041473388672	0.3039588928222656	0.5943434834480286	0.6747403144836426	0.035474587231874466	0.2311105877161026	0.5835410952568054	0.8465690612792969	0.15216241776943207	1.0287201404571533	0.09479687362909317	0.4708464741706848	0.2584618330001831	0.938022792339325	1.178732991218567	0.8904821276664734	1.078624963760376	0.18912042677402496	0.5421720743179321	0.3072119355201721	0.08373453468084335	0.43462544679641724	0.16577893495559692	0.4226837754249573	1.0793139934539795	0.7464346885681152	0.6694493293762207	0.5409204959869385	0.23992274701595306	0.2189786583185196	0.3271317780017853	0.36898595094680786	0.5218796133995056	0.8709955215454102	0.6150761842727661	0.2859872877597809	0.427936851978302	0.39257675409317017	0.6093851327896118	0.4149744510650635	0.22205647826194763	0.4939223825931549	0.34752514958381653	0.35828670859336853	0.5427137017250061	0.3057258427143097	0.7821740508079529	0.4831179082393646	0.5243724584579468	0.5809592008590698	0.5809330344200134	0.5470010042190552	0.4674135148525238	0.31932973861694336	0.5262362957000732	0.6620156168937683	0.3573983609676361	0.3469702899456024	0.8429116606712341	0.4307336211204529	0.5871155858039856	0.5920326709747314	0.6608171463012695	0.4272739589214325	0.5725390315055847	0.3000122308731079	0.44730344414711	0.1550944745540619	0.6912954449653625	0.4105904698371887	0.3384208679199219	0.40760207176208496	0.1813250184059143	0.8884475231170654	1.088207483291626	0.5023361444473267	0.8163134455680847	0.0822853147983551	0.608353853225708	0.08829081803560257	0.5680176615715027	0.926429271697998	0.3099696934223175	0.3100818395614624	0.6159176826477051	0.5046896934509277	1.463486909866333	0.4668895900249481	0.3295764923095703	1.1723599433898926	0.40611085295677185	0.9788240790367126	0.6135640144348145	0.2283221185207367	0.2373434454202652	0.44647976756095886	0.6828137636184692	0.8890801072120667	0.2705535888671875	0.29682520031929016	0.13885954022407532	0.6271872520446777	0.6547865867614746	0.18375098705291748	0.04657580703496933	0.7143293619155884	0.5385710000991821	0.6195346713066101	0.6451894640922546	0.8265361189842224	0.1950320601463318	0.41699397563934326	0.3874358534812927	0.32110774517059326	0.5871111154556274	0.48117512464523315	0.22019445896148682	0.08726448565721512	0.13749249279499054	0.5558561086654663	0.47874146699905396	0.6159987449645996	0.05100264772772789	0.7648806571960449	0.5242725014686584	0.3934849500656128	0.234861359000206	0.19321434199810028	0.48891016840934753	1.0059192180633545	0.4760931432247162	0.45061904191970825	0.42638522386550903	0.2621794641017914	0.49782609939575195	0.19062581658363342	0.14276061952114105	0.5774099230766296	0.41358405351638794	0.5028617978096008	0.5733169317245483	0.5193089842796326	0.4035681486129761	0.1615729033946991	0.4229775071144104	0.5342141389846802	0.08555374294519424	0.40539106726646423	0.19305884838104248	0.18791607022285461	0.14731267094612122	0.2996140420436859	0.5017620325088501	0.5130165815353394	0.5308488607406616	0.2194250226020813	0.5041823387145996	0.43201929330825806	0.25900799036026	0.6569764018058777	0.3114655911922455	0.6644762754440308	0.412584513425827	0.15984024107456207	0.3377944231033325	0.4857783913612366	0.3090866804122925	1.2342461347579956	0.41534796357154846	1.0794774293899536	0.2799566984176636	0.3640540838241577	0.74708092212677	0.7969808578491211	0.442037969827652	0.20266912877559662	0.8160846829414368	1.1837408542633057	0.6426710486412048	0.13249172270298004	0.4846101999282837	0.788408100605011	0.45978012681007385	0.16146329045295715	0.34430524706840515	0.5346341133117676	0.6901419758796692	0.14596785604953766	0.3324798345565796	0.44110822677612305	0.20789331197738647	0.47674891352653503	0.6530308723449707	0.23649480938911438	0.28709447383880615	0.5662686228752136	0.15349334478378296	1.5700169801712036	0.9589332342147827	0.28554803133010864	0.3801997900009155	0.5429136157035828	0.4134119153022766	0.7333171963691711	0.34686028957366943	0.27845335006713867	0.4361920952796936	0.6343333125114441	0.6578658223152161	0.3178164064884186	0.6730087995529175	0.45119497179985046	0.43946337699890137	0.9595465660095215	0.2141309678554535	0.07484990358352661	0.19819805026054382	0.19239719212055206	0.4682977795600891	0.5481469035148621	0.24289458990097046	0.37486499547958374	0.3544628322124481	0.22130513191223145	0.46575862169265747	0.4151615798473358	1.132924199104309	0.268481582403183	0.3949703574180603	0.48243090510368347	0.29854366183280945	0.45836344361305237	0.43924087285995483	0.31049636006355286	0.8816094994544983	0.41297003626823425	0.5137050151824951	0.4472425878047943	1.2983217239379883	1.1802177429199219	0.2297886162996292	0.07885926216840744	0.35426250100135803	0.33015090227127075	0.34529829025268555	0.505567193031311	0.23012392222881317	0.5062634348869324	0.5641331076622009	0.2528100609779358	0.6556404829025269	0.45347481966018677	0.5518544316291809	0.622204065322876	0.3087644577026367	0.4799034595489502	0.17359912395477295	0.3298371136188507	0.6088000535964966	0.631014883518219	0.2204737365245819	0.22470106184482574	0.9249417781829834	0.490205317735672	0.6112142205238342	0.30977344512939453	0.4517977833747864	0.4910637438297272	0.6125190854072571	0.4296565055847168	1.2750550508499146	0.39542555809020996	0.49962466955184937	1.0672348737716675	0.8168207406997681	0.665976345539093	0.9049044251441956	0.6155949831008911	0.35332930088043213	1.187065839767456	1.545446515083313	0.8983370065689087	0.2738150358200073	0.33752116560935974	0.5538439750671387	0.38653385639190674	1.0319620370864868	1.2338905334472656	0.4243064522743225	0.7166828513145447	0.7510221600532532	0.44901469349861145	0.7603774666786194	0.025909550487995148	0.851727306842804	0.5212979316711426	0.30233049392700195	0.8144528865814209	0.23376500606536865	0.580409586429596	0.38760897517204285	0.43313169479370117	0.3643687963485718	0.17664754390716553	0.9536142945289612	0.48378366231918335	0.12232042849063873	0.7369295358657837	0.3532872498035431	0.7242952585220337	0.21514183282852173	0.5736860036849976	0.4721050262451172	0.7217581868171692	1.3819565773010254	0.9848705530166626	0.4866359829902649	0.20364803075790405	0.5940806269645691	0.6914917826652527	0.20504999160766602	0.2634044587612152	0.4550416171550751	0.6530547142028809	0.12326349318027496	1.5941146612167358	0.5537453293800354	0.3791002035140991	0.3775036931037903	0.2314450740814209	0.6134163737297058	0.7014716267585754	0.7428096532821655	0.42235004901885986	0.48354393243789673	0.4776662290096283	1.4773014783859253	0.6121641397476196	0.46847009658813477	0.44947126507759094	0.9265928268432617	0.7096741199493408	0.4738170802593231	0.8085471987724304	0.31669414043426514	0.29310569167137146	0.44560807943344116	0.2920193076133728	0.12532705068588257	0.5634253025054932	1.0323737859725952	0.7224219441413879	0.5949369668960571	0.7087625861167908	0.5684857964515686	0.19632506370544434	0.2210092544555664	0.1165333092212677	0.4546990990638733	0.2813616693019867	0.5524168610572815	0.43874606490135193	0.4376169443130493	0.4334515929222107	0.729007363319397	0.22970424592494965	0.44589534401893616	0.5393915176391602	1.237163782119751	0.3676304817199707	0.16094771027565002	0.6366320848464966	0.4872632920742035	0.6125865578651428	0.47169438004493713	0.3959028720855713	0.875726580619812	0.3572455048561096	0.7059723138809204	0.28639090061187744	0.9076517820358276	0.7037603855133057	1.2022203207015991	0.3230229914188385	0.49101439118385315	0.49767500162124634	0.6200057864189148	0.5020687580108643	0.27669262886047363	0.6902874112129211	0.736214280128479	0.4538203775882721	0.4086945056915283	0.45730865001678467	0.8977654576301575	0.31033816933631897	0.7489398121833801	0.4728589355945587	0.9432370662689209	0.23455864191055298	0.2172587513923645	0.26533785462379456	0.4151477813720703	0.5513357520103455	0.6280316114425659	0.4128139019012451	0.6339569091796875	0.0758778378367424	0.2978900969028473	0.6439606547355652	0.5249707102775574	0.7392057776451111	0.5772007703781128	0.4496736526489258	0.6788464784622192	0.40822041034698486	0.35605016350746155	0.7066541314125061	0.45088738203048706	0.5949623584747314	0.9005550742149353	0.3837288022041321	0.39921534061431885	0.08979292958974838	0.8746804594993591	0.31109267473220825	0.671393632888794	0.5488184690475464	0.8631628751754761	0.3860927224159241	0.5472819209098816	0.22030799090862274	0.8484894633293152	0.7164318561553955	1.1534600257873535	0.709084689617157	0.41374897956848145	0.7584114074707031	0.8641520738601685	0.6551862955093384	0.1708066165447235	0.26844972372055054	0.20373134315013885	0.6718661785125732	0.3677860498428345	1.13021981716156	0.47249269485473633	0.4787466824054718	0.5340707898139954	0.6911004781723022	1.0277775526046753	0.47414594888687134	0.2512422204017639	0.17606745660305023	0.1977151334285736	1.1685564517974854	0.9519092440605164	0.5110819935798645	0.3133951723575592	0.6056941151618958	0.5034494400024414	0.4986976683139801	0.3730543553829193	0.6127288341522217	0.8909140825271606	0.22529061138629913	1.0342730283737183	0.2312290072441101	0.9126777648925781	0.5197736024856567	0.6272917985916138	0.46358734369277954	1.0306031703948975	0.35514578223228455	0.3692527711391449	0.18912090361118317	0.15538565814495087	0.7149956226348877	0.18706828355789185	0.27291345596313477	1.1029013395309448	0.17210102081298828	0.20169346034526825	0.5534985661506653	0.2529244124889374	0.40385696291923523	0.8616857528686523	0.3819415271282196	0.44415196776390076	0.20033225417137146	0.291326642036438	0.44334155321121216	0.6162866353988647	0.22006916999816895	0.8057432174682617	0.522077202796936	0.3937523365020752	1.1486091613769531	0.33189916610717773	0.5494361519813538	0.8955534100532532	0.0690874382853508	0.7618144750595093	0.8259561061859131	0.3054453134536743	0.9621687531471252	0.2589383125305176	0.4050939083099365	0.179966002702713	0.8937991261482239	0.6165337562561035	0.058810241520404816	0.49140244722366333	0.3813589811325073	0.7234200239181519	0.9010492563247681	0.7094612121582031	0.47984564304351807	0.6029819846153259	0.4034145176410675	0.32764923572540283	0.13006718456745148	0.24144943058490753	0.39666709303855896	0.8581848740577698	0.6885607838630676	0.32841941714286804	0.8206104040145874	0.1284385621547699	1.1576368808746338	1.25288987159729	0.9609758853912354	0.6397247314453125	0.3456082344055176	0.31880509853363037	0.12869893014431	0.39726924896240234	0.9464843273162842	0.7216079831123352	0.49508240818977356	0.41280215978622437	0.7803685069084167	0.7311691045761108	0.3934665322303772	0.640430212020874	0.810930073261261	0.23675097525119781	0.17126251757144928	0.45737260580062866	0.8951500654220581	1.0386605262756348	0.17051945626735687	0.4082845449447632	0.6481329202651978	0.708659291267395	0.76842200756073	0.8087072968482971	0.6310672760009766	0.8254084587097168	0.3208889067173004	0.37243545055389404	0.5141453742980957	0.46338561177253723	0.43980830907821655	0.3340610861778259	1.4738603830337524	0.7915380597114563	0.23761481046676636	0.3108983337879181	0.2552263140678406	0.5520730018615723	0.6431972980499268	0.4019441306591034	0.11954554170370102	0.28872716426849365	0.4915682375431061	0.6777666807174683	0.4542802572250366	0.11042304337024689	0.7913833856582642	0.6616243720054626	0.1788036972284317	0.6360031962394714	0.7709687948226929	1.3400163650512695	1.3145413398742676	0.3071036636829376	0.47572267055511475	0.4778277277946472	0.4914470314979553	0.2769235074520111	0.6404141187667847	0.04633457213640213	0.28169915080070496	0.15412932634353638	0.6040614247322083	0.47360917925834656	0.8541155457496643	0.45101532340049744	0.5789839029312134	0.47027453780174255	0.3927448093891144	0.6754331588745117	0.3749450743198395	0.8156768679618835	0.3505336344242096	0.5615532994270325	0.4674839675426483	0.8077460527420044	0.9394687414169312	0.22856773436069489	0.3102719187736511	0.729690432548523	0.5097902417182922	0.2284165471792221	0.681035578250885	1.0230669975280762	0.7247154712677002	0.3562600612640381	0.29694071412086487	0.2922227084636688	0.815110981464386	0.6516532897949219	0.5435981750488281	0.5876465439796448	0.37398937344551086	0.8024141192436218	0.9314852952957153	0.954411506652832	0.17408539354801178	0.2037673443555832	0.7349941730499268	0.6056822538375854	0.5659769773483276	0.7154232859611511	0.3774973154067993	0.899736225605011	0.5143396258354187	0.19874471426010132	0.6195002794265747	0.6027388572692871	0.7017167210578918	0.7927298545837402	0.3974047303199768	0.16161763668060303	0.43703702092170715	0.2793610692024231	0.49715885519981384	0.5954799652099609	0.2434641271829605	0.2562173902988434	0.46832355856895447	0.21021214127540588	1.1135766506195068	0.2291204333305359	0.6891164779663086	0.7661660313606262	0.6068689227104187	0.3903052806854248	0.25796228647232056	0.22411233186721802	0.37278348207473755	0.2919665575027466	0.8547939658164978	0.8523768782615662	0.2485959678888321	0.902424693107605	0.3798653483390808	0.9908830523490906	0.9233036041259766	0.787570595741272	0.5815154910087585	0.28809553384780884	0.3186623156070709	0.23974616825580597	0.056191585958004	0.7431621551513672	0.29129838943481445	0.3037404716014862	0.22568625211715698	0.7772998809814453	0.17069804668426514	0.407041996717453	0.4591063857078552	0.48413705825805664	0.365416944026947	0.4013531804084778	1.0140970945358276	0.0791764110326767	0.43027961254119873	0.7425168752670288	0.6025643944740295	1.141402006149292	0.46309104561805725	0.9510566592216492	0.4660476744174957	0.5996218323707581	1.1481659412384033	0.35192155838012695	0.7630693912506104	0.850089430809021	0.9911761283874512	0.5980320572853088	0.5828672051429749	0.5233410596847534	0.22130988538265228	0.6662313342094421	1.0866000652313232	0.3513602614402771	0.3701731860637665	0.283250093460083	0.4030661880970001	1.0538277626037598	0.4333156943321228	0.7894099950790405	0.4579945206642151	0.43055248260498047	0.36851078271865845	0.5506367683410645	0.6028445959091187	0.9875850677490234	0.2628245949745178	0.46056291460990906	0.3528984487056732	0.2189297080039978	0.49338069558143616	0.333119660615921	0.2812461256980896	0.8129060864448547	0.6743590831756592	0.6444939970970154	0.7252865433692932	0.08399372547864914	0.25799137353897095	0.8023644685745239	0.5599775314331055	0.642657995223999	0.6011601686477661	0.7274742126464844	0.28844788670539856	0.8329208493232727	0.6240472197532654	0.4893011748790741	0.3752540349960327	0.7229887843132019	0.07383494824171066	1.4165000915527344	0.558375895023346	0.8085935115814209	0.4360629916191101	0.43719226121902466	1.2903907299041748	0.5566589832305908	1.0833091735839844	0.5185501575469971	0.5940287113189697	0.42822763323783875	0.6047784090042114	0.139688640832901	0.630905270576477	0.8029834032058716	0.3237006366252899	0.32471340894699097	0.5325934886932373	0.5659896731376648	1.5773532390594482	1.0754231214523315	0.4411405622959137	0.3399370014667511	0.4716293513774872	0.3901243805885315	0.8070710301399231	0.3078859746456146	0.18717637658119202	0.3566184341907501	0.14896371960639954	0.30049973726272583	0.5729537010192871	0.5902937650680542	0.3344307541847229	1.016758680343628	0.3437306880950928	0.3632248640060425	0.568134069442749	0.4556908905506134	0.7156296968460083	0.4623878300189972	0.5038045644760132	0.3441512882709503	0.26173824071884155	0.5775983333587646	1.8357772827148438	0.803512692451477	0.9358252882957458	0.8653791546821594	0.9705394506454468	0.012105066329240799	0.19936004281044006	0.23888710141181946	1.3063918352127075	0.5224190950393677	0.3541833460330963	0.3197230100631714	0.3719402849674225	0.5033884048461914	0.7073696255683899	0.20946696400642395	0.512793242931366	0.6619598865509033	0.956544041633606	0.15104594826698303	0.9634142518043518	0.17665545642375946	0.1465134620666504	0.36396607756614685	0.28668755292892456	0.8252913355827332	0.37097853422164917	0.2422814816236496	0.3976520597934723	0.2341223508119583	0.28226369619369507	0.5586287379264832	0.4397406578063965	0.20795805752277374	0.4336809813976288	0.1571488231420517	1.1109625101089478	0.5580337643623352	0.7571215629577637	0.04988020658493042	0.2740476727485657	0.9996547698974609	0.554039478302002	0.3215770423412323	0.688561737537384	0.8015550971031189	0.921428918838501	1.0171232223510742	0.28460097312927246	0.6449417471885681	0.4592256247997284	0.7555115818977356	0.7710016965866089	0.5879899859428406	0.7472765445709229	1.0458179712295532	0.5571606755256653	0.3209259510040283	0.9267470240592957	0.5833662152290344	0.49522101879119873	0.4845382273197174	0.3636578619480133	0.11829034984111786	0.6000862121582031	0.36657169461250305	0.9532155394554138	0.28283706307411194	0.7871053218841553	0.09296835213899612	0.393345445394516	0.47536399960517883	0.4679807722568512	0.7094336748123169	0.4265725016593933	0.30490314960479736	0.6619074940681458	0.5923126935958862	0.22104661166667938	0.3575344979763031	0.7730452418327332	0.3523900508880615	0.11531150341033936	0.5282005667686462	0.9706582427024841	1.2291011810302734	0.6102747917175293	0.33930906653404236	0.6788546442985535	0.19307838380336761	0.4284500777721405	0.32318294048309326
0.6822477579116821	0.5156625509262085	0.5587964057922363	0.1619642823934555	0.9430402517318726	0.36615732312202454	0.47869181632995605	1.054843544960022	0.24171608686447144	0.0981098935008049	1.2291104793548584	0.3226945996284485	0.9200635552406311	0.30266091227531433	0.5612697005271912	0.6081998348236084	0.28039371967315674	0.772943913936615	0.4115511178970337	0.5455460548400879	0.8565194010734558	0.2745603919029236	0.14306364953517914	0.33167964220046997	0.4319133162498474	0.5497748851776123	0.7764477729797363	0.7677363753318787	0.40838271379470825	0.5131747722625732	0.734230637550354	0.3595942258834839	0.5097824335098267	0.4060419201850891	0.2383216917514801	0.25759321451187134	0.4731382131576538	0.8226766586303711	0.439915269613266	0.6100832223892212	0.8816020488739014	1.1372628211975098	0.4127548933029175	0.4019244313240051	0.2345794439315796	0.43173250555992126	0.4527395963668823	0.6274141073226929	0.2632903456687927	0.4106389880180359	0.7387048602104187	0.6962417960166931	0.43689605593681335	0.7134435176849365	0.8307415843009949	0.2457415759563446	0.5342602133750916	1.6182048320770264	0.46456673741340637	0.23425059020519257	0.17449969053268433	0.7462671399116516	0.21568241715431213	0.5298848748207092	0.3674311637878418	0.4925674498081207	0.872874915599823	0.5139127373695374	0.272835373878479	0.6146069765090942	0.13972672820091248	0.20583325624465942	0.7177465558052063	0.668412983417511	0.332984060049057	0.7856543660163879	0.47964829206466675	0.3121754825115204	0.3555673658847809	0.46931400895118713	0.7292839288711548	0.41119328141212463	0.5003389120101929	0.394345223903656	0.51526939868927	0.3546876311302185	0.3320712149143219	0.608559787273407	1.4436335563659668	0.4168803095817566	0.5894157886505127	0.519849419593811	0.2642492949962616	0.4311409294605255	0.3476945161819458	0.8101326823234558	0.4984310269355774	0.5960206389427185	0.4658251404762268	0.7165583372116089	0.23430092632770538	0.6836540699005127	0.31425437331199646	0.7266947627067566	0.30161163210868835	0.30329039692878723	0.6753786206245422	1.1340903043746948	0.5582894682884216	0.40496087074279785	0.8058667778968811	0.630809485912323	0.6182334423065186	0.47820618748664856	0.39075204730033875	0.2631717324256897	0.47926825284957886	1.0218123197555542	0.039600104093551636	0.6068915724754333	0.4377997815608978	0.3702396750450134	0.44654449820518494	0.1716073751449585	0.517167866230011	0.6517378091812134	0.24921821057796478	0.5754066109657288	0.5655298233032227	0.7965847253799438	0.5138681530952454	0.30463993549346924	0.18172508478164673	0.25373589992523193	0.41703566908836365	0.1074414849281311	0.6287010312080383	0.3876170516014099	0.4190022051334381	0.2844070494174957	0.3154743015766144	0.2755049169063568	0.694818377494812	0.17301158607006073	0.6510263085365295	0.8840526342391968	0.34684091806411743	0.449411004781723	1.365451693534851	0.6056045889854431	0.3647756278514862	0.12214881181716919	0.781638503074646	0.5739458799362183	0.2099607139825821	0.5778311491012573	0.4568459093570709	0.6747293472290039	0.13485205173492432	0.38083380460739136	1.103898286819458	1.0803868770599365	0.33943140506744385	0.43618372082710266	0.28200194239616394	0.5509453415870667	0.14908412098884583	0.07855522632598877	0.4762462079524994	0.7006389498710632	0.39950940012931824	0.5166839361190796	0.6592100262641907	0.36238768696784973	0.3919413685798645	0.33746981620788574	0.37809184193611145	0.8662104606628418	0.2630777359008789	0.23442202806472778	0.24768736958503723	0.36885109543800354	0.36996692419052124	0.8203732967376709	0.49903392791748047	0.787203848361969	0.22895272076129913	0.16598457098007202	0.9838368892669678	0.7851333022117615	0.5707849860191345	0.172435462474823	0.2115471065044403	0.6106858849525452	0.4854733645915985	0.18969789147377014	0.9817287921905518	0.5210627317428589	0.5091128349304199	0.5630371570587158	0.3774961531162262	0.22258375585079193	0.4621219336986542	0.5552026629447937	0.358528733253479	0.3632128834724426	0.6556768417358398	0.22934123873710632	0.564209520816803	0.5538333654403687	0.40300101041793823	0.5195906162261963	0.21549676358699799	0.2296745777130127	0.5903113484382629	0.3503839373588562	0.39431458711624146	0.3742687702178955	0.4105578660964966	0.8702681064605713	0.6400148868560791	0.3832409977912903	0.20507338643074036	0.6972365379333496	0.3328213393688202	0.720417320728302	0.7232552170753479	0.5486987829208374	0.24454136192798615	0.14264775812625885	0.9418361783027649	0.3335622549057007	0.6347683072090149	0.27364665269851685	0.803521990776062	0.6280408501625061	0.19198136031627655	0.8975294828414917	0.673471987247467	0.12494434416294098	0.3641718029975891	0.35490211844444275	1.399375081062317	0.5456240177154541	0.5323812365531921	0.22644463181495667	0.7523612976074219	0.8115160465240479	0.22820869088172913	0.4035775363445282	1.2651336193084717	0.8659496903419495	0.3636602461338043	0.18113303184509277	0.5605010390281677	0.8997905254364014	0.40601998567581177	0.42834827303886414	1.6206669807434082	0.3670811653137207	0.44633227586746216	0.5628706216812134	0.35206523537635803	0.35824674367904663	0.6027952432632446	0.2463684380054474	0.7159333825111389	0.21040032804012299	0.49970293045043945	1.0121783018112183	0.48279353976249695	0.649890124797821	1.1203742027282715	0.18492740392684937	0.25643518567085266	0.33725810050964355	0.6159213781356812	0.539847195148468	0.3984949588775635	1.228007435798645	0.1291283220052719	0.7049390077590942	0.25449395179748535	0.24972136318683624	0.22095254063606262	1.3378769159317017	0.424538254737854	0.881990909576416	0.25856491923332214	0.3442423939704895	0.9233942031860352	0.3160065710544586	0.4291656017303467	0.2515437602996826	0.4200996160507202	0.4168122708797455	0.6331319808959961	0.41321760416030884	0.46023374795913696	0.5865416526794434	0.446857213973999	0.39493969082832336	0.9286395311355591	0.22938872873783112	0.4639051556587219	0.1855340600013733	0.4540769159793854	0.9556216597557068	0.2664017081260681	1.1419157981872559	0.841403067111969	0.31546029448509216	0.667559802532196	0.5387560725212097	0.22943323850631714	0.38789066672325134	0.48978060483932495	0.770278811454773	0.3599979877471924	1.1213529109954834	0.2120208591222763	0.6148092150688171	0.43034133315086365	0.5373092889785767	0.3147977888584137	0.6301812529563904	0.460300087928772	0.5533250570297241	0.6268006563186646	0.9334076642990112	0.5937909483909607	0.6480830907821655	0.218144953250885	0.3849124312400818	0.821038007736206	0.2682682275772095	0.41367053985595703	0.9827020168304443	0.5726950764656067	0.7082026600837708	0.27806124091148376	0.42550742626190186	0.2119802087545395	0.46655869483947754	0.5415717959403992	0.32483452558517456	0.3398440480232239	0.5176623463630676	0.667518675327301	0.4258449077606201	0.5861601233482361	0.6845084428787231	0.3467942476272583	1.3634006977081299	0.8832837343215942	0.1308119148015976	0.46531057357788086	0.3150382936000824	0.239407479763031	0.5131577849388123	0.8551907539367676	0.5709187388420105	0.691464364528656	0.29659759998321533	0.33463820815086365	0.46817052364349365	0.12141101062297821	1.029871940612793	0.6116080284118652	0.36894387006759644	0.35405582189559937	0.4183906316757202	0.4874776601791382	0.5704535245895386	0.3937251567840576	0.5633167028427124	1.026963233947754	0.3538997173309326	1.006258487701416	0.6853005886077881	0.3868938088417053	0.5635844469070435	0.4481804072856903	0.3569740951061249	0.4585750699043274	0.31883880496025085	0.5711587071418762	0.08936689049005508	0.7442726492881775	0.37954214215278625	0.2828274965286255	0.5896434783935547	0.2103363275527954	1.5580470561981201	0.6408584117889404	0.6559427976608276	0.9668134450912476	0.2738766372203827	0.38535943627357483	0.8749653697013855	0.864260196685791	0.6904686093330383	0.6511180400848389	1.294294834136963	0.18852539360523224	0.7944635152816772	0.3973050117492676	0.9116888046264648	0.566662073135376	0.18219789862632751	0.48492032289505005	0.5460337400436401	0.7354640364646912	0.2795715034008026	0.5035800933837891	0.357293039560318	0.4379861652851105	0.27631744742393494	0.25293558835983276	0.28347083926200867	0.30254650115966797	0.20836803317070007	0.6373061537742615	0.3798883557319641	0.6389868259429932	0.19273395836353302	0.352740079164505	0.595817506313324	0.6869520545005798	0.8585737943649292	0.371884822845459	0.08344988524913788	0.4079546332359314	0.4921721816062927	0.49740344285964966	0.3662585914134979	0.4100891649723053	1.0183050632476807	0.38155633211135864	0.20265145599842072	0.6478476524353027	0.6211588978767395	1.2503384351730347	0.5344566106796265	0.4698120057582855	0.2963583469390869	0.5630127787590027	0.6572799682617188	0.5087466835975647	0.8732141852378845	0.34816402196884155	0.1953054517507553	0.499911367893219	0.9262018203735352	0.4115001857280731	0.4087468385696411	1.2171074151992798	0.4550289809703827	0.7983161211013794	0.34464025497436523	0.951195240020752	0.4158787429332733	0.23995374143123627	0.12220028787851334	0.652461588382721	0.6509824395179749	0.8181912302970886	0.27633216977119446	0.4082450270652771	0.6382812857627869	0.7128735780715942	0.28256121277809143	0.5921549797058105	0.23056022822856903	0.6170538663864136	0.5393539667129517	1.005164623260498	1.0565050840377808	0.5335451364517212	0.5033687353134155	0.5999147891998291	0.42214369773864746	0.5972627401351929	0.4272952973842621	1.2198522090911865	0.7773398756980896	0.6846360564231873	0.3253529369831085	0.7964767217636108	0.4495636224746704	0.5085659027099609	0.19734281301498413	0.43731778860092163	0.7540115118026733	0.5035787224769592	0.3475547134876251	0.47571536898612976	0.43534839153289795	0.24622808396816254	0.5363447070121765	0.9527660608291626	0.5299215912818909	0.6845976114273071	0.46015655994415283	0.5613704919815063	0.6100034117698669	0.3361892104148865	0.6726967096328735	0.2770402431488037	0.43366310000419617	0.3596337139606476	0.7056437134742737	0.47164615988731384	0.6598753929138184	0.36677974462509155	0.3855595290660858	0.2987472116947174	0.37546858191490173	0.6644312739372253	0.3406698405742645	0.5093129873275757	0.6921902894973755	0.5314658284187317	0.6408582925796509	0.4292029142379761	0.3065202236175537	0.6141029000282288	0.39735254645347595	0.22120264172554016	0.8126655220985413	0.5774557590484619	0.6348342299461365	0.4363378882408142	1.0414035320281982	0.48167818784713745	0.27014976739883423	0.11692613363265991	0.5198764204978943	0.505382239818573	0.6247774958610535	1.016031265258789	0.5870688557624817	0.5105922818183899	0.7431598901748657	0.1731237769126892	0.5863922238349915	0.7992888689041138	0.23209919035434723	0.7388472557067871	0.9855448007583618	0.2579919397830963	0.7828757166862488	0.4062027335166931	0.5318175554275513	0.2772122323513031	0.3761879503726959	0.7625051140785217	0.6271752715110779	0.6501196622848511	0.5667409300804138	0.7161129713058472	0.8997886776924133	0.3036511242389679	0.28926241397857666	0.370013028383255	0.4272700548171997	1.0325320959091187	0.061705686151981354	0.46606728434562683	0.8065314888954163	0.335064560174942	0.2667770981788635	1.2675527334213257	0.670282244682312	0.29808309674263	0.25477200746536255	0.2010457068681717	0.2957988977432251	1.0518524646759033	0.16078117489814758	0.7946435809135437	0.16024552285671234	0.4019332230091095	0.5268828272819519	0.3298147916793823	0.3605051636695862	0.49511194229125977	0.07507472485303879	0.5336830615997314	0.4692445695400238	0.49821752309799194	0.6747004389762878	0.4450032413005829	0.574510931968689	0.984549880027771	0.3994723856449127	0.32332879304885864	0.2823048532009125	0.5278638601303101	0.22502577304840088	0.36030223965644836	0.8423118591308594	0.2675224244594574	0.28499120473861694	0.30181750655174255	0.6603833436965942	0.3304891884326935	0.7229520678520203	0.23101748526096344	0.8504324555397034	0.23167328536510468	0.4628274142742157	0.8512988686561584	0.970007598400116	0.3418981432914734	0.708591639995575	0.25215408205986023	0.3800167143344879	0.3766069710254669	0.44480669498443604	0.2475433051586151	0.4098374545574188	0.35584181547164917	0.6002244353294373	0.22868192195892334	0.32218241691589355	0.6060262322425842	0.755964457988739	1.2830796241760254	0.9881647229194641	0.5485332608222961	0.4705059826374054	0.18785977363586426	0.9647515416145325	0.4244188666343689	0.17614609003067017	0.5023196935653687	0.388594388961792	0.28381118178367615	0.35718128085136414	0.15972501039505005	0.33613646030426025	0.23493358492851257	0.416373074054718	1.1699178218841553	0.784580409526825	0.5162006616592407	0.5518660545349121	0.25663119554519653	1.0025553703308105	0.30601194500923157	0.15558357536792755	0.4625329375267029	0.6577510833740234	0.376118540763855	0.23520132899284363	0.41543030738830566	0.6366955041885376	1.037564992904663	0.2723037898540497	0.381474107503891	0.6256707310676575	0.298595666885376	0.457427442073822	0.37903785705566406	0.6702532172203064	0.5537238121032715	0.19902518391609192	1.103298306465149	0.35442569851875305	0.5605589151382446	0.16253601014614105	0.5040701031684875	0.8348995447158813	0.45845523476600647	0.5097830295562744	0.970346212387085	0.8973543643951416	0.5457960367202759	0.67552250623703	0.5218566060066223	0.28479209542274475	0.5977950692176819	0.7024325132369995	0.7606531381607056	0.28525495529174805	0.43434351682662964	0.3872759938240051	0.38838091492652893	0.4138113558292389	0.940321147441864	0.40747326612472534	0.4082912802696228	0.21853363513946533	0.15373149514198303	0.18991030752658844	0.42008495330810547	0.6593238711357117	1.0637311935424805	0.127520352602005	0.631511926651001	0.27118295431137085	0.35823601484298706	0.1853518784046173	0.42770475149154663	0.3075709939002991	0.9354174137115479	0.2585899531841278	0.43893975019454956	0.5399115681648254	0.9169721007347107	0.256723016500473	0.9021245241165161	0.5791670083999634	0.3834857940673828	0.35030442476272583	0.33242353796958923	0.3916148245334625	0.5302070379257202	0.5037717819213867	0.646714448928833	0.5012582540512085	0.5011111497879028	1.114621877670288	0.24997499585151672	0.42468956112861633	0.6756028532981873	0.16658912599086761	0.5355377793312073	0.629829466342926	0.38253286480903625	0.24546776711940765	0.31462472677230835	1.0021589994430542	0.5545678734779358	0.5505120158195496	0.4671521782875061	0.7276797294616699	0.525407075881958	0.2167530506849289	0.39167895913124084	0.6379655599594116	0.315481960773468	0.36488914489746094	0.5979684591293335	0.31070849299430847	0.47537872195243835	0.6838298439979553	0.8034041523933411	0.37609386444091797	0.4752446413040161	0.3321322798728943	0.3797411024570465	0.09958001226186752	0.11600193381309509	0.4550357758998871	0.7611039280891418	0.19669005274772644	0.7069219350814819	0.6081066727638245	1.066612720489502	0.6528116464614868	0.27437785267829895	0.4987469017505646	0.3977695107460022	0.16796882450580597	0.8989134430885315	0.40767788887023926	0.5225216150283813	0.44145506620407104	0.4782671630382538	1.2912821769714355	0.53486168384552	0.7019314765930176	0.7291080951690674	0.5875816941261292	0.39873823523521423	0.2812283933162689	0.12413307279348373	0.2260236144065857	0.8936596512794495	0.9071823358535767	0.9422703981399536	0.3313506841659546	0.5205035209655762	0.18313220143318176	0.22584649920463562	0.586065948009491	0.47777730226516724	0.4637076258659363	1.2059810161590576	0.5278988480567932	0.333440899848938	0.4732653498649597	0.3851161599159241	0.5202642679214478	1.4631083011627197	0.18639934062957764	0.13835228979587555	0.21381908655166626	0.44004735350608826	0.48369652032852173	0.521454930305481	0.5443365573883057	0.26472362875938416	0.7357031106948853	0.9473933577537537	0.52420574426651	0.746554970741272	0.5272446870803833	0.25246256589889526	0.4853302538394928	0.43749234080314636	0.6196992993354797	0.7369390726089478	0.3352771997451782	0.852554976940155	0.7905369400978088	0.38954198360443115	0.7896822094917297	0.5225592255592346	0.29875871539115906	0.33939915895462036	0.3430508077144623	0.30866801738739014	0.8424777984619141	0.42160460352897644	0.20098604261875153	0.9668359160423279	0.18258169293403625	0.30047449469566345	0.5444808006286621	0.7091179490089417	0.4209822118282318	0.41519734263420105	0.5058696866035461	0.9915168285369873	0.3823113441467285	0.37532269954681396	1.1658188104629517	0.6179363131523132	0.08588361740112305	0.7390925884246826	0.38202303647994995	0.34072038531303406	0.3225383758544922	0.4106771945953369	1.5107356309890747	0.8315790891647339	0.26392632722854614	0.20822183787822723	0.1786143034696579	0.35908305644989014	0.7287578582763672	0.63862544298172	0.2447187751531601	0.3204743564128876	0.23393237590789795	0.36923688650131226	0.25210028886795044	0.2986488342285156	0.12899379432201385	0.18239253759384155	0.6191955208778381	0.3776182234287262	0.4362727999687195	0.14776518940925598	0.39755263924598694	0.31441304087638855	0.29731619358062744	0.6085509061813354	0.36708971858024597	0.23405209183692932	0.2732590436935425	0.3890135884284973	0.6097775101661682	0.21069717407226562	0.7708801031112671	0.5904560685157776	0.29036441445350647	0.6239566206932068	0.27007371187210083	0.8365601897239685	1.001817226409912	0.2592863142490387	0.9515694975852966	0.42627355456352234	0.48537248373031616	0.354369193315506	0.2503381073474884	0.5864061713218689	0.6277238130569458	0.2981331944465637	0.5112459063529968	0.5787892937660217	0.417325496673584	0.12779462337493896	0.632744550704956	0.8304857015609741	0.31338661909103394	0.7938403487205505	0.18040023744106293	0.4733849763870239	0.24467451870441437	0.44728174805641174	0.5213831663131714	0.3560749292373657	0.27150699496269226	0.3251937925815582	0.2345181107521057	0.5525702238082886	0.6668543219566345	0.4756421744823456	0.41377025842666626	0.7686730623245239	0.267731636762619	0.607635498046875	0.1332097053527832	0.1797880083322525	0.32665929198265076	0.651823878288269	0.28054311871528625	0.747661292552948	1.078442096710205	0.7258598208427429	0.5990539789199829	0.2765651345252991	0.07371478527784348	0.6554045677185059	0.5457158088684082	0.8657185435295105	1.4546470642089844	0.370493084192276	0.6102466583251953	0.43964439630508423	0.24543777108192444	0.33857065439224243	0.29708513617515564	0.15205813944339752	0.4546913802623749	0.3700920343399048	0.4696660041809082	0.37362515926361084	0.4019254446029663	0.872158408164978	0.29126492142677307	0.641941487789154	0.33096593618392944	0.5590134859085083	0.4380526840686798	0.20708917081356049	0.5964939594268799	1.4392871856689453	0.33280831575393677	0.4866272211074829	0.8032376170158386	1.0160411596298218	0.3733486831188202	0.4536381959915161	0.6307865381240845	0.1670217365026474	0.2572518587112427	0.354788601398468	0.3167276382446289	0.4120490849018097	0.24145673215389252	0.3844682574272156	0.5771748423576355	0.972350001335144	0.2751833498477936	0.5322005152702332	0.27151599526405334	0.6097804307937622	0.2207552194595337	0.4556114375591278	0.596481204032898	0.6948489546775818	1.1045613288879395	0.36168187856674194	0.32171204686164856	0.9842249751091003	0.6869235038757324	0.6087660789489746	0.36281418800354004	0.32514891028404236	0.20316779613494873	0.7138938307762146	0.6191786527633667	1.4323513507843018	0.37079381942749023	0.4412214159965515	0.33337485790252686	0.07526721060276031	0.7384350299835205	0.6018403768539429	0.4711258113384247	0.45141199231147766	0.7806506156921387	0.4908006191253662	0.1921839416027069	0.31047433614730835	0.39910802245140076	0.4691571295261383	0.42820852994918823	0.4628875255584717	0.25006067752838135	0.46810710430145264	0.5268227458000183	0.5394148230552673	0.3481210470199585	0.949729323387146	0.5081433653831482	0.5180659890174866	0.5460638403892517	0.13834786415100098	0.43218427896499634	0.7159203290939331	0.7576314806938171	0.6291422247886658	0.6374190449714661	0.14961202442646027	0.8997264504432678	0.7548580765724182	0.2766757607460022	0.4187450110912323	0.7158164381980896	0.4029211401939392	0.41145631670951843	0.8331692218780518	0.5825964212417603	0.7665613889694214	0.8523197174072266	1.0736706256866455	0.5750287771224976	0.2599015533924103	0.25223463773727417	0.20018653571605682	0.9468882083892822	0.5623666048049927	0.20311079919338226	0.7455225586891174	0.23920682072639465	0.46594807505607605	0.6367442607879639	0.6950832605361938	0.526521623134613	1.0800535678863525	0.5698636174201965	0.13574862480163574	0.6939796209335327	0.4707084894180298	1.0147405862808228	0.6918638348579407	0.4295039474964142	0.5266433954238892	0.5232266783714294	0.5833541750907898	0.5870810151100159	0.34606680274009705	0.23476053774356842	0.9266579747200012	0.2998570501804352	0.2750066816806793	0.701311469078064	0.35330015420913696	0.5411710143089294	0.1660037338733673	0.22477248311042786	0.18135738372802734	0.6695367097854614	0.2601134479045868	0.2797446846961975	0.593795895576477	0.4556294083595276	0.36730441451072693	0.5002257227897644	0.6535476446151733	0.3571787476539612	0.3738097548484802	0.6831409335136414	0.16526615619659424	0.4003871977329254	0.46162301301956177	0.29268747568130493	1.364392638206482	0.38644248247146606	0.9284720420837402	0.7336151003837585	0.7253748774528503	0.23044222593307495	0.5802050232887268	0.962890625	0.6110243797302246	0.3365602195262909	0.4787744879722595	0.4388676881790161	0.5635497570037842	0.8291158676147461	0.501490592956543	0.6134165525436401	0.1965773105621338	0.516936719417572	1.0988430976867676	0.8769931197166443	0.6909233331680298	0.6996504664421082	0.28445005416870117	0.9379823207855225	0.5564139485359192	0.5402845144271851	0.8482338786125183	1.1906962394714355	0.2481819987297058	1.2975634336471558	0.44094425439834595	0.3941916525363922	0.6553773880004883	0.14320026338100433	0.43128901720046997	0.6825745105743408	0.5349720120429993	0.2725123167037964	0.39704984426498413	0.5085450410842896	0.1848151683807373	0.22437316179275513	0.43938297033309937	0.72484290599823	0.5465302467346191	0.18084397912025452	0.5374442934989929	0.6369291543960571	1.2072371244430542	0.5172553062438965	0.32139235734939575	0.48235654830932617	0.6182602047920227	0.9914153814315796	0.32612186670303345	0.43846389651298523	0.12360626459121704	0.5557646751403809	0.20947453379631042	1.2489612102508545	0.3289162516593933	0.37163230776786804	0.4779517650604248	0.8919374942779541	0.4967101216316223	0.9627460837364197	0.5648335218429565	0.4214581847190857	0.6853537559509277	0.4822613000869751	0.5724142789840698	0.653018593788147	0.5160531997680664	1.0104954242706299	0.7644363045692444	0.441124826669693	1.1308350563049316	0.5224767327308655	0.6297211050987244	0.2213120013475418	0.5074883699417114	0.9070265293121338	0.5977517366409302	0.49813112616539	0.5908171534538269	0.5314797759056091	0.36437973380088806	0.6360953450202942	0.8750808835029602	0.19794461131095886	1.012230634689331	0.24509777128696442	0.25003618001937866	0.3596464991569519	0.38915127515792847	0.7720502614974976	0.7208350896835327	0.9839251041412354	0.2632872462272644	0.5635766983032227	0.5714097619056702	0.24746909737586975	0.22624970972537994	0.4657641053199768	0.44669052958488464	0.8874833583831787	0.5795444846153259	1.037372350692749	0.14337502419948578	0.49644485116004944	0.2657192349433899	0.2979108393192291	0.31970369815826416	0.3763117790222168	0.5048322081565857	0.6516752243041992	0.5621100664138794	0.8615533709526062	0.21419847011566162	0.8260325193405151	0.37324953079223633	0.30843061208724976	0.39595600962638855	0.516815185546875	1.170440912246704	0.7767172455787659	0.44128501415252686	0.4771195948123932	0.23559200763702393	0.5268359184265137	0.3109346926212311	0.9280522465705872	0.47255876660346985	0.4536925256252289	0.32008567452430725	0.3120309114456177	0.5154892802238464	0.5301708579063416	0.15087592601776123	1.2375726699829102	0.5658411383628845	0.6005265712738037	0.5144568085670471	1.0672813653945923	0.2717457413673401	0.6820238828659058	0.34469786286354065	0.36839792132377625	0.33041372895240784	0.140523761510849	0.06890790909528732	1.1846442222595215	0.4732576906681061	1.0345309972763062	0.7396254539489746	0.24150852859020233	0.4660930633544922	0.7107669115066528	0.2802002727985382	0.5363231897354126	1.0645872354507446	0.27439239621162415	0.902504563331604	0.34003397822380066	0.4661155343055725	1.2091463804244995	0.3867136836051941	0.7148759365081787	0.4039676785469055	0.5481928586959839	0.8942432999610901	0.3233339786529541	0.6978681087493896	0.40757033228874207	0.242585226893425	0.2824174761772156	0.4692586064338684	0.46193766593933105	0.09311147034168243	0.25552886724472046	0.5748434662818909	0.2067531794309616	0.3979332745075226	0.952908456325531	0.3894917368888855	0.3980245292186737	0.4763767719268799	0.7524862289428711	0.7252737283706665	0.660236120223999	0.8237106204032898	0.7001987099647522	0.4615577459335327	0.4875141382217407	0.4760094881057739	0.4409674406051636	0.5373511910438538	0.21248947083950043	0.5767531991004944	0.4314552843570709	0.7493959665298462	0.3152402639389038	0.515848696231842	0.8474351763725281	0.6027019619941711	0.6428657174110413	0.4324513375759125	0.4574757516384125	0.39971792697906494	0.41230130195617676	0.25164780020713806	0.4345852732658386	0.902402400970459	0.4650818109512329	0.51762855052948	0.773955225944519	0.2856598496437073	0.2323136329650879	0.580380916595459	0.5726790428161621	0.1310725063085556	0.49776655435562134	0.5451061725616455	0.28132548928260803	0.20113445818424225	0.32141923904418945	0.348783016204834	0.2551444470882416	0.4729168117046356	0.5655911564826965	0.1986236572265625	0.38702377676963806	0.09915128350257874	0.6498532295227051	0.39334604144096375	1.0836881399154663	0.4120773375034332	0.6029991507530212	0.10750658810138702	0.3671020567417145	0.4774508476257324	0.40987545251846313	0.6368972063064575	0.4021151065826416	0.4110276699066162	0.4528084993362427	0.22394733130931854	0.5452473759651184	0.4759349226951599	0.5560381412506104	0.7467640042304993	0.40107035636901855	0.39479637145996094	0.7374182939529419	0.8610203266143799	0.607872724533081	0.2731355130672455	0.5773138403892517	0.9919445514678955	0.6449101567268372	0.5497488379478455	0.6881889700889587	0.7195085287094116	0.6875640749931335	0.2615516781806946	0.400544136762619	0.6706683039665222	0.3395954668521881	0.41285252571105957	0.17653100192546844	0.38193216919898987	0.7170822024345398	0.8411334753036499	0.7269818782806396	0.2615562975406647	0.490619033575058	0.4031352698802948	0.4748440980911255	0.8282302021980286	0.7796244025230408	0.2282080054283142	0.30112603306770325	0.21756015717983246	0.7917172312736511	0.8774016499519348	0.19477638602256775	0.6300396919250488	0.4655202329158783	0.4997337758541107	0.3929300308227539	0.5138441324234009	0.5565915703773499	0.29724395275115967	0.7234789729118347	0.5360233783721924	1.1036620140075684	0.17728634178638458	0.6588818430900574	0.23916226625442505	0.5557245016098022	0.5797563791275024	0.4098856747150421	0.48245003819465637	0.8709267377853394	0.13989703357219696	0.5400087833404541	0.7848460674285889	1.3357967138290405	0.39385807514190674	0.5245562791824341	0.27987855672836304	0.5095887780189514	0.27607855200767517	0.2726728618144989	0.5844686031341553	0.6611993312835693	0.3347194194793701	0.5807385444641113	0.27037113904953003	0.4540197253227234	0.9524638652801514	0.25159329175949097	0.24522867798805237	0.7334418296813965	0.33714860677719116	0.6786218881607056	0.8872221112251282	0.5182167887687683	0.4756624102592468	0.8255911469459534	0.5734031200408936	0.589939296245575	0.585842490196228	0.6698989868164062	1.0174000263214111	0.7272016406059265	0.8466392159461975	0.16348527371883392	0.15308842062950134	0.667955756187439	0.3382294774055481	0.5253156423568726	0.4064464867115021	0.520084023475647	0.5706024169921875	0.26286953687667847	0.48885679244995117	0.25204282999038696	0.9306343793869019	0.36073940992355347	0.4234941005706787	0.2942749857902527	0.3176119327545166	0.5820047855377197	0.992660641670227	0.46174800395965576	0.5083804130554199	0.9131329655647278	0.8552863001823425	0.18347017467021942	0.7889970541000366	0.4942137598991394	0.33733081817626953	0.6244111061096191	0.610734760761261	0.7400742769241333	0.3357910215854645	0.4691881835460663	0.7290775179862976	0.3649599850177765	0.3842562735080719	0.29291456937789917	0.4012969136238098	0.8115824460983276	0.5876439213752747	0.5503689050674438	0.9257427453994751	0.6225064992904663	1.1136318445205688	0.25042659044265747	0.5759079456329346	0.26124635338783264	0.5318683981895447	0.5387973189353943	0.36788466572761536	1.0600329637527466	0.29669469594955444	0.28509652614593506	0.7119374871253967	0.3849257826805115	0.36224859952926636	0.14062729477882385	0.2709224224090576	0.5062047243118286	0.13164182007312775	1.0585893392562866	0.73012775182724	0.20006422698497772	0.21848136186599731	0.15965434908866882	0.6838757991790771	0.4816860556602478	0.7649878263473511	0.5972268581390381	0.6717550754547119	0.55550616979599	0.8537265062332153	0.5796022415161133	0.36671459674835205	0.3889309763908386	0.8579115271568298	0.6492863297462463	0.3053072690963745	0.9101947546005249	0.6850202679634094	0.4554651379585266	0.3877042531967163	1.1314046382904053	0.3138316571712494	0.2685474455356598	0.3477082848548889	0.38106852769851685	0.13814949989318848	0.31135401129722595	0.4357878565788269	0.8581594228744507	0.41162532567977905	0.43714821338653564	0.6481994390487671	0.5296781063079834	0.31641843914985657	0.7742266058921814	0.8920522928237915	0.4903348684310913	0.415539026260376	0.38393354415893555	0.7702602744102478	0.8192819356918335	0.1801166981458664	0.3447202146053314	0.42935100197792053	0.28499260544776917	0.4014183282852173	0.7551857829093933	0.6116338968276978	0.13230173289775848	0.25503671169281006	0.9298433661460876	0.49884289503097534	0.5993027091026306	0.2495870590209961	0.4810568690299988	0.2629461884498596	0.41454970836639404	0.14329704642295837	0.3496875762939453	0.8663569092750549	0.3030253052711487	0.3979239761829376	0.5901898741722107	0.15631982684135437	0.5668150186538696	0.5311697125434875	0.9888476133346558	0.3029625415802002	0.4805346727371216	0.5149000287055969	0.13907839357852936	0.4016890823841095	0.25319215655326843	0.7591311931610107	0.6163144111633301	0.6401302218437195	0.6561875343322754	0.8868613243103027	0.4008250832557678	0.24950893223285675	0.7079809904098511	0.5441557168960571	0.7139723300933838	0.1727321743965149	0.09070362150669098	0.8882482051849365	0.37198933959007263	0.7060183882713318	0.6616525053977966	0.5648525357246399	0.8110419511795044	0.3541719317436218	0.4427405297756195	0.5285816788673401	0.35860297083854675	0.34276074171066284	0.34914588928222656	0.5002394914627075	0.2881142199039459	0.23081567883491516	0.6136600971221924	0.5254948139190674	0.5216429233551025	0.13654497265815735	1.3940305709838867	0.6096711754798889	0.7203058004379272	0.5122165083885193	0.7454491853713989	0.23812343180179596	0.2582382559776306	0.5840107202529907	0.4974215030670166	0.31769585609436035	0.5354316234588623	0.23995380103588104	0.3659250736236572	0.2862876355648041	0.5677317976951599	0.5637453198432922	0.43813270330429077	1.0596349239349365	0.6106262803077698	0.26130759716033936	0.3641815781593323	0.8234862089157104	0.2909049093723297	0.3974364697933197	0.3433496356010437	0.6738839149475098	0.9723708033561707	0.4779500961303711	0.33137786388397217	0.353074312210083	0.9311559200286865	0.5763800144195557	0.7402682304382324	0.7461823225021362	0.3997044265270233	0.5425666570663452	0.6289758682250977	0.8555852770805359	0.6947499513626099	0.923545241355896	1.058616042137146	0.2851713001728058	0.45524752140045166	0.23011177778244019	1.0801554918289185	0.16724702715873718	0.7988949418067932	0.8634746074676514	0.7203490138053894	0.6025348901748657	0.4426117241382599	0.494340717792511	0.2721414566040039	0.6881265044212341	0.2444961816072464	0.21884550154209137	0.28762078285217285	0.5559846758842468	0.3357886075973511	0.26734083890914917	0.5970013737678528	0.40368083119392395	0.22604958713054657	0.5468820929527283	0.4165249168872833	0.3884652256965637	0.4194977879524231	0.29828038811683655	0.7901344299316406	0.11579614877700806	0.3093003034591675	0.8540178537368774	0.7072951793670654	0.7946777939796448	0.45317602157592773	0.4661222994327545	0.2527572512626648	0.6393004059791565	0.3251209557056427	0.6405726671218872	0.6981728672981262	0.5044010281562805	0.12411521375179291	0.45955803990364075	0.25583338737487793	0.5165497660636902	0.25563061237335205	0.7189954519271851	0.1996867060661316	0.44614776968955994	0.6650823354721069	0.7267572283744812	0.1262291967868805	0.38012781739234924	0.384441077709198	0.2805328071117401	0.3711775839328766	0.4685131311416626	0.2547787129878998	0.5171926021575928	0.3234398066997528	0.03816613554954529	0.21713992953300476	0.4667709171772003	0.5031628012657166	0.5880107283592224	0.3682732582092285	0.5980607867240906	0.37912213802337646	0.8717318773269653	0.6460191011428833	1.340895414352417	0.17777350544929504	0.8916894197463989	0.38831377029418945	0.29390138387680054	0.3391517400741577	0.6892018914222717	0.1136559247970581	0.2064916044473648	0.3577660024166107	0.7569640278816223	0.7545779347419739	0.3224743604660034	0.2995041310787201	0.7138326168060303	0.09564609080553055	0.623362123966217	0.3914031982421875	1.2189713716506958	0.8612925410270691	0.5671589374542236	0.5567929148674011	0.7074124813079834	0.7488044500350952	0.49460041522979736	0.36370816826820374	0.7421132326126099	0.7440719604492188	0.17361056804656982	0.23959283530712128	0.24639961123466492	0.28353142738342285	0.3826673626899719	0.44132548570632935	1.4742025136947632	0.0998639166355133	0.21541278064250946	0.37359100580215454	0.3473881483078003	0.2559429109096527	0.8011966943740845	0.20394906401634216	0.09925220161676407	0.13630002737045288	0.22886590659618378	0.4596116542816162	0.7629494071006775	0.11680777370929718	0.4751916825771332	0.9853834509849548	0.12800095975399017	1.0556560754776	0.6952376365661621	0.3266952335834503	0.23320794105529785	0.5943542122840881	0.5935629606246948	0.2409471869468689	0.6461256146430969	0.43106263875961304	0.8100477457046509	0.11480283737182617	0.5087687373161316	0.34219974279403687	0.40436553955078125	0.19442270696163177	0.3740525245666504	0.48920807242393494	0.4011344611644745	0.5912868976593018	0.8693150281906128	0.273465096950531	0.30659765005111694	0.31938061118125916	0.47859761118888855	0.5482784509658813	0.5071300268173218	0.464788556098938	0.3569073975086212	0.926451563835144	0.26317253708839417	0.4711746871471405	0.45234790444374084	0.21536464989185333	0.4632517397403717	0.5515247583389282	0.6429297924041748	0.5890815854072571	0.33373314142227173	0.2877429127693176	0.4374741017818451	0.2161155790090561	0.2605205178260803	0.33001476526260376	0.8046610355377197	0.29054251313209534	1.009821891784668	0.5837993621826172	0.22592902183532715	0.36254245042800903	0.7113779187202454	0.5987321734428406	0.49808624386787415	0.39753809571266174	0.5728267431259155	0.2594752609729767	0.19459521770477295	0.9583119750022888	1.4650293588638306	0.27549850940704346	0.5833365321159363	0.6212942004203796	0.44388630986213684	0.4420798718929291	0.5643181800842285	0.28758737444877625	0.5081231594085693	0.7749426960945129	0.4655993580818176	0.3864251971244812	0.19880956411361694	0.25137776136398315	0.3173491358757019	0.15097041428089142	0.46796533465385437	0.4537365734577179	1.01866614818573	0.2535088360309601	0.16736957430839539	0.22056835889816284	0.17627014219760895	0.30541324615478516	0.47957271337509155	0.9634308218955994	0.8162845373153687	0.696652352809906	0.49444305896759033	0.35328203439712524	0.6405818462371826	0.6997156143188477	0.4415897727012634	0.14811532199382782	0.6855884194374084	0.46841803193092346	0.4298732876777649	0.4778459966182709	0.8151297569274902	0.6121730804443359	0.6735780239105225	0.5755389928817749	0.28491437435150146	0.5833091139793396	0.5877034068107605	0.5362815260887146	0.061118047684431076	0.49087828397750854	0.5066179037094116	0.29181814193725586	0.6210615038871765	0.7601646780967712	0.7158904671669006	1.2544975280761719	1.1321821212768555	0.46732252836227417	0.3923813998699188	0.569038987159729	0.4569298326969147	0.8779929876327515	0.5577039122581482	0.8494288921356201	0.5671709179878235	0.4581387937068939	0.5083911418914795	0.9568230509757996	0.37596383690834045	0.3139917850494385	0.48935478925704956	0.3861296474933624	0.7844663858413696	0.2437649369239807	0.25954553484916687	1.1373435258865356	0.3695405423641205	0.3473575711250305	0.5659675598144531	0.42135512828826904	0.33373528718948364	0.5250347852706909	0.4959314167499542	0.5059696435928345	0.17939141392707825	0.3583701252937317	0.6092451810836792	0.28781038522720337	0.6638643145561218	0.49350112676620483	0.4443318843841553	0.2719123661518097	0.24198655784130096	0.4399447441101074	0.2794843912124634	0.3178575038909912	0.5711997747421265	0.7517232298851013	0.23308469355106354	0.756018340587616	0.3455587327480316	0.3949715197086334	0.37905046343803406	0.5339319109916687	0.628766655921936	0.5749607682228088	0.38066336512565613	0.2466260939836502	1.1303431987762451	1.0282131433486938	0.47267475724220276	0.7541813254356384	0.6618374586105347	0.23747824132442474	0.3525718152523041	0.38181397318840027	0.27157270908355713	0.3720843493938446	0.4527038633823395	0.5103293061256409	0.34219637513160706	0.476430207490921	0.601272702217102	0.15631958842277527	0.7226501703262329	0.3740280270576477	0.7911962270736694	0.40254196524620056	0.7939085960388184	0.1249898225069046	0.5285016298294067	0.31809285283088684	0.2999802231788635	0.44163063168525696	0.5707002878189087	0.34578394889831543	0.5477662682533264	0.9513696432113647	0.598905086517334	0.45061951875686646	0.2968613803386688	0.5431830883026123	0.2770771086215973	0.6836676597595215	1.054205298423767	0.32246139645576477	1.2583202123641968	0.40448838472366333	0.3880123794078827	0.3875785171985626	0.41163891553878784	0.1829834133386612	0.633173942565918	0.4262095093727112	1.1125800609588623	0.6007076501846313	0.9962310791015625	0.46369561553001404	0.46817272901535034	1.1100902557373047	0.6434659361839294	0.05309547856450081	0.7076553702354431	0.4713171422481537	0.4852307140827179	0.30598604679107666	0.40409988164901733	0.3265271484851837	0.29519328474998474	0.6524543166160583	0.4573170840740204	1.7742488384246826	0.39138367772102356	0.09035265445709229	0.14473076164722443	0.2543661892414093	0.4392448663711548	0.1870710849761963	1.0854684114456177	0.22442682087421417	0.9395542740821838	0.4801737666130066	0.6287237405776978	0.5532234907150269	0.43961402773857117	0.3414275646209717	0.6337728500366211	0.16865214705467224	0.38773593306541443	0.3214970827102661	0.5548593401908875	0.2900954782962799	0.7406185269355774	0.2624819874763489	0.5774165391921997	0.6808106303215027	0.3421395719051361	0.3545215427875519	0.3651314973831177	0.28390172123908997	0.4161544442176819	0.3892427086830139	0.21787351369857788	0.26019033789634705	0.7440921664237976	0.6558949947357178	0.5111027359962463	0.3678476810455322	0.6843962073326111	0.5871455669403076	0.7546448707580566	0.3319776952266693	0.2397661805152893	0.6112232208251953	0.700962483882904	0.4135076403617859	0.40515464544296265	0.5907893180847168	0.7436707615852356	0.29369866847991943	0.585432231426239	0.38256537914276123	0.7129677534103394	0.26596683263778687	0.8292936682701111	0.5227494835853577	0.3216317892074585	0.6746167540550232	0.2510041296482086	0.8430235385894775	0.9732274413108826	0.8112527132034302	0.3423338532447815	0.4520355761051178	0.23384763300418854	0.47805076837539673	0.64786696434021	0.4199793338775635	1.0815402269363403	0.8682466149330139	0.1311483085155487	0.17944249510765076	0.9525195360183716	0.22339656949043274	0.5862841606140137	0.28258028626441956
0.23236341774463654	0.49771907925605774	0.41255876421928406	0.6947907209396362	0.9895090460777283	0.1343955397605896	0.4072890281677246	0.39163637161254883	0.186419278383255	0.2921562194824219	0.7825755476951599	0.2317955195903778	0.7284640073776245	0.5799412727355957	0.3630450367927551	0.44805610179901123	0.3583739399909973	0.43900471925735474	0.3456876873970032	0.4587613046169281	0.5431318879127502	0.25101059675216675	0.3555622398853302	0.07860547304153442	0.5491450428962708	0.8547952175140381	0.986068844795227	0.7979916930198669	0.7017958164215088	0.38311415910720825	1.033860206604004	0.6615902781486511	0.7382404804229736	0.2793060541152954	0.4903838038444519	0.4588538408279419	0.17515888810157776	0.6692132353782654	0.3518906831741333	0.7381548881530762	0.17561382055282593	0.45158815383911133	0.24512065947055817	0.47280648350715637	0.25809258222579956	0.5738304257392883	0.4005363881587982	0.30772697925567627	0.3449733853340149	0.2775663137435913	0.7415317296981812	0.44170743227005005	0.4552117586135864	0.43751564621925354	0.5040012001991272	0.2884645164012909	0.6917188763618469	0.6612526178359985	0.4467308819293976	0.6621670722961426	0.2585318982601166	1.089387059211731	0.4564855098724365	0.636083722114563	0.7125200629234314	0.28742358088493347	0.8838275671005249	0.6257394552230835	0.3799048066139221	0.6398608684539795	0.34932273626327515	0.28012531995773315	0.2347869873046875	0.5254917144775391	0.29920610785484314	0.9354100227355957	0.18010827898979187	0.7590053677558899	0.5679932236671448	0.5338056683540344	0.758459210395813	0.4404352605342865	0.5093397498130798	0.3103048503398895	0.7381235957145691	0.2350529432296753	0.5077605247497559	0.44131454825401306	0.6003414392471313	0.21670952439308167	0.8477654457092285	0.3378355801105499	0.06264451146125793	0.5305161476135254	1.0350850820541382	0.8782875537872314	0.871104896068573	0.34307852387428284	0.7152532935142517	0.49028295278549194	0.9138727784156799	1.0847629308700562	0.35840022563934326	0.8239439129829407	0.37537455558776855	0.5705453753471375	0.6046366095542908	0.2060757875442505	0.15383398532867432	0.3209136128425598	0.4702622592449188	0.5773476958274841	1.3843718767166138	0.5590275526046753	0.561845064163208	0.47460848093032837	0.5667973756790161	0.7504421472549438	0.36095044016838074	0.4344482719898224	0.6740838289260864	0.47201454639434814	0.2912221848964691	0.5550811290740967	0.21328715980052948	0.8070181608200073	0.2655486762523651	0.4409887194633484	0.6623029112815857	0.4504019618034363	0.3484724760055542	0.5254970192909241	0.4625347852706909	0.5512002110481262	0.44093871116638184	0.34895020723342896	0.9170018434524536	0.2752959430217743	0.5164713263511658	0.3632882535457611	0.40067407488822937	0.3724299371242523	0.04235883057117462	0.28497764468193054	0.16475823521614075	0.31842994689941406	0.4900433123111725	0.6030930876731873	0.988427460193634	0.4414120316505432	0.51048743724823	0.30774611234664917	0.5634406805038452	0.08130261301994324	0.46156370639801025	0.5569760203361511	0.5659183859825134	1.1116423606872559	0.1299925446510315	0.34538698196411133	1.1751350164413452	0.497452974319458	0.2970389127731323	0.4496709704399109	0.13060052692890167	0.5623316764831543	0.9305022954940796	0.11422573029994965	0.01030530035495758	1.6014052629470825	0.3828335404396057	0.34174486994743347	0.7639591693878174	0.49711719155311584	0.4986268877983093	0.25502610206604004	0.36915552616119385	0.9099949598312378	0.38241222500801086	0.23500408232212067	0.42574477195739746	0.9368970394134521	0.4735482931137085	0.4651497006416321	0.8516771793365479	0.5128040909767151	0.43460017442703247	0.1964135468006134	0.48551145195961	0.32013997435569763	0.8265117406845093	0.34015557169914246	0.42942190170288086	0.4089973270893097	0.3599904179573059	0.8260337114334106	0.2944979965686798	0.4858878254890442	0.4367685914039612	0.38801562786102295	0.4118010103702545	0.9090383052825928	0.36263954639434814	0.18030810356140137	0.3955438733100891	0.44711095094680786	0.6580144762992859	0.3151134252548218	0.5206224918365479	0.3100232779979706	0.6521345973014832	0.6223331093788147	0.14681510627269745	0.30757275223731995	0.7854655981063843	0.48602932691574097	0.5752382874488831	0.34300780296325684	0.4148644208908081	0.26394495368003845	0.3290323317050934	0.29172220826148987	0.2963196635246277	0.10523125529289246	0.32644978165626526	0.3460068106651306	0.5730744004249573	0.7186409831047058	0.21174630522727966	0.3141506314277649	0.35130321979522705	0.3050185739994049	0.7628111243247986	0.7029135823249817	0.5138901472091675	0.7738089561462402	0.29748740792274475	0.7663204669952393	0.5942381620407104	0.2984556555747986	0.38754910230636597	0.5070608258247375	0.4837937355041504	0.37493079900741577	0.359854519367218	0.642352819442749	0.6444862484931946	0.4702378809452057	0.2679632604122162	0.4140627384185791	0.3804725408554077	0.6474137902259827	0.25383466482162476	0.42031311988830566	0.3881668746471405	0.596919596195221	0.1688981056213379	0.5388007760047913	0.3621048927307129	0.44015899300575256	1.1765929460525513	0.4754331111907959	0.31326502561569214	0.4478541910648346	0.11753474175930023	0.2572685182094574	0.6968922019004822	0.12867464125156403	0.5922387838363647	0.2575942277908325	0.6865731477737427	0.6135638952255249	0.042707644402980804	0.42824679613113403	0.1520422101020813	0.304736465215683	0.4755307734012604	0.11431245505809784	0.26102572679519653	1.142359733581543	0.10074277967214584	0.21073812246322632	0.37166091799736023	0.15511605143547058	0.6020301580429077	0.6559864282608032	0.24463100731372833	0.6817803382873535	0.07466022670269012	0.5303645730018616	0.9477860331535339	0.4263283312320709	0.5008231997489929	0.5835950970649719	0.46409347653388977	0.376509428024292	0.4974069595336914	0.38491562008857727	0.6694916486740112	0.8294837474822998	0.34028053283691406	0.6511445045471191	0.9851797819137573	0.4849638342857361	0.6242522597312927	0.18829239904880524	0.3126375675201416	0.8423498272895813	0.3977349102497101	0.976132333278656	1.0017001628875732	0.3890730142593384	0.69205242395401	0.1351701319217682	0.3060111105442047	0.616959810256958	0.65053391456604	0.6837807893753052	0.3681860566139221	1.4300507307052612	0.3035280704498291	0.45476484298706055	0.09186310321092606	0.867699146270752	0.7402861714363098	0.4590516686439514	0.43258821964263916	0.8009071946144104	0.31030839681625366	0.3754824995994568	0.5570405721664429	0.4183068871498108	0.2449743002653122	0.6134892702102661	1.165365219116211	0.40228697657585144	0.7276996970176697	0.2801506519317627	0.6351397037506104	0.5491401553153992	0.1312352418899536	0.9541948437690735	0.31647157669067383	0.5250322818756104	0.1669851392507553	0.5627644658088684	0.3482078015804291	0.4577599763870239	0.4635058045387268	0.16035138070583344	1.0711731910705566	0.5091363191604614	0.17092634737491608	0.37227344512939453	0.6394500136375427	0.25975075364112854	0.46459007263183594	0.4656851887702942	0.24639540910720825	0.18095481395721436	0.511742353439331	0.66780024766922	0.42570340633392334	0.1434893012046814	0.6712664365768433	1.0811095237731934	0.3775821626186371	0.22540009021759033	0.25141826272010803	0.26986488699913025	0.4376908540725708	0.26211535930633545	0.46810582280158997	0.8665790557861328	0.13847751915454865	0.20270337164402008	1.6696759462356567	0.2669273912906647	0.7046329379081726	0.4188096225261688	0.6597137451171875	0.5866920948028564	0.4148799479007721	0.30477166175842285	0.4556419551372528	0.4504898190498352	0.1616699993610382	0.22734428942203522	0.817166805267334	0.43640902638435364	0.5777962803840637	0.5672281980514526	0.4132753610610962	1.2588931322097778	0.7493445873260498	0.8264352083206177	0.471864253282547	0.16626740992069244	0.8102186918258667	0.7182860970497131	0.37677106261253357	0.40358930826187134	0.6023383140563965	0.5134778022766113	0.41321271657943726	0.4612550437450409	0.513105034828186	1.22112238407135	0.4687592387199402	0.37886324524879456	0.9785623550415039	0.33475884795188904	0.7594974637031555	0.07010958343744278	0.9373680353164673	0.3449494242668152	0.37707334756851196	0.8576925992965698	0.7555352449417114	0.597512423992157	0.3299795389175415	0.30989426374435425	0.9846687316894531	0.42146605253219604	0.5102922916412354	0.17985622584819794	0.34830421209335327	0.4503229260444641	0.4788662791252136	0.1719752699136734	0.2895754277706146	0.7811415791511536	0.5802665948867798	0.26390185952186584	0.6126610040664673	0.29755714535713196	0.3975234031677246	1.020345687866211	0.8317895531654358	0.4036317467689514	0.7345503568649292	0.34992775321006775	0.4641701877117157	1.0820142030715942	0.6722700595855713	0.35586005449295044	0.7136437296867371	0.7695931792259216	0.2666747272014618	0.22742298245429993	0.6823126077651978	0.3152676522731781	0.24644911289215088	0.8876386880874634	0.19194763898849487	0.39839673042297363	0.5665913224220276	0.4383944571018219	0.2616691291332245	0.04832642897963524	0.4207157492637634	0.46055254340171814	0.16855919361114502	0.3503877818584442	0.5514559745788574	0.7386265397071838	0.3379700779914856	0.2619698643684387	0.1170724630355835	0.3648170232772827	0.7246446013450623	0.29571962356567383	0.1518877148628235	0.2198745459318161	1.001951813697815	0.8073845505714417	0.6989129185676575	1.064151406288147	0.20301523804664612	1.0739883184432983	0.2825874984264374	0.4975837767124176	0.8254222273826599	0.2885938286781311	0.1896653175354004	0.23144714534282684	0.5586269497871399	0.6453843116760254	0.5980778336524963	0.3333178162574768	0.44306856393814087	0.43242326378822327	0.669762909412384	0.7154178619384766	0.4494631886482239	0.5155515670776367	0.48448050022125244	0.3857567608356476	0.3820652663707733	0.09782141447067261	1.307925820350647	0.34482496976852417	0.23073382675647736	0.4208128750324249	0.1300707459449768	0.778671383857727	0.9845693111419678	0.982714056968689	0.19395186007022858	0.19642117619514465	0.29419979453086853	1.0822993516921997	0.8332078456878662	0.4086000323295593	0.34680259227752686	0.2095816731452942	0.2297750860452652	0.5156000256538391	0.5996090173721313	0.609889566898346	0.48548153042793274	0.9675636291503906	0.1943802833557129	0.4112917482852936	0.28669703006744385	0.37500718235969543	0.7477312684059143	0.512961745262146	0.4753705561161041	0.8200767636299133	1.1695173978805542	0.6945471167564392	0.5674870610237122	0.6381230354309082	0.24860277771949768	0.502720057964325	0.296276718378067	0.5760968327522278	0.5412581562995911	0.19437161087989807	0.3964843451976776	0.43154266476631165	0.7135899066925049	0.3971686065196991	0.3054412603378296	0.3988109529018402	0.6368864178657532	0.31999579071998596	0.803058385848999	1.530869960784912	1.3563157320022583	0.4471927583217621	0.28235340118408203	0.5292953252792358	0.5729701519012451	0.5714898109436035	0.41944605112075806	0.5044604539871216	0.6944024562835693	0.2720482647418976	0.46836423873901367	1.1229159832000732	0.4386468231678009	0.46238595247268677	1.1967135667800903	0.12387268990278244	0.9073280096054077	0.209184467792511	0.16731496155261993	1.0933769941329956	0.5024330615997314	0.9353717565536499	1.1270776987075806	0.19226861000061035	0.3540828227996826	0.5095200538635254	0.5220791697502136	0.18601307272911072	0.51113361120224	0.33659136295318604	0.5257652401924133	0.49086299538612366	0.3603176474571228	0.6682281494140625	0.3834429681301117	0.8398725986480713	0.6909950971603394	0.3014223873615265	0.8097372651100159	0.7925393581390381	0.5606591701507568	0.03873038291931152	1.096156358718872	0.7349343299865723	0.5683238506317139	0.30239981412887573	0.4894808530807495	0.08968526870012283	0.3857695460319519	0.2759200930595398	0.13407132029533386	0.4261973798274994	0.33726927638053894	0.6848963499069214	0.5364729762077332	0.49263787269592285	0.6790764927864075	0.3617674708366394	0.49711281061172485	0.9765161275863647	0.16422002017498016	0.4107590615749359	0.867911696434021	1.060608148574829	0.14793401956558228	0.7351625561714172	0.23383358120918274	0.3552647531032562	0.33779269456863403	0.7958686947822571	0.09286289662122726	0.6748411059379578	0.38801369071006775	0.12107560783624649	0.23295047879219055	0.32389408349990845	1.0028854608535767	0.19963067770004272	1.1599613428115845	0.8022305369377136	0.5891040563583374	0.20965857803821564	0.3693805932998657	1.0215970277786255	0.4571138620376587	0.24115318059921265	0.9509360194206238	0.741629958152771	0.1489301323890686	0.2695193886756897	0.5878949165344238	0.29550015926361084	0.15677380561828613	0.70317143201828	1.2931958436965942	0.8325072526931763	0.20285414159297943	0.43529272079467773	0.8112030029296875	0.6088907718658447	0.3247237801551819	0.534568190574646	0.6251033544540405	0.4876365661621094	0.4670529067516327	0.22315391898155212	0.22443780303001404	0.8291947841644287	0.5570557117462158	0.28617528080940247	0.3387477397918701	0.2299402356147766	0.42015013098716736	0.5211106538772583	0.5864987969398499	0.9820480346679688	0.5412685871124268	0.39223363995552063	1.121930718421936	0.4424766004085541	0.34245938062667847	0.6907227039337158	0.5475988984107971	0.6486560702323914	0.5551575422286987	0.9306251406669617	0.9453574419021606	0.3560052812099457	0.217781662940979	0.2559421956539154	0.3522897958755493	0.28153419494628906	0.44757282733917236	0.3612794876098633	0.19075262546539307	0.5443185567855835	0.42851370573043823	0.5186399221420288	0.3982009291648865	0.35940805077552795	1.434281826019287	0.543044924736023	0.047565244138240814	0.3417375981807709	0.26877933740615845	0.39659515023231506	0.42688968777656555	0.7126684784889221	0.8608483076095581	0.13206465542316437	0.47378289699554443	0.9943304061889648	0.575192928314209	0.20814248919487	0.3786555826663971	0.6796593070030212	0.7358137369155884	0.5446035861968994	0.4604305028915405	0.8392390608787537	1.1043699979782104	0.6609079837799072	0.5380366444587708	0.44506746530532837	0.40847644209861755	0.6863788366317749	0.08971339464187622	0.4120263159275055	1.1185894012451172	0.7513834238052368	0.6509009599685669	0.6016702055931091	0.7288733124732971	0.6437408328056335	0.5131334662437439	0.8017159104347229	0.8285000324249268	0.10148732364177704	0.34980079531669617	0.22858276963233948	0.25875261425971985	0.3542819023132324	0.5785526037216187	0.6970751285552979	0.7823035717010498	0.683461606502533	0.10444781929254532	1.05104660987854	0.4665750563144684	0.3734428882598877	0.4528772234916687	0.3516029417514801	0.5259686708450317	0.5342205166816711	0.33379432559013367	0.4691588878631592	0.4219730496406555	0.43816959857940674	0.28325411677360535	0.14420507848262787	0.25947046279907227	0.36708876490592957	0.5627434253692627	0.07920531928539276	0.21599286794662476	0.7061022520065308	0.2879924774169922	0.42686885595321655	0.3387266993522644	0.5158102512359619	1.0780264139175415	0.5590365529060364	0.17671355605125427	0.6078203916549683	0.2646808326244354	0.28497329354286194	0.47058719396591187	0.8247600793838501	0.14933298528194427	0.44002458453178406	0.42998000979423523	0.6560514569282532	0.528313398361206	0.34262365102767944	0.7605080008506775	0.34733834862709045	0.8214666843414307	0.26096442341804504	0.07295878231525421	0.1540035903453827	0.40651029348373413	0.5615227222442627	0.7856767177581787	0.43600836396217346	0.46368688344955444	0.31693193316459656	0.23204049468040466	0.44850337505340576	0.34731173515319824	0.6875445246696472	0.44571444392204285	0.7371863126754761	0.5893762111663818	0.502262532711029	0.8531413674354553	0.4613358974456787	1.370564579963684	0.3337673842906952	0.24303771555423737	0.6857680082321167	0.6778236627578735	0.4043799340724945	0.3088478446006775	0.9048861265182495	0.21421462297439575	0.4785904288291931	1.0096557140350342	0.6598180532455444	0.7031068801879883	0.4802972078323364	0.07471834123134613	1.078080415725708	0.4373173713684082	0.570807695388794	0.2553034722805023	0.6242918968200684	0.6933860778808594	0.8910855054855347	0.13696356117725372	0.110005684196949	0.7919033169746399	0.8424224853515625	0.42485886812210083	0.20980142056941986	0.4346720278263092	0.690143346786499	0.4723902940750122	0.3155173063278198	0.7226967811584473	0.10578873008489609	0.4048735499382019	0.4453534781932831	0.8821446895599365	0.9119352102279663	0.46411970257759094	0.4091084599494934	0.48441681265830994	0.7250014543533325	0.3527335524559021	0.8122432231903076	0.8744913935661316	0.2730749845504761	1.1094247102737427	0.4382917881011963	0.546845018863678	0.5624383091926575	0.40381646156311035	0.5612422227859497	0.23114551603794098	0.4879833459854126	0.33366838097572327	0.4567485451698303	0.9575039148330688	0.7650787830352783	0.3636901378631592	0.36871933937072754	0.37703827023506165	0.348296582698822	0.7015503644943237	0.26375508308410645	0.6847943067550659	0.1504417061805725	0.2507401704788208	0.7726612091064453	0.33533743023872375	0.21767224371433258	0.8214077949523926	0.2003055214881897	0.4745869040489197	0.306738942861557	0.7709138989448547	0.5289009213447571	0.2643006443977356	0.6690652370452881	0.7398643493652344	0.5312421917915344	0.29719477891921997	0.8055503368377686	0.2122494876384735	0.6682775616645813	0.6059244871139526	0.4869508147239685	0.47559523582458496	0.5617539882659912	0.30464044213294983	0.5446272492408752	0.38376739621162415	0.4342469573020935	0.5914136171340942	0.18185168504714966	0.7175535559654236	0.5895884037017822	0.5551560521125793	0.6284188032150269	1.053429126739502	0.34877556562423706	0.17647702991962433	0.09443888813257217	0.5110453963279724	1.0955990552902222	1.0591760873794556	0.5924173593521118	0.7479403018951416	0.5712953805923462	0.32190173864364624	0.36001843214035034	0.3957010507583618	0.5520067811012268	0.27928686141967773	0.41753649711608887	0.3152143359184265	0.2518819570541382	0.3967391550540924	0.35114264488220215	0.4369090497493744	0.3365449905395508	0.6403804421424866	0.10648135840892792	0.23518995940685272	0.8552378416061401	0.6167802214622498	0.496690958738327	0.06094920262694359	0.24422740936279297	0.12568263709545135	0.353980153799057	0.66356360912323	0.5375893115997314	0.22346267104148865	0.42158010601997375	0.9086757302284241	0.9302782416343689	0.2959707975387573	0.14185985922813416	0.4844648540019989	0.4075043797492981	0.3197855055332184	0.48581117391586304	0.28194811940193176	0.8634832501411438	0.6714878678321838	0.4054827094078064	0.4820531904697418	0.45646125078201294	0.46174848079681396	0.509993314743042	0.7164345979690552	0.4948253035545349	0.5159854888916016	0.6099754571914673	0.5251039266586304	0.7362837791442871	1.2105756998062134	0.5590413808822632	0.3897969424724579	0.7119734883308411	1.1815381050109863	0.21833233535289764	0.35572516918182373	0.6568915247917175	0.2004004418849945	0.4253820776939392	0.5244718194007874	0.46960264444351196	0.36560097336769104	0.9100574851036072	0.5422695875167847	0.2236863076686859	1.8212181329727173	0.43015730381011963	0.23796966671943665	0.2914103865623474	0.3482165038585663	0.414253830909729	0.3361089825630188	0.15688446164131165	0.30913224816322327	0.23468884825706482	0.5026465654373169	0.4206371307373047	0.24883227050304413	0.6948196291923523	0.3221980929374695	0.4893820881843567	0.18531107902526855	0.3667728304862976	0.6776587963104248	0.6494834423065186	0.9887728691101074	0.6309716701507568	0.10661671310663223	0.24794788658618927	0.702383816242218	0.3192470073699951	0.8729355335235596	0.7773565053939819	0.8836912512779236	0.4780515432357788	0.796623170375824	0.05582740530371666	0.3883390426635742	0.5579311847686768	0.41029220819473267	0.3017401099205017	0.20593859255313873	0.08330787718296051	0.27069810032844543	0.43844926357269287	0.39823129773139954	0.39947113394737244	1.0006392002105713	0.1733550727367401	0.8731510043144226	0.4661710262298584	0.48333609104156494	0.8214353322982788	1.0687084197998047	0.27679091691970825	0.5251147150993347	0.5258656740188599	0.21477031707763672	0.2428778111934662	0.6605544090270996	0.5513010621070862	0.47628656029701233	0.6189670562744141	0.49102094769477844	0.2899181544780731	0.14518357813358307	0.15301327407360077	0.3565840721130371	1.3544285297393799	0.8237548470497131	0.39068251848220825	0.6479790806770325	0.3672662377357483	0.39989203214645386	0.726235032081604	0.44288504123687744	0.29399049282073975	0.9385772347450256	0.49825868010520935	1.0036066770553589	0.5954514741897583	0.9876542091369629	0.15612143278121948	0.3476518988609314	1.0931929349899292	0.16880843043327332	0.649371325969696	0.8267219066619873	1.0781381130218506	0.7017789483070374	0.3952941298484802	0.5063754916191101	0.49178048968315125	0.2813026010990143	0.7534361481666565	0.504744291305542	0.31393542885780334	0.5456789135932922	0.3951648473739624	0.3839380145072937	0.895604133605957	0.5482695698738098	0.18938703835010529	0.18384867906570435	0.22212176024913788	0.48559701442718506	0.33246445655822754	0.3491089344024658	0.5931423306465149	0.5384415984153748	0.4462563097476959	0.3601662516593933	0.8745527267456055	0.4980425238609314	0.4468940198421478	0.41973018646240234	0.6424846649169922	0.18493250012397766	0.55450040102005	0.16053928434848785	0.47582125663757324	0.7537623047828674	0.4579399824142456	0.7398493885993958	0.437004953622818	0.5177238583564758	0.3116810917854309	0.3507397472858429	0.6727218627929688	0.5397347807884216	0.3485727906227112	0.16855646669864655	0.5217773914337158	0.9546455144882202	0.4764394164085388	0.5125159025192261	0.8710552453994751	0.0737227350473404	0.27275240421295166	0.6673600673675537	0.28346315026283264	0.8164070844650269	0.12802530825138092	1.1577191352844238	0.41644182801246643	0.36334502696990967	0.11955046653747559	0.23799242079257965	0.8640985488891602	0.4811195135116577	0.6851838231086731	0.5074298977851868	0.3339455723762512	0.3077821433544159	0.4965326189994812	0.9615697860717773	0.48179173469543457	0.22773143649101257	0.5593245029449463	0.526013970375061	0.43683749437332153	0.5068637728691101	0.23317526280879974	0.41024795174598694	0.36039823293685913	0.3158533573150635	0.05515539273619652	0.8968328237533569	0.596701979637146	0.8561854362487793	0.33589211106300354	0.6863492131233215	0.4248025417327881	0.27373000979423523	1.1509177684783936	0.19557103514671326	0.4997391700744629	0.4267966151237488	0.44172829389572144	0.2515242397785187	1.2019072771072388	0.44071659445762634	0.16376692056655884	0.7038207054138184	0.8966553807258606	0.3732949197292328	0.7064056396484375	0.3485363721847534	0.28370001912117004	0.6339648962020874	0.20524463057518005	0.6113569140434265	0.40757858753204346	0.1934962123632431	1.1874991655349731	1.2198561429977417	0.41090431809425354	0.6829255223274231	0.5466647148132324	0.20123575627803802	0.24711480736732483	0.8813302516937256	0.9392405152320862	0.7270815968513489	0.5649605393409729	0.3989221751689911	0.45767343044281006	0.5407484769821167	0.5530180335044861	0.16640861332416534	0.32434868812561035	0.6505604386329651	1.1759446859359741	0.33212125301361084	0.7140234112739563	0.37018367648124695	0.5272471904754639	0.2674556374549866	0.40232184529304504	0.3660169243812561	0.264921635389328	0.3241559863090515	0.7827244997024536	0.9016093015670776	0.4687364101409912	0.21030814945697784	0.3179822862148285	0.5436015129089355	0.4174562990665436	0.5542280673980713	0.20048029720783234	0.30462557077407837	0.38802310824394226	0.3907206356525421	0.5012108087539673	0.4294133186340332	0.4436708986759186	0.46812546253204346	0.9224798679351807	0.536988377571106	0.6908680200576782	0.3218582272529602	0.6633069515228271	0.6168742775917053	0.4996764361858368	0.5151726007461548	0.8209202885627747	0.3167930245399475	0.13894346356391907	0.3117125630378723	1.492089033126831	0.5150213837623596	0.42914649844169617	0.275729238986969	0.2934899628162384	0.526580810546875	0.4035317301750183	0.35398009419441223	0.3983875513076782	0.3302459120750427	0.29708629846572876	0.17058032751083374	0.20419560372829437	0.578499972820282	1.2362228631973267	0.010459501296281815	0.7339450716972351	0.307417094707489	0.26741254329681396	0.2753862142562866	0.31726691126823425	0.3672545254230499	0.4534832537174225	0.34824925661087036	0.5118780732154846	0.9081388115882874	0.4272032678127289	0.225911945104599	0.4551721215248108	0.30898043513298035	0.15443672239780426	1.0692046880722046	0.4985182285308838	0.7047607898712158	0.28599533438682556	0.7480332255363464	0.5728601813316345	0.8485594987869263	0.7504792809486389	0.4286715090274811	0.2941416800022125	0.42245298624038696	0.14854678511619568	0.5667428374290466	0.5827386975288391	0.3871121108531952	0.2865920066833496	0.7228465676307678	0.5466026663780212	0.636694073677063	0.20739732682704926	0.4139367341995239	0.25781404972076416	0.44242769479751587	0.2592780590057373	0.407023161649704	0.01865021139383316	0.5048617720603943	0.5220651626586914	0.34324976801872253	0.6665787696838379	0.6846033334732056	0.6119999885559082	0.5234552621841431	1.237791657447815	0.41140058636665344	0.3550851047039032	0.48277807235717773	0.3709327280521393	0.13774871826171875	0.5061247944831848	0.5669226050376892	0.888030469417572	0.9274396896362305	0.4482181966304779	0.34611019492149353	0.7835442423820496	0.37699615955352783	0.43726152181625366	0.4860372245311737	0.7718627452850342	0.14136382937431335	0.1870983988046646	0.36899369955062866	0.4499952793121338	0.6736407279968262	0.5018820762634277	0.3358514904975891	0.29639512300491333	0.578306257724762	0.1626700460910797	0.2946596145629883	0.3965703845024109	0.5166917443275452	0.5278047323226929	0.3151681125164032	0.1268385350704193	0.4052247405052185	0.3496862053871155	0.4774231016635895	0.9891693592071533	0.3064191937446594	0.4625638723373413	0.22439803183078766	0.553189754486084	0.054902561008930206	0.9057559370994568	0.7223689556121826	0.4681975841522217	0.4103528559207916	0.21388250589370728	0.4952002167701721	0.6042248010635376	0.8375073671340942	0.7530854940414429	0.21509844064712524	0.4559323787689209	0.10399627685546875	0.3891226053237915	1.1969515085220337	0.36794620752334595	0.8440006971359253	0.09090553969144821	0.1101619079709053	0.3524862229824066	0.764546275138855	0.4247387945652008	0.39510297775268555	0.5702500343322754	0.12541230022907257	0.5792303085327148	0.8832128047943115	0.7184552550315857	0.528119683265686	0.47887760400772095	0.534630537033081	0.4936269521713257	0.41796252131462097	0.44570162892341614	0.26634520292282104	0.17153461277484894	0.2841510474681854	0.6651766300201416	1.4069504737854004	1.0992980003356934	0.6599688529968262	0.6494013071060181	0.2911245822906494	0.4802003800868988	0.8907283544540405	1.4661173820495605	0.5637962818145752	0.47525855898857117	0.5448660850524902	0.7850176095962524	0.4849545359611511	0.6585962772369385	0.8595625162124634	0.38038626313209534	0.6795183420181274	0.366312712430954	0.7248358130455017	0.375397264957428	0.7592607736587524	0.5211239457130432	0.6102635860443115	1.0775117874145508	0.17517788708209991	0.515855073928833	0.6031663417816162	1.0709682703018188	0.5433072447776794	0.381663054227829	0.43185165524482727	0.7765871286392212	0.43015918135643005	0.37418439984321594	1.145096778869629	1.0182417631149292	0.45994463562965393	0.5430128574371338	0.8907066583633423	0.33796557784080505	0.6022533178329468	0.39770686626434326	0.6003812551498413	0.69610995054245	0.21618056297302246	0.6543891429901123	0.11590743809938431	0.05906001105904579	0.7177698612213135	0.17251208424568176	0.5128865242004395	0.5010957717895508	0.19370678067207336	0.6405887007713318	1.0096187591552734	0.17220647633075714	0.49720972776412964	0.6432485580444336	0.3063628077507019	0.9551379084587097	0.6002216935157776	0.37087082862854004	0.7438219785690308	0.409373015165329	0.32556647062301636	0.28930479288101196	0.23244398832321167	0.9720489978790283	0.462534636259079	0.7364999055862427	0.2393743246793747	0.31984880566596985	0.4813777208328247	0.6210272312164307	0.32605159282684326	0.38188478350639343	0.6824517250061035	0.38304603099823	0.34704455733299255	0.31574535369873047	0.4743586778640747	0.8171929121017456	0.3909698724746704	0.5542289018630981	0.3038521111011505	0.6359900832176208	0.5355833172798157	0.20504574477672577	0.23972129821777344	0.6784675121307373	1.061388611793518	0.42499879002571106	1.3881912231445312	0.7008278965950012	0.1434977501630783	1.168077826499939	0.9032279849052429	0.2594831585884094	0.6419731378555298	0.94711834192276	0.26662710309028625	0.3921371400356293	0.7902060151100159	0.5575975775718689	1.5362226963043213	0.45214709639549255	1.0490434169769287	0.28271999955177307	0.37883704900741577	0.7562844157218933	0.8068134784698486	0.32688623666763306	0.25871825218200684	0.20821160078048706	0.4870333671569824	0.5426592826843262	0.8286669254302979	0.7536536455154419	0.2594945430755615	0.48307234048843384	0.18941695988178253	0.49114543199539185	0.25230440497398376	0.703447163105011	0.08608376979827881	0.37762200832366943	0.5821438431739807	0.8578701019287109	0.46346408128738403	0.4764026403427124	1.3028101921081543	0.3948118984699249	0.9967108964920044	0.4133697748184204	0.7701215147972107	0.07690440118312836	0.5371205806732178	0.4646245837211609	0.28198862075805664	0.5568189024925232	0.21498076617717743	0.29217463731765747	0.39150312542915344	0.5654560923576355	0.35142648220062256	0.4070133566856384	0.516529381275177	0.16702860593795776	0.05691619962453842	0.6771193742752075	0.30663302540779114	0.4535157382488251	0.5278596878051758	1.4438656568527222	0.10342216491699219	0.5367785096168518	0.7982643842697144	0.38996484875679016	0.47089260816574097	0.8532934188842773	0.38308775424957275	1.1952428817749023	0.5179592370986938	0.532758891582489	0.5276724696159363	0.11152724921703339	0.5394518971443176	0.39901721477508545	0.2843641936779022	0.4297657310962677	0.44538819789886475	0.39640799164772034	0.17947234213352203	0.10489669442176819	0.2725463807582855	0.8912662267684937	0.28026247024536133	1.0900461673736572	0.5698312520980835	0.21030400693416595	0.7429022192955017	0.34799841046333313	0.3327809274196625	0.29262521862983704	0.8935818672180176	0.55889892578125	0.37618711590766907	0.7650856971740723	0.25965383648872375	0.595705509185791	0.738103985786438	0.7295100092887878	0.5142090320587158	0.25633659958839417	0.37370678782463074	0.21017883718013763	0.3855207860469818	0.6664451360702515	0.24805262684822083	1.2283686399459839	0.49640345573425293	0.6277217864990234	1.139333963394165	0.2731674313545227	0.8878195881843567	0.6979739665985107	0.2869078814983368	0.3268420696258545	0.3698541820049286	0.24129843711853027	0.4399513602256775	0.6252884268760681	0.3898596167564392	0.8771426677703857	0.49427956342697144	0.38324791193008423	0.3947484493255615	0.3290678858757019	0.23423996567726135	0.48352429270744324	0.31167954206466675	0.5830951929092407	0.7050908803939819	0.3803732991218567	0.5234140753746033	0.48542076349258423	0.4483252167701721	0.6627779006958008	0.18728743493556976	1.2563196420669556	0.5131040811538696	0.29191485047340393	1.2944719791412354	0.8158541917800903	0.42173483967781067	0.46009039878845215	0.3631834387779236	0.19898837804794312	0.36995771527290344	0.552316427230835	0.1979721188545227	0.738564133644104	0.3843522071838379	0.7086130380630493	0.56480473279953	0.7280181050300598	0.2171824425458908	0.18264244496822357	0.19815197587013245	0.6125165820121765	0.23767317831516266	0.33982908725738525	0.5594981908798218	0.6838103532791138	0.7326152324676514	0.6660797595977783	0.6782606244087219	0.3073872923851013	0.39287248253822327	0.28076645731925964	0.5442341566085815	1.2604570388793945	0.37519481778144836	0.2348746359348297	0.08164758235216141	1.366782307624817	0.17860235273838043	1.7780544757843018	0.5377956032752991	0.5947744250297546	0.2559567987918854	0.6378873586654663	0.32995086908340454	0.528903067111969	0.1637497842311859	0.6291670799255371	0.5664233565330505	0.542534351348877	0.4163452684879303	0.3862319588661194	0.474155455827713	0.4254537522792816	0.7827574014663696	0.4959326982498169	0.30792826414108276	0.3356497287750244	0.8449180722236633	0.48852553963661194	0.18261784315109253	0.4141862988471985	0.43870002031326294	0.13090582191944122	0.3937983512878418	0.6908282041549683	0.16528365015983582	0.7513301372528076	0.28075987100601196	0.0962199717760086	0.18675833940505981	0.41665083169937134	0.46585357189178467	0.8034659624099731	0.04078279435634613	0.7166296243667603	0.2800981104373932	0.26641547679901123	0.08983688801527023	0.9590115547180176	0.5440564155578613	0.19216227531433105	0.6277063488960266	0.6458443403244019	1.004005789756775	0.5883973836898804	0.9432637095451355	0.27577856183052063	0.8653751015663147	0.8004400730133057	0.5165281891822815	0.5891789197921753	1.1251980066299438	0.22159090638160706	0.4888457655906677	0.476493775844574	0.6314542293548584	0.4502246081829071	0.8133415579795837	0.49774932861328125	0.28259310126304626	0.6801487803459167	0.09466499090194702	0.3569173514842987	0.3466295599937439	0.706270694732666	0.9297776222229004	0.36220985651016235	0.40664681792259216	0.3065052926540375	0.3525713384151459	0.912236750125885	0.6087453961372375	0.5540052652359009	1.0664446353912354	1.1364920139312744	0.45375755429267883	0.7979693412780762	0.9291132688522339	0.2622491717338562	0.26822951436042786	0.3396931290626526	1.341361403465271	0.3534209728240967	0.33008816838264465	0.7413499355316162	0.633137047290802	0.24415720999240875	0.14399299025535583	0.3746557831764221	0.500560462474823	0.3209534287452698	0.4120752513408661	0.3790590763092041	0.7836839556694031	0.49992409348487854	0.09029926359653473	0.7600003480911255	0.3108905255794525	0.9062716960906982	0.2809809148311615	1.0711177587509155	0.4983140528202057	0.21954035758972168	0.5323552489280701	0.4765271544456482	0.5489919781684875	0.4170224070549011	0.2037651389837265	0.13748034834861755	0.330415278673172	0.3683002293109894	0.520155668258667	0.2860431969165802	0.1558649241924286	0.199710875749588	0.1745624542236328	0.8268870115280151	0.49880602955818176	0.3032325506210327	1.1760320663452148	1.051682472229004	0.16204378008842468	0.16136109828948975	0.218227356672287	0.9209601283073425	0.7061276435852051	0.8801780939102173	0.8216448426246643	0.6139307022094727	0.1187964603304863	0.9269964694976807	0.4258555471897125	0.4404601454734802	0.5180152654647827	0.23735004663467407	0.321525514125824	0.6431289911270142	0.4145405888557434	0.22912034392356873	0.4859287142753601	0.9279553890228271	0.8604509830474854	0.6475782990455627	0.4304271936416626	0.20033781230449677	0.2984936237335205	0.5758593678474426	0.7738580703735352	0.46331432461738586	0.2627037763595581	0.6310051679611206	0.22895914316177368	0.9526691436767578	0.5106732249259949	0.4210771322250366	0.5343065857887268	0.3147846758365631	0.477041631937027	0.542801558971405	0.3652343153953552	0.6821410655975342	0.5028731822967529	0.12532930076122284	0.6959884166717529	1.1529173851013184	1.0049033164978027	0.07998026907444	0.12228478491306305	0.4954240620136261	0.24175673723220825	0.37432289123535156	0.28543034195899963	0.5380728244781494	0.42112454771995544	0.7882784605026245	0.706629753112793	0.7383623719215393	0.452676922082901	1.3753271102905273	0.8916119933128357	0.7535926103591919	0.4581928253173828	0.3635101616382599	0.9462237358093262	0.2598121166229248	0.7007761001586914	0.29985564947128296	0.3548696041107178	0.2833212614059448	0.5243033170700073	0.32029104232788086	0.23606447875499725	0.1900809109210968	0.565743625164032	0.19796790182590485	0.2057291567325592	0.2978748381137848	0.36832380294799805	0.31498557329177856	0.188825786113739	0.1480443775653839	0.08426520973443985	0.6376655101776123	0.4981383681297302	0.7264108061790466	0.497308611869812	0.034462183713912964	0.4340916872024536	1.2080289125442505	0.08567027002573013	0.7232792377471924	0.1582227349281311	0.46851110458374023	0.2269546091556549	0.30488306283950806	1.133657693862915	0.19001242518424988	0.40648165345191956	0.7409716248512268	0.7393634915351868	0.8918047547340393	0.1908712387084961	0.9409812688827515	1.0323857069015503	0.46995440125465393	0.487876296043396	0.5640931129455566	0.07014447450637817	0.4280179440975189	0.1410280168056488	0.5966535806655884	0.3973633944988251	0.4717542231082916	0.4721869230270386	0.16863292455673218	0.3052487373352051	0.49684298038482666	0.7373082637786865	0.5666828751564026	0.5557302236557007	1.035144329071045	0.6865089535713196	0.6891314387321472	0.37665098905563354	0.7870091199874878	0.171254962682724	0.3090565800666809	1.2725355625152588	0.3820727467536926	0.6620181798934937	0.5062195658683777	0.35852161049842834	0.875505268573761	0.4283534586429596	0.32729679346084595	0.19529463350772858	0.3315950036048889	0.28615838289260864	0.5484399199485779	0.860275149345398	1.2175674438476562	0.4818864166736603	0.3681217133998871	0.41998016834259033	0.6684455871582031	0.525224506855011	0.37832048535346985	0.35754263401031494	1.1704087257385254	0.451318621635437	0.7231443524360657	1.1391829252243042	0.23775970935821533	0.26656898856163025	0.8999729156494141	0.5113394260406494	0.5553598999977112	0.6958350539207458	0.5496696829795837	0.24404773116111755	0.6415675282478333	0.5129449367523193	0.2354428470134735	0.6184974312782288	0.7690518498420715	1.1303642988204956	0.513735830783844	0.8724986910820007	0.7707759141921997	0.7369359731674194	0.3917921483516693	0.11002468317747116	0.5577307343482971	0.7093639373779297	0.7557883858680725	0.304492712020874	0.1942918300628662	0.2971235513687134	0.30794936418533325	0.34614869952201843	0.4322635531425476	0.5022870302200317	0.3885672390460968	0.5624985098838806	0.19020025432109833	0.6123289465904236	0.8121567964553833	0.9537914395332336	0.7928277254104614	0.32942676544189453	0.5073175430297852	0.23910517990589142	0.43930643796920776	0.9011273980140686	0.8113225698471069	0.34157121181488037	0.3922567367553711	0.5302319526672363	0.8741848468780518	0.296536386013031	0.25619518756866455	1.4813469648361206	0.2969440519809723	1.0856095552444458	0.16424772143363953	0.305004745721817	0.4636164903640747	0.2673012614250183	0.8119922876358032	0.5639938116073608	1.0432770252227783	0.5351319313049316	0.3497481644153595	0.8224747180938721	0.17930828034877777	1.0282609462738037	1.0992082357406616	0.1502857655286789	0.14005962014198303	0.7027771472930908	0.5627659559249878	0.9525441527366638	0.38228654861450195	0.6374896764755249	0.5820098519325256	0.9943170547485352	0.4987846612930298	0.13419516384601593	0.977753221988678	0.25707969069480896	0.04659366235136986	0.22069795429706573	0.18814527988433838	0.536712646484375	0.3697997033596039	0.7155250906944275	0.3093825578689575	0.8024206161499023	0.3226499855518341	0.7425638437271118	0.636241614818573	0.3420923054218292	1.0136600732803345	1.047398567199707	0.3025093376636505	0.4883860945701599	0.37883973121643066	1.1645604372024536	0.34924453496932983	0.823133111000061	0.11166214942932129	0.3476199507713318	0.5854519009590149	0.371700644493103	0.6345137357711792	0.23010846972465515	0.426364928483963	0.6272783279418945	0.7541137933731079	0.30686357617378235	0.30435752868652344	0.2941834330558777	1.0722376108169556	0.4368489384651184	0.27479344606399536	0.7109151482582092	0.050685666501522064	1.0871275663375854	0.47383004426956177	0.6547931432723999	0.4572761058807373	0.5711811184883118	0.602340042591095	0.3686530888080597	0.15932698547840118	0.44003817439079285	0.31351757049560547	0.5354530215263367	0.36391496658325195	0.43746697902679443	0.21293514966964722	0.6646639108657837	0.6654212474822998	0.45349642634391785	0.8168123960494995	0.5404981374740601	1.1974717378616333	1.3127431869506836	0.8470591306686401	0.4521520137786865	0.4898746609687805	0.7696380019187927	0.32679978013038635	0.33495426177978516	0.15693266689777374	0.555375337600708	1.1817798614501953	0.3972246050834656	0.48364269733428955	0.43486055731773376	0.4677991569042206	0.6598732471466064	0.330862820148468
0.2171599566936493	0.4828467071056366	0.2207968384027481	0.2836020588874817	1.5710610151290894	0.06162860617041588	0.22826118767261505	1.3762149810791016	0.4530703127384186	0.214218869805336	0.1884651482105255	0.43984711170196533	1.2341361045837402	0.5160219669342041	0.5049540996551514	0.6378905177116394	0.3379001319408417	0.7062053680419922	0.41007834672927856	0.4595254957675934	0.6611613631248474	0.42346927523612976	0.5119999051094055	0.48004791140556335	0.656485378742218	0.7012301683425903	0.5931223630905151	1.1984257698059082	0.7110819816589355	0.42011967301368713	0.3095407485961914	0.6116504073143005	0.3875275254249573	0.36162614822387695	0.41288506984710693	0.19410131871700287	0.10084741562604904	0.5863447189331055	1.000846266746521	0.6340301036834717	0.5739004611968994	0.2237558513879776	0.29953286051750183	0.24110892415046692	0.20838838815689087	0.62382972240448	0.5416134595870972	0.31026408076286316	0.45523518323898315	0.45400822162628174	0.891204833984375	0.40252062678337097	0.5933074355125427	0.36952823400497437	0.8895968794822693	0.34308144450187683	0.12425343692302704	0.9299303889274597	0.4802321195602417	0.36929261684417725	0.24678409099578857	0.9292421936988831	0.23980030417442322	0.5495826601982117	0.18229974806308746	0.4579245150089264	0.7351970672607422	0.31244778633117676	0.06733744591474533	0.3873240351676941	0.47756227850914	0.35862940549850464	0.1232924833893776	0.507807731628418	0.42738762497901917	0.8213556408882141	0.6509441137313843	0.530607283115387	0.25813835859298706	0.6618378162384033	0.9733536839485168	0.36392489075660706	0.22615289688110352	0.23175765573978424	0.41083890199661255	0.1874101161956787	1.1994576454162598	0.6475566625595093	0.18078067898750305	0.32267189025878906	0.9908827543258667	0.720273494720459	0.3758649528026581	0.38043662905693054	0.8825396299362183	0.4266888499259949	0.7090634107589722	0.5466828942298889	1.0185396671295166	0.566993772983551	0.16208329796791077	0.9699215292930603	0.2941374182701111	0.7470924258232117	0.39428967237472534	0.8432682156562805	0.3694722056388855	0.21860918402671814	0.7523657083511353	0.7609065771102905	0.5718157291412354	0.29053786396980286	0.5709733963012695	0.5745184421539307	0.963971734046936	0.3735874593257904	0.35804280638694763	0.7000508904457092	0.5758122205734253	0.011495918966829777	1.3600354194641113	0.4655017554759979	0.30025339126586914	0.42613857984542847	0.9503682255744934	0.40399008989334106	0.42687729001045227	0.5641186237335205	0.8070726990699768	0.6915868520736694	0.20521777868270874	0.48793676495552063	0.4669443964958191	0.5263654589653015	0.2719842791557312	0.5719034075737	0.43929407000541687	0.26994088292121887	0.5636295080184937	0.32432854175567627	0.7041636109352112	0.15796729922294617	0.5850903987884521	0.42407721281051636	0.45391446352005005	0.9642325043678284	0.754971981048584	0.5582386255264282	1.4408957958221436	0.5172594785690308	0.31374073028564453	0.19906413555145264	0.5908856987953186	0.05336609482765198	0.3920336663722992	0.6939938068389893	0.6365647315979004	1.3053593635559082	0.23654857277870178	0.32733771204948425	0.5622779130935669	0.2438705861568451	0.19667166471481323	0.3159274160861969	0.5391712784767151	0.27540549635887146	0.30043312907218933	0.35751456022262573	0.08321312814950943	0.8911088705062866	0.1116216853260994	0.205988347530365	0.4858568012714386	0.9113249778747559	0.31396833062171936	0.3119676113128662	1.2618844509124756	1.0850465297698975	0.27753838896751404	0.34309762716293335	0.5068146586418152	0.334900438785553	0.4827847182750702	0.470471054315567	0.572012722492218	0.4762807786464691	0.2557225227355957	0.1989225298166275	0.7892532348632812	0.534386396408081	0.4378960430622101	0.21439392864704132	0.8722702264785767	0.19759857654571533	0.40096521377563477	0.4320050776004791	0.6251938343048096	0.42935076355934143	0.6879994869232178	0.8783084750175476	0.5775412321090698	0.7496288418769836	0.4870031774044037	0.4846680462360382	0.7109342217445374	0.597163736820221	0.49539902806282043	0.49338823556900024	0.41694697737693787	0.4237692952156067	0.24054202437400818	0.5800390243530273	0.20750023424625397	0.2443050742149353	0.27856919169425964	0.6621614694595337	0.22644561529159546	0.4043481945991516	0.17178978025913239	0.9197576642036438	0.21879863739013672	0.24697792530059814	0.24047964811325073	0.8811349868774414	0.5009122490882874	0.7253109812736511	0.6670492887496948	1.1211750507354736	0.7940531969070435	0.2910541594028473	0.781032145023346	0.9385961294174194	0.28279876708984375	1.4370266199111938	1.4843930006027222	0.4493725001811981	0.24205172061920166	0.7174173593521118	0.501855731010437	0.27056795358657837	0.6984955072402954	0.7395512461662292	1.1495271921157837	0.3681285083293915	0.15281593799591064	0.27340662479400635	0.27041271328926086	0.5974155068397522	0.38961726427078247	0.6087120771408081	1.2257436513900757	1.1365294456481934	0.6191043853759766	0.7380289435386658	0.493925005197525	0.5723567008972168	0.7280493378639221	1.1558955907821655	0.7866032719612122	0.25026288628578186	0.44306957721710205	0.8653844594955444	0.6449770331382751	0.3536047637462616	0.5568413734436035	0.267962247133255	0.4981142282485962	0.2894500494003296	0.409672349691391	0.6992916464805603	0.5290194749832153	0.5505262017250061	0.4282442033290863	0.3840811252593994	0.23167486488819122	0.6697155833244324	0.38297396898269653	0.3814433217048645	0.36014094948768616	0.5726569890975952	0.1342235952615738	1.2117269039154053	0.4619326591491699	0.40714597702026367	0.4657779932022095	0.6156642436981201	0.3260481655597687	0.7847676873207092	0.04263729602098465	0.38543716073036194	0.6022113561630249	0.41255664825439453	0.5022208094596863	0.2931615114212036	0.28644824028015137	0.5322274565696716	0.6589701175689697	0.4923098385334015	0.3528454899787903	0.6302859783172607	0.1618950366973877	0.37029212713241577	1.0368635654449463	0.18883667886257172	0.5167704820632935	0.16171441972255707	0.23189006745815277	0.3928775489330292	0.3225357234477997	1.3605002164840698	0.27796074748039246	0.2680783271789551	0.949610710144043	0.9349744319915771	0.3081434965133667	0.8539426326751709	0.05406973510980606	0.9592394828796387	0.6613498330116272	1.5747692584991455	0.28694504499435425	0.15293419361114502	0.28968700766563416	0.48187321424484253	1.218997836112976	0.29738348722457886	0.20900560915470123	0.352762371301651	0.40405774116516113	0.44922539591789246	1.118340015411377	0.3337005078792572	0.33259817957878113	0.7065470218658447	1.1095799207687378	0.35999536514282227	1.4388372898101807	0.2810877561569214	0.6623513102531433	0.6877623796463013	0.1093420684337616	0.0832989513874054	0.10789977759122849	0.575346827507019	0.08038255572319031	0.47623467445373535	0.8014556169509888	0.4517543911933899	1.0648177862167358	0.23599623143672943	1.1254234313964844	0.1474970281124115	0.5807464122772217	0.5677053332328796	0.7755103707313538	0.35024550557136536	0.3061642050743103	0.5170417428016663	0.1830950230360031	0.6008357405662537	0.8903506398200989	0.7825237512588501	0.5376312136650085	0.2258845716714859	0.8104284405708313	0.33846423029899597	0.43866798281669617	0.6933304667472839	0.23271413147449493	0.302400141954422	0.5725491642951965	0.5238578915596008	0.3959781527519226	0.653285026550293	0.13747268915176392	0.9192634224891663	1.5713964700698853	0.43625620007514954	0.5945343375205994	0.5379869341850281	0.2124890685081482	0.9623816013336182	0.5176022052764893	0.522657573223114	0.4177451431751251	0.3607539236545563	0.5644310712814331	0.10328701138496399	0.7262203097343445	0.4069189727306366	0.3652952313423157	0.9540159702301025	0.47796928882598877	1.3780156373977661	0.3696153163909912	0.5640718340873718	1.004853367805481	0.33872756361961365	1.4500033855438232	0.832351565361023	0.14005090296268463	0.5460575819015503	0.13015064597129822	0.45457062125205994	0.9584664702415466	0.4369322657585144	0.37464088201522827	0.2721603512763977	0.22566193342208862	0.1913418173789978	0.23341408371925354	0.2660815715789795	0.7717302441596985	0.18967843055725098	0.44470715522766113	1.2005860805511475	0.1909293681383133	0.6796365976333618	0.6869168877601624	0.5281524062156677	0.24783308804035187	0.03365181013941765	1.4368168115615845	0.367628276348114	0.33269068598747253	0.23313963413238525	0.32217973470687866	0.7031466364860535	0.26702994108200073	0.15078940987586975	0.3101463317871094	0.33949217200279236	0.5606058835983276	0.5391009449958801	0.5236878991127014	0.26198330521583557	0.4465911090373993	1.0570998191833496	0.5760675072669983	0.0073376609943807125	1.258428692817688	0.765104353427887	0.9340477585792542	1.044989824295044	0.6869179606437683	0.41653934121131897	1.580500841140747	0.5745571255683899	0.5897950530052185	0.8100641965866089	0.598264217376709	0.3211456835269928	0.13232074677944183	0.9757603406906128	0.5193960070610046	0.1847107708454132	0.3416590094566345	0.5244209170341492	0.297170490026474	0.14161795377731323	0.6681476831436157	0.48910799622535706	0.3012237548828125	0.12160971760749817	0.06557899713516235	0.16726596653461456	0.06314583122730255	0.2285897135734558	0.22299447655677795	0.4758148193359375	0.7435489892959595	0.4100542664527893	0.5288048386573792	0.3751673400402069	0.7746894359588623	0.41083261370658875	0.7152859568595886	0.7584666013717651	0.3055495023727417	0.6624941825866699	0.2885226011276245	0.35875460505485535	1.244903802871704	0.16351082921028137	1.1083036661148071	0.6651033759117126	0.28200992941856384	1.4723505973815918	0.49316293001174927	0.5244353413581848	0.6850313544273376	0.47998175024986267	1.0360451936721802	0.6251636743545532	0.12506534159183502	0.4896310269832611	0.6899596452713013	0.6409225463867188	0.2880246937274933	0.9530215859413147	0.9368387460708618	0.34638166427612305	0.2012592852115631	0.1999754011631012	0.2778540253639221	1.220329999923706	0.45968443155288696	0.6478630304336548	0.38251158595085144	0.3717549443244934	0.4295087158679962	0.469501256942749	0.5577871203422546	0.4437198042869568	0.5100942254066467	0.521169126033783	0.3294917643070221	0.3321051001548767	0.6699123382568359	0.722924530506134	0.29516610503196716	1.089685320854187	0.721428394317627	0.8457841873168945	0.4924415647983551	0.5353008508682251	1.3148505687713623	0.4967605769634247	0.21848838031291962	0.6199419498443604	0.6778860688209534	0.4178466796875	0.45205676555633545	0.8815769553184509	0.48233509063720703	0.24043777585029602	0.1508784145116806	0.4008047878742218	0.7077990770339966	0.2056780755519867	0.9276522397994995	0.8816318511962891	0.2086792141199112	0.6453192234039307	0.1705137938261032	0.3867892324924469	0.3314068615436554	0.23207220435142517	1.041729211807251	0.8828999996185303	0.42230847477912903	0.3163963556289673	0.6358747482299805	0.2801794409751892	0.13189508020877838	0.15040625631809235	0.31466519832611084	0.6227771639823914	0.3374805748462677	0.744624137878418	0.26448315382003784	1.1389778852462769	0.2785100042819977	0.15576881170272827	1.4242459535598755	0.20554175972938538	0.8749534487724304	0.11286997050046921	0.4357750415802002	1.3090496063232422	0.9671036005020142	0.876973569393158	1.3889192342758179	0.07958933711051941	0.442243754863739	0.2934504747390747	0.06391371786594391	0.2588793635368347	0.26133278012275696	0.3753890097141266	0.5230411291122437	0.36429667472839355	0.46081793308258057	0.8021788001060486	0.4465865194797516	0.7274491190910339	0.29523736238479614	0.3809196949005127	0.5056090354919434	0.5563434958457947	0.8065714836120605	0.38213276863098145	0.7869119644165039	0.5117417573928833	0.4075299799442291	0.16302210092544556	0.39425280690193176	0.4881584644317627	0.36637312173843384	0.2218654304742813	0.42778605222702026	0.3815315365791321	0.5216172933578491	0.286253422498703	0.4072988033294678	0.5243992805480957	0.677641749382019	0.2608738839626312	0.18637070059776306	0.5354605913162231	0.18879646062850952	0.4046516418457031	0.3062817454338074	0.43645161390304565	0.38914236426353455	0.5959631204605103	0.2187061309814453	0.7289631962776184	0.16683140397071838	0.8909624814987183	0.3513259291648865	0.6616097092628479	0.826643705368042	0.6879740953445435	0.27161580324172974	0.3482421040534973	0.6814786791801453	0.9028720259666443	0.4969695508480072	0.7393273115158081	0.3530748188495636	0.29688867926597595	0.210199236869812	0.48266300559043884	0.3943367004394531	0.274466872215271	0.19351693987846375	0.7761684060096741	0.24470219016075134	0.30482354760169983	0.3651169240474701	0.4771053194999695	0.2624463438987732	0.8620787858963013	1.503037452697754	0.5633410215377808	0.38917985558509827	0.3145494759082794	0.3010585606098175	0.0909702405333519	0.7923334240913391	0.16680411994457245	0.19771111011505127	0.48510295152664185	0.6140882968902588	0.3615144193172455	0.5088087916374207	0.8030841946601868	0.493624746799469	0.373879611492157	0.28442081809043884	0.3362378180027008	0.33913034200668335	0.3155929446220398	0.7392175793647766	0.8738428950309753	0.9041471481323242	0.3672929108142853	1.4876981973648071	0.14543575048446655	0.4284864664077759	0.618029773235321	0.34713780879974365	0.5755330324172974	0.4710274338722229	0.5907902121543884	1.4742710590362549	1.0865708589553833	0.9992395639419556	0.28750622272491455	0.6953279376029968	0.26203566789627075	0.4445004463195801	0.31128737330436707	0.9090197682380676	0.3859507441520691	0.37952497601509094	0.6518799066543579	0.16286660730838776	0.5354565382003784	0.8876875638961792	0.3067159652709961	0.19516898691654205	0.3440510332584381	0.3993629813194275	0.1756705641746521	0.2975575625896454	0.5430033802986145	0.6446207761764526	0.4935850501060486	1.2191860675811768	0.9009332060813904	0.15417805314064026	0.06990495324134827	0.21031613647937775	0.34125426411628723	0.602118968963623	0.6254327297210693	0.21914295852184296	0.5661568641662598	1.2289927005767822	0.3917209506034851	1.28276526927948	0.4649997651576996	0.31775233149528503	0.6505631804466248	0.09536607563495636	0.5535986423492432	0.8820828795433044	0.6502708792686462	1.1430286169052124	0.6952560544013977	0.49477365612983704	0.35463663935661316	0.584934651851654	0.42452260851860046	1.061726689338684	0.39797264337539673	0.4493806064128876	0.15759581327438354	0.20693768560886383	0.17028900980949402	0.3026586174964905	0.616794228553772	0.14979682862758636	1.0979126691818237	0.4490230083465576	0.8664742708206177	0.27644020318984985	0.2047193944454193	0.38942480087280273	1.0505927801132202	0.8712531328201294	0.5094238519668579	0.2420566976070404	0.42538368701934814	0.5266574025154114	0.5479175448417664	0.6993529200553894	0.06637933850288391	0.43751728534698486	0.2321479618549347	0.618811309337616	0.20849181711673737	0.09053825587034225	0.3023604154586792	0.8768839836120605	0.2677157521247864	0.770007312297821	0.6707031726837158	1.1610054969787598	0.503840446472168	0.23688477277755737	0.6423425674438477	0.4732196629047394	0.08707902580499649	0.5398344397544861	0.40339338779449463	0.32106664776802063	0.7788998484611511	0.2428174912929535	0.594057023525238	0.5034257769584656	0.33406078815460205	1.0140254497528076	0.4813874065876007	0.6218646764755249	0.2698376178741455	0.17100292444229126	0.3941536545753479	0.5203368663787842	1.1975815296173096	0.7792396545410156	0.274441123008728	0.48312410712242126	0.5307950973510742	0.23561477661132812	0.23533257842063904	0.5627451539039612	0.36978578567504883	1.0230013132095337	0.28894609212875366	0.3514713644981384	0.7087253332138062	0.8175697326660156	0.6333944201469421	1.4576395750045776	0.6265199780464172	0.22251901030540466	0.5852128863334656	0.6110198497772217	0.6233969926834106	0.8310883045196533	0.8416604995727539	0.2228129804134369	0.1287485659122467	1.0892666578292847	0.9521624445915222	0.7089877128601074	0.26344481110572815	0.2836322784423828	0.3798132538795471	0.5218202471733093	0.7031353712081909	0.1904364377260208	1.1744822263717651	0.5837101340293884	1.0574934482574463	0.3943307101726532	0.29349854588508606	0.7851086854934692	0.2553926706314087	0.3143181800842285	0.3969564139842987	0.6549060940742493	1.283179521560669	0.31890422105789185	0.34228187799453735	0.5343078374862671	0.10585981607437134	0.4878770709037781	0.4529622495174408	0.6452451944351196	1.246456265449524	0.40938740968704224	0.8331834673881531	0.500788152217865	0.6500359177589417	0.38283655047416687	0.5792869329452515	0.8854508996009827	0.29584988951683044	1.0179812908172607	0.46011975407600403	0.5781251788139343	0.49983322620391846	0.48509538173675537	1.008605718612671	0.6744908690452576	0.11220614612102509	0.5082743167877197	0.194512739777565	0.5864806175231934	0.8822253942489624	0.8438056707382202	0.17500479519367218	0.4974078834056854	0.14313575625419617	0.42975321412086487	0.47275015711784363	0.7958643436431885	0.14680683612823486	0.48155027627944946	0.6614363193511963	0.2986772656440735	0.3706924319267273	0.09490905702114105	0.30265167355537415	0.5396177172660828	0.342972993850708	0.7755337953567505	0.49644118547439575	0.4803735315799713	0.17939044535160065	0.43139463663101196	0.5595253109931946	0.2843174338340759	0.3403186798095703	0.7555445432662964	0.39163506031036377	0.6056672930717468	0.9209731817245483	0.7684141397476196	0.6236504316329956	0.32302871346473694	0.33677345514297485	0.2258950173854828	0.4453315734863281	0.3554697632789612	0.20856444537639618	0.19381803274154663	0.5635303854942322	0.47532886266708374	0.411074697971344	0.771841287612915	0.8219465613365173	0.20058633387088776	0.6446815133094788	0.8409181833267212	0.4078289866447449	0.08172968029975891	0.8232096433639526	1.0298253297805786	0.22227051854133606	0.5075356960296631	1.1552443504333496	0.6230842471122742	0.24321195483207703	0.2944469451904297	0.4393991529941559	0.2497072070837021	0.8819307684898376	0.4823383092880249	0.6376217007637024	0.3692553639411926	0.5939920544624329	0.44903287291526794	0.07589759677648544	0.2465568631887436	0.27959927916526794	0.9179348349571228	0.6058584451675415	0.5473769307136536	0.8807713985443115	0.4543035626411438	0.24500581622123718	0.48614737391471863	0.32124820351600647	0.3117246925830841	0.1731245368719101	0.8835281729698181	1.1570905447006226	0.515022873878479	1.072588562965393	0.2528369724750519	0.5281811952590942	0.3272954821586609	0.20597578585147858	0.16252169013023376	0.5263463854789734	0.537580132484436	0.220516636967659	0.5920687317848206	0.33221039175987244	0.5491393804550171	0.45137840509414673	0.9144117832183838	1.019536018371582	0.6019980907440186	0.7309827208518982	0.4901027977466583	0.7037195563316345	1.3242535591125488	0.5872552990913391	0.638258695602417	0.4532099664211273	1.3299299478530884	0.2499135583639145	0.6426356434822083	0.35696688294410706	0.14030000567436218	0.3208520710468292	0.32535192370414734	0.46769416332244873	0.5257391333580017	1.0312453508377075	0.582546591758728	0.26357266306877136	1.7963119745254517	0.6928068399429321	0.3192555904388428	0.5103152394294739	0.6195088624954224	0.20600399374961853	0.541989803314209	0.3665063977241516	0.22856557369232178	0.9932711124420166	0.7007899284362793	0.3326110243797302	0.7983490228652954	0.3001308739185333	0.46817395091056824	0.31666064262390137	0.6506291627883911	0.26523059606552124	0.3264337480068207	0.5253974795341492	1.3447139263153076	1.1407908201217651	0.40656405687332153	0.4126634895801544	0.6073848605155945	0.5370312333106995	1.5472028255462646	1.107936143875122	0.738661527633667	0.4968777894973755	0.6547701954841614	0.18421266973018646	0.4266107678413391	0.6286940574645996	0.6727293729782104	0.8210912346839905	0.4601669907569885	0.46354663372039795	0.31201910972595215	0.5358025431632996	0.725797712802887	0.42563068866729736	0.858003556728363	0.2533127963542938	0.26451563835144043	0.6833318471908569	0.43158653378486633	0.9412310123443604	0.5816994309425354	0.3954415023326874	0.5056096315383911	0.19558760523796082	0.09658840298652649	0.3916531205177307	0.42591914534568787	0.4826749563217163	0.6069687008857727	0.044877100735902786	0.5931658744812012	0.49521034955978394	0.4229903817176819	0.3850727677345276	0.625850260257721	0.8703405857086182	0.6964784860610962	0.4374423921108246	1.014131784439087	0.8559535145759583	0.41603630781173706	1.2349193096160889	0.9510791301727295	0.36811771988868713	0.3627966344356537	0.8678063750267029	0.29781943559646606	1.1961461305618286	0.6524025797843933	0.10058903694152832	0.6697250604629517	0.493954598903656	0.18802887201309204	0.7520841360092163	0.5311580896377563	1.252762794494629	0.7193260788917542	0.5647729635238647	0.15676958858966827	0.12883785367012024	0.7608212232589722	0.4289872646331787	1.0597708225250244	0.455269455909729	0.5822926759719849	0.6170404553413391	0.25320181250572205	0.2688964903354645	0.270748108625412	0.5585912466049194	0.21422424912452698	0.30647915601730347	0.24701710045337677	0.684055507183075	0.12413199245929718	0.5946383476257324	0.6435054540634155	0.49882569909095764	0.4350932240486145	0.6015776991844177	1.3175952434539795	0.5231091380119324	0.475362092256546	0.3094708025455475	0.21649856865406036	0.530849039554596	1.0672954320907593	0.8613054156303406	0.8524906039237976	0.30142122507095337	0.7775608897209167	1.0787314176559448	0.8097507953643799	0.4484456479549408	0.16550761461257935	1.4092004299163818	0.44710591435432434	0.49272462725639343	0.13753487169742584	0.5183742046356201	0.8465632200241089	0.33194056153297424	0.3356509506702423	0.9773252606391907	0.24406753480434418	0.8008896708488464	0.6159706115722656	0.7940304279327393	1.0585335493087769	0.6617808938026428	0.39872241020202637	0.8806273937225342	0.6980853080749512	0.6859619617462158	0.5376541018486023	0.7685341835021973	0.2539534866809845	0.8471560478210449	0.5184726119041443	0.20188792049884796	0.6427741050720215	0.3997284173965454	1.3259971141815186	0.8250352740287781	0.11637493968009949	0.2507821321487427	0.9644246697425842	0.29476994276046753	0.35495486855506897	0.2851335108280182	0.6406294107437134	0.18727368116378784	0.6023874282836914	0.096028171479702	0.11111185699701309	0.587237536907196	1.175887107849121	0.7457895278930664	0.5693634748458862	0.46251019835472107	0.647182822227478	0.20774729549884796	0.4651027023792267	0.7960704565048218	0.2620018720626831	0.39790254831314087	0.21516196429729462	1.177196741104126	0.4460256099700928	0.08202032744884491	0.39420291781425476	0.7866896986961365	0.5334516167640686	0.7354205250740051	0.19216817617416382	0.21469202637672424	0.5629661679267883	0.21645858883857727	0.4724220931529999	0.3236357569694519	0.2961825132369995	1.1596953868865967	0.30738693475723267	0.1775071769952774	1.1105085611343384	0.8270412683486938	0.19425779581069946	0.2749076187610626	1.0551339387893677	0.14376501739025116	0.6138032674789429	0.6708387136459351	0.48681527376174927	0.4128729999065399	0.3845735788345337	0.9638607501983643	0.28446683287620544	0.18189623951911926	0.722076952457428	0.26305726170539856	0.18414051830768585	0.6171736121177673	0.3182956576347351	0.7889881134033203	0.8640086650848389	0.3366025686264038	0.3017953932285309	0.6080271005630493	0.5140223503112793	0.8180673122406006	1.1876177787780762	0.43098944425582886	0.2716900408267975	0.5828023552894592	0.8285048007965088	0.7648420333862305	0.3976355493068695	0.536520779132843	0.36686551570892334	0.3111248016357422	0.25732922554016113	0.632013738155365	0.7847241163253784	0.7096450328826904	0.5385051965713501	0.9469146132469177	0.8966586589813232	0.957560658454895	0.366890549659729	0.6364778280258179	0.5140407085418701	0.8815999627113342	0.7073723077774048	0.4402782618999481	0.36377882957458496	0.11457651108503342	0.43587788939476013	0.44595977663993835	0.4536423087120056	0.5857545733451843	0.10699453204870224	0.5400373935699463	0.4340521991252899	0.880245566368103	0.6257779002189636	0.30264046788215637	0.34281179308891296	1.17399263381958	0.6539895534515381	0.5590043663978577	0.2810433804988861	0.9246302843093872	0.49798330664634705	0.8722696304321289	0.48568427562713623	0.23933547735214233	0.3005746603012085	0.6501648426055908	0.602545976638794	1.2339469194412231	0.4291277229785919	0.8274644613265991	0.5688806772232056	0.38045942783355713	0.5594689249992371	0.6547755002975464	0.4338393807411194	0.6787481904029846	1.1235544681549072	0.5468530654907227	0.655561625957489	0.3621223568916321	0.7051288485527039	0.334511935710907	0.49042460322380066	0.7583538293838501	0.5935313105583191	0.2889144718647003	1.0202229022979736	0.15803955495357513	0.2268608808517456	0.5797200202941895	0.5205081701278687	0.1469005048274994	0.4062120020389557	0.6581374406814575	0.42139509320259094	0.19396567344665527	0.3156113624572754	0.2180483192205429	0.3583798408508301	0.7916858792304993	0.2342328578233719	0.5340491533279419	0.6554870009422302	0.3622298240661621	0.4066956341266632	0.6244714260101318	0.3916607201099396	1.1843764781951904	0.5232074856758118	1.7480230331420898	0.3846917748451233	0.21906007826328278	0.7439046502113342	0.41514718532562256	0.8114326596260071	0.46524569392204285	0.45598527789115906	0.7050145864486694	0.8128851652145386	1.1454031467437744	0.282509446144104	1.2216463088989258	0.7293732166290283	0.5051908493041992	0.5909070372581482	0.6330060958862305	0.012447239831089973	0.2648254632949829	0.5583733916282654	0.21920062601566315	0.4231153130531311	0.7440637350082397	0.2956344485282898	0.12600350379943848	0.45047327876091003	0.33844712376594543	0.4540928304195404	0.25952401757240295	0.3871770203113556	0.4101361036300659	0.371969997882843	0.13820406794548035	0.3627534508705139	0.7501246333122253	0.4978279173374176	0.6531364917755127	0.7358730435371399	0.2411203682422638	0.22810134291648865	0.5117426514625549	0.5051345825195312	1.2531036138534546	0.5851074457168579	0.9543482065200806	0.21993806958198547	0.6248117089271545	0.27755677700042725	0.354381799697876	0.38423678278923035	0.6022999286651611	0.3595735728740692	0.7423887848854065	0.20127712190151215	0.29419562220573425	0.5486682057380676	0.5637935400009155	0.8530123233795166	0.21912159025669098	0.16949865221977234	0.6742455959320068	0.5935003161430359	1.1673260927200317	0.383319228887558	0.5760661363601685	0.6968451738357544	0.5419348478317261	0.9425885081291199	0.7298864722251892	0.9239703416824341	0.47341108322143555	0.5587742328643799	0.35170578956604004	0.24134430289268494	0.39056333899497986	0.4764966070652008	0.16439589858055115	0.19274652004241943	0.8238051533699036	1.0201480388641357	1.06240975856781	1.362594485282898	0.593773603439331	0.46647486090660095	0.7034710049629211	1.0464236736297607	0.3296689987182617	0.7295696139335632	0.5262244939804077	0.23007404804229736	0.12165935337543488	0.4760556221008301	0.37557846307754517	0.6468204855918884	0.4784609079360962	0.5954557061195374	0.5996410846710205	0.5965180397033691	0.3451538681983948	0.2821485996246338	0.5182957053184509	0.8508210778236389	1.5333129167556763	0.1656816154718399	1.2283291816711426	0.5584051609039307	1.162237524986267	0.26708313822746277	0.2780207693576813	0.32272112369537354	0.18985234200954437	0.41331788897514343	0.620689332485199	0.5960518717765808	0.8510911464691162	0.2571321427822113	1.08806312084198	0.8168373703956604	0.5510634183883667	0.40079453587532043	0.24573315680027008	0.7166116237640381	0.8593853712081909	0.2428717315196991	0.13476890325546265	0.17056909203529358	0.8692981004714966	0.3947429955005646	0.2151016891002655	0.8697718381881714	0.8541100025177002	0.2955680787563324	1.0496087074279785	0.5958676338195801	0.4250463843345642	0.4823048710823059	0.06022753566503525	0.32857751846313477	0.7830846905708313	0.6914213299751282	0.5070908665657043	0.6822076439857483	0.8491353392601013	0.8695670962333679	0.20260745286941528	0.10993481427431107	0.749512791633606	0.21562880277633667	1.1089682579040527	0.19204255938529968	0.5069135427474976	0.6886573433876038	0.22697299718856812	0.1034882515668869	0.5135347247123718	0.5495359897613525	0.5265397429466248	0.42290931940078735	0.5661138296127319	0.34944361448287964	0.8956906795501709	0.16029152274131775	0.20853060483932495	0.38998889923095703	0.7580341100692749	1.0180833339691162	0.41574257612228394	0.026028692722320557	0.31544041633605957	0.8154659271240234	0.4487289786338806	0.20828205347061157	0.09951823949813843	0.35215017199516296	0.8353318572044373	0.43366268277168274	0.3900667428970337	0.7220920324325562	0.29211151599884033	0.43099668622016907	0.4859195649623871	1.1470893621444702	0.7114587426185608	1.0496469736099243	0.3382101058959961	0.2612334191799164	0.17249369621276855	0.5628542900085449	0.638007640838623	0.3055323362350464	0.6996912956237793	0.4204237461090088	0.9197777509689331	0.8811938166618347	0.3782074749469757	0.7608485221862793	0.635521650314331	0.04747703671455383	0.3414115309715271	0.27596256136894226	0.36732926964759827	0.2919221818447113	0.11270149052143097	0.5688778162002563	0.3306468725204468	0.30880752205848694	1.4792217016220093	0.3774509131908417	0.2873338460922241	0.12559755146503448	0.19391053915023804	0.7937549948692322	0.7305029034614563	0.6390498876571655	0.12937043607234955	0.3399120569229126	0.2586000859737396	0.9127316474914551	0.3820880055427551	0.31124815344810486	0.5792429447174072	0.8532412052154541	0.6072873473167419	0.46619200706481934	0.1983945667743683	0.6174564361572266	0.23984582722187042	0.24948391318321228	1.05763840675354	0.3065500855445862	0.3525139093399048	0.06486482918262482	0.23884716629981995	0.15103933215141296	0.6874060034751892	0.508345365524292	0.7205859422683716	0.8007626533508301	0.7097373604774475	0.5697557330131531	0.6505869030952454	0.25600045919418335	0.2824011445045471	0.6201973557472229	0.30708110332489014	0.24303054809570312	0.2794700860977173	0.7757328152656555	0.4597285985946655	0.393256276845932	0.784080445766449	0.42836737632751465	0.2143351137638092	0.46783018112182617	0.7918607592582703	0.415426105260849	1.006810188293457	0.6406724452972412	0.3825540542602539	0.45604443550109863	0.1923091858625412	1.0312552452087402	0.07553964108228683	0.44696682691574097	0.3117603659629822	0.8718520402908325	0.2854509651660919	1.0377302169799805	0.43756961822509766	0.9264329075813293	0.9340062737464905	0.601833701133728	0.31480836868286133	0.47801870107650757	0.1656140834093094	0.4393976330757141	0.1936936378479004	0.5603429675102234	1.0661998987197876	0.18972358107566833	0.6910771131515503	0.8952186703681946	0.3309318423271179	0.4871014952659607	0.42059507966041565	0.3649991750717163	0.699257493019104	0.2443877011537552	0.4058729410171509	0.7563341856002808	0.4531668424606323	0.6509863138198853	0.4849887490272522	0.3080890476703644	0.7800967693328857	0.595259964466095	0.8246498703956604	0.264789342880249	0.4717995524406433	0.7267763614654541	0.6838358044624329	0.5699394941329956	0.12197268009185791	0.49793973565101624	0.07060785591602325	0.3110201060771942	0.2244231104850769	0.20665554702281952	1.2754573822021484	0.5023382902145386	1.0630728006362915	1.492866039276123	0.4656457304954529	0.4361458420753479	0.576202392578125	0.2672466039657593	0.7651175260543823	0.509082555770874	0.6363608241081238	0.27622389793395996	0.751603364944458	0.5109596252441406	0.28825658559799194	0.8247274160385132	0.6540085673332214	0.6038161516189575	0.36997079849243164	0.23226840794086456	0.36559587717056274	0.2870306074619293	0.28634828329086304	0.27237653732299805	0.1782170534133911	0.3965650796890259	0.38070133328437805	0.48483073711395264	0.37779122591018677	0.37358593940734863	0.2733154892921448	0.8866795897483826	0.6359869241714478	0.2996865510940552	0.4407251179218292	0.12158382683992386	1.0074697732925415	0.5485954880714417	0.8196907043457031	1.061134934425354	0.4515598714351654	0.31717976927757263	0.2243569940328598	0.3048062324523926	0.7069648504257202	0.14365148544311523	0.5029116272926331	0.8193382620811462	0.6077075004577637	0.22062675654888153	0.6075115203857422	0.26339083909988403	0.2207198590040207	0.4848637282848358	0.7977232933044434	0.46656736731529236	0.30409058928489685	0.6159316897392273	0.16979607939720154	0.22811178863048553	0.5676620602607727	0.2970728874206543	0.14434485137462616	0.4875396192073822	0.18247410655021667	0.27040258049964905	0.47512224316596985	0.3586186468601227	0.5593574643135071	0.1493867188692093	0.4437234401702881	0.67640620470047	0.9988150596618652	0.93867027759552	0.46901988983154297	0.5576969981193542	0.5863240957260132	0.03430773690342903	1.0343034267425537	0.3372044861316681	1.0177717208862305	1.2827818393707275	0.37773939967155457	0.29772162437438965	0.3487953841686249	0.6975136995315552	0.24503211677074432	0.7445976734161377	0.8051066994667053	0.3011205792427063	0.5402365326881409	1.6837639808654785	0.29980260133743286	0.8636492490768433	0.5773006081581116	0.7013287544250488	0.36959806084632874	0.3527396321296692	0.21737214922904968	0.42940109968185425	0.5487897396087646	0.1241510882973671	0.3858678936958313	0.7398037910461426	0.696526825428009	1.345685362815857	0.6070806384086609	0.42814701795578003	0.49122461676597595	0.20365458726882935	0.18301546573638916	0.6924147605895996	1.066057801246643	1.1171430349349976	0.2513964772224426	0.5777304172515869	0.25918635725975037	0.23856687545776367	0.3930925130844116	0.33600202202796936	0.4149271249771118	1.1862409114837646	0.664848804473877	0.478924959897995	0.44346678256988525	0.6335065364837646	0.12312501668930054	0.9131277203559875	0.36671963334083557	0.4096042811870575	0.22154797613620758	0.41277122497558594	0.4964543581008911	1.2921006679534912	0.431962788105011	0.6937057971954346	0.29696568846702576	0.38839080929756165	1.7610447406768799	0.14204373955726624	0.49859488010406494	0.5144526362419128	0.14484278857707977	0.4208278954029083	0.9050897359848022	0.7983490824699402	1.179282546043396	0.3093031644821167	0.461934357881546	0.443500816822052	0.24523517489433289	0.562868058681488	0.28776633739471436	0.1921493262052536	0.146217942237854	0.2063864767551422	0.3477279245853424	0.4482611417770386	0.353728711605072	0.5303175449371338	0.4539988338947296	0.17568738758563995	1.0132839679718018	0.4255218803882599	0.34422767162323	0.18999344110488892	0.9755701422691345	1.0668696165084839	0.41498002409935	1.0314886569976807	0.4675081968307495	0.6407569646835327	0.10431703925132751	0.48383837938308716	0.1573525220155716	0.45188891887664795	0.6845477819442749	0.3813769519329071	0.3275687098503113	0.7697464227676392	0.7664557695388794	0.8311620354652405	0.43725332617759705	0.2323070913553238	0.15872210264205933	0.20208021998405457	0.4840095639228821	1.3168094158172607	0.6708162426948547	0.6590122580528259	0.39646267890930176	0.35679227113723755	0.5446997880935669	0.45993271470069885	0.14549285173416138	0.6602314114570618	0.5034189224243164	0.5043193101882935	0.5722588896751404	0.24994252622127533	0.1851295679807663	0.1754337102174759	0.14440743625164032	0.5173906087875366	0.5121793746948242	0.4902222156524658	0.4035002291202545	0.37153372168540955	0.6475052237510681	0.21109487116336823	0.6393747329711914	0.9142986536026001	0.4421676993370056	0.4310779571533203	1.4255714416503906	0.668378472328186	0.5440717935562134	0.48459556698799133	1.3179610967636108	0.8233310580253601	0.16832536458969116	0.44996482133865356	0.17042957246303558	0.828560471534729	0.39063796401023865	0.3963923156261444	0.1893622726202011	0.6099950075149536	0.6650511026382446	0.5285417437553406	0.19836556911468506	0.3725717067718506	0.36883124709129333	0.5579169392585754	0.08599051833152771	0.448967307806015	0.7012829184532166	0.39327767491340637	0.40998321771621704	0.2479328066110611	0.4086751639842987	0.2136005461215973	0.8734490871429443	0.4729183614253998	1.2299143075942993	1.130725622177124	0.6952365040779114	0.4149444103240967	0.2561790943145752	0.2941786050796509	0.4945192039012909	0.6013648509979248	0.37771257758140564	0.29515698552131653	0.5431146621704102	0.5198085308074951	0.47665077447891235	0.5873688459396362	0.4483318626880646	1.1894692182540894	0.39927536249160767	0.3933715224266052	0.588009774684906	0.19309721887111664	0.9231178760528564	0.539303183555603	0.14342348277568817	0.32429972290992737	0.27136555314064026	0.7332234382629395	0.8770961165428162	0.22297058999538422	0.717800498008728	1.1957347393035889	0.18285147845745087	0.3585992753505707	0.2383405864238739	0.3398999869823456	0.5129584670066833	0.36865946650505066	0.4875214695930481	0.5050947070121765	0.48178526759147644	0.044775694608688354	0.6673446893692017	0.31524232029914856	0.31536123156547546	0.5495306849479675	0.3337979316711426	0.5849822163581848	0.4190208613872528	0.17474360764026642	0.9208388924598694	0.3028281629085541	0.21257413923740387	0.8104609251022339	0.4921146333217621	0.2522697448730469	0.6115856170654297	0.5977504253387451	0.802781879901886	0.3103199899196625	0.5563020706176758	0.4570915699005127	0.5371518135070801	0.7040424942970276	0.5607274770736694	0.6391751170158386	0.27063262462615967	0.4093252122402191	0.6892510652542114	0.24886852502822876	0.38376688957214355	0.46721360087394714	1.0300183296203613	0.35228440165519714	0.718116819858551	0.7095420360565186	0.5440864562988281	0.6042866110801697	0.5224092602729797	0.31668585538864136	0.49633684754371643	0.4056284725666046	0.3016870617866516	1.169100284576416	0.6741563677787781	0.46245041489601135	0.18249565362930298	0.6117496490478516	0.2856297492980957	0.05788186937570572	1.0541740655899048	0.5915538668632507	0.399010568857193	0.6422145962715149	0.441989004611969	0.33117008209228516	0.7477072477340698	0.5025906562805176	0.2402976006269455	0.5789903402328491	0.26962029933929443	0.6722701191902161	0.23986883461475372	0.1487739533185959	0.4001591205596924	0.9739227294921875	0.5878263711929321	0.37497007846832275	0.5823104381561279	0.41705700755119324	0.2996554672718048	0.7282968759536743	0.5759050846099854	0.7164397239685059	0.1859280914068222	0.1428239494562149	0.7339198589324951	0.3461350202560425	0.7811846733093262	1.173565149307251	0.3447272777557373	0.9307869672775269	0.3173255920410156	0.34990859031677246	0.2964355945587158	0.2654045820236206	0.6646538376808167	0.6709921956062317	0.37181583046913147	0.6912586688995361	0.11597413569688797	0.5281364917755127	0.8972171545028687	0.45469459891319275	1.3794798851013184	0.6680031418800354	0.12923786044120789	0.5842632055282593	0.9893792867660522	0.601860523223877	0.22562362253665924	0.6400029063224792	0.2736508846282959	0.4264850616455078	0.4519258737564087	0.2780313491821289	1.7191307544708252	0.8338634371757507	0.18296203017234802	0.3460760712623596	0.33208364248275757	0.5116307139396667	0.4373427629470825	0.5923231840133667	0.3491506278514862	0.5263559222221375	0.27785927057266235	1.4673705101013184	0.6392168998718262	0.573779821395874	0.2572658061981201	0.3807050585746765	0.1885976940393448	0.28932827711105347	0.4624309241771698	0.4878996014595032	0.4593081772327423	0.3071262836456299	0.5139164924621582	0.746603786945343	0.8506618142127991	0.35319358110427856	1.1529570817947388	0.1404704600572586	0.02492089569568634	0.4504345655441284	0.5221531391143799	0.18440890312194824	0.21444815397262573	0.28520625829696655	0.7513964772224426	0.39344677329063416	0.18812347948551178	1.127109169960022	0.0833091139793396	0.78607577085495	0.5127142667770386	0.3752926290035248	0.23418430984020233	0.397201269865036	0.5329732298851013	0.5834261178970337	0.2750832438468933	0.03311999514698982	0.720120906829834	0.6578624248504639	0.2230151891708374	0.47944575548171997	0.08395297825336456	0.6674122214317322	0.6715447306632996	0.49868834018707275	0.8252465724945068	0.5945810079574585	1.0889017581939697	0.4657112658023834	0.5768387317657471	0.32795006036758423	0.6465051770210266	0.4931366443634033	0.5664111375808716	0.7545003294944763	0.6060276627540588	0.2739678621292114	0.11068388819694519	0.3658539056777954	0.950368344783783	0.3415135145187378	0.23046861588954926	0.7254623174667358	0.758560299873352
0.08324030786752701	0.5292087197303772	0.4091569781303406	0.39585763216018677	1.071649432182312	0.1537754237651825	0.11592970043420792	1.2195161581039429	0.1440759152173996	0.2102229744195938	0.09641122072935104	0.4426266849040985	1.1929175853729248	0.5614703893661499	0.5635556578636169	0.3426028788089752	0.4876139461994171	0.13632681965827942	0.2945822775363922	0.42667272686958313	0.7858939170837402	0.3470780849456787	0.773704469203949	0.3980580270290375	0.4273033142089844	0.4790087938308716	0.9253431558609009	1.0637235641479492	0.8136830925941467	0.26231545209884644	0.4135804772377014	0.4649770259857178	0.840252161026001	0.5755718946456909	0.32182013988494873	0.11296215653419495	0.2720106244087219	0.3582732677459717	1.0042593479156494	0.7044317722320557	0.6586223244667053	0.25096625089645386	0.304735392332077	0.520559549331665	0.21913671493530273	0.4134901762008667	0.47260645031929016	0.16620567440986633	0.5173349380493164	0.6972247362136841	0.6156752705574036	0.327417254447937	0.8043814301490784	0.3645411729812622	0.7038381099700928	0.489702045917511	0.32208436727523804	0.5450846552848816	0.34527119994163513	0.7334970831871033	0.2693537473678589	0.43239861726760864	0.47813284397125244	0.7113158702850342	0.16900771856307983	0.6721186637878418	0.4677349925041199	0.5335808992385864	0.41059568524360657	0.3958893120288849	0.3644993305206299	0.5198754668235779	0.08442658931016922	0.520125150680542	0.6926653385162354	0.8675469160079956	0.3822689354419708	0.1973302811384201	0.17238746583461761	0.4048205316066742	0.43955349922180176	0.48102134466171265	0.4006229043006897	0.21877367794513702	0.5735377073287964	0.3868851363658905	0.9105766415596008	0.3974245488643646	0.1535186916589737	0.2854067385196686	0.7133234739303589	0.3952946066856384	0.3388005495071411	0.27257853746414185	0.35527101159095764	1.028857946395874	0.8385149836540222	0.554628849029541	0.6718210577964783	0.018277820199728012	0.4005744457244873	1.0292731523513794	0.19914954900741577	1.1979057788848877	0.5353270173072815	0.6515381932258606	0.3941026031970978	0.4627153277397156	0.7144510746002197	0.5766979455947876	0.423872709274292	0.401114284992218	0.4822959899902344	0.31663182377815247	0.7808926105499268	0.543553352355957	0.33360016345977783	0.34802913665771484	0.8946269154548645	0.27823615074157715	1.276559829711914	0.4905736744403839	0.30407172441482544	0.7525560855865479	1.0009065866470337	0.558079719543457	0.297943651676178	0.4345003664493561	0.6657525897026062	0.7418833374977112	0.1767115443944931	0.5242723226547241	0.4312194883823395	0.35671550035476685	0.20047466456890106	0.6896423101425171	0.18290367722511292	0.39970678091049194	0.48545512557029724	0.2502777576446533	0.4444218575954437	0.16475877165794373	0.40788307785987854	0.41153183579444885	0.45966556668281555	1.4061946868896484	0.4882185757160187	0.2344643622636795	0.8071247935295105	0.39571163058280945	0.28256574273109436	0.34381982684135437	0.5464242696762085	0.24053174257278442	0.1356072574853897	0.3879377543926239	0.7861279845237732	1.3942205905914307	0.1667855829000473	0.38333749771118164	0.46679311990737915	0.47175318002700806	0.38936594128608704	0.41257166862487793	0.3478623926639557	0.3232954144477844	0.5987009406089783	0.33485734462738037	0.6132052540779114	1.494842290878296	0.1585632711648941	0.24851156771183014	0.6357793807983398	0.6312400698661804	0.2952379286289215	0.4034086763858795	0.8578222990036011	1.1322126388549805	0.4614359438419342	0.2521343231201172	0.2636769115924835	0.39358118176460266	0.14274092018604279	1.064674973487854	0.49039149284362793	0.5638775825500488	0.4604301452636719	0.21785113215446472	0.5119859576225281	0.9334836602210999	0.4150294363498688	0.1868220865726471	0.9860062003135681	0.28060609102249146	0.32686647772789	0.35815778374671936	0.5013567209243774	0.2792797386646271	1.102632761001587	0.6608810424804688	0.45962876081466675	1.0299842357635498	0.46758177876472473	0.12259014695882797	0.6041280031204224	0.8435537815093994	0.24076585471630096	0.3554658889770508	0.7817670106887817	0.6271636486053467	0.5230837464332581	0.4053336977958679	0.1988835334777832	0.5177890658378601	0.22606846690177917	0.5861417651176453	0.47628912329673767	0.44377198815345764	0.3481399416923523	0.7347856163978577	0.17992663383483887	0.2605147361755371	0.32849013805389404	0.5825653076171875	0.6367751359939575	0.7507731914520264	0.3035717308521271	1.0710347890853882	0.734686553478241	0.3420454263687134	0.5888083577156067	0.6571936011314392	0.634351909160614	1.8770889043807983	0.8789153695106506	0.6137207746505737	0.33180665969848633	0.607345700263977	0.4384513199329376	0.23289862275123596	0.5298314094543457	0.445703387260437	1.0236696004867554	0.20114460587501526	0.3748810887336731	0.4560370147228241	0.13839077949523926	0.9919604659080505	0.35888075828552246	0.565094530582428	0.9240762591362	1.3117525577545166	0.48104292154312134	0.5922368764877319	0.6216968894004822	0.5147493481636047	0.7559448480606079	0.6395702958106995	0.6463814973831177	0.3221244812011719	0.8219469785690308	0.7030552625656128	0.4964471459388733	0.3227714002132416	0.5689929127693176	0.4314640164375305	0.5278506278991699	0.24250727891921997	0.5969898700714111	0.28356844186782837	0.33253300189971924	0.4081401526927948	0.1690121740102768	0.6009265184402466	0.3762868046760559	0.2225261628627777	0.33207613229751587	0.5475419163703918	0.7179756760597229	0.6854044198989868	0.40323546528816223	0.8967026472091675	0.3803955614566803	0.24544262886047363	0.48011642694473267	0.9799774289131165	0.3668881058692932	0.5109596252441406	0.456987202167511	0.3533470332622528	0.6444721221923828	0.4694599211215973	0.5091090202331543	0.20149177312850952	0.28572946786880493	0.2020246833562851	1.0852550268173218	0.30035823583602905	0.3272875249385834	0.41375839710235596	0.2400226891040802	0.49826642870903015	1.4565987586975098	0.35478532314300537	0.520564079284668	0.1882563680410385	0.46558091044425964	0.5160654783248901	0.32571232318878174	1.1909492015838623	0.9037661552429199	0.5402189493179321	0.765279233455658	0.13848869502544403	0.15479141473770142	0.9776405096054077	0.1358359307050705	0.9270744323730469	0.3444344103336334	0.984887957572937	0.4789443612098694	0.37414389848709106	0.6187222003936768	0.5439466834068298	0.9536939859390259	0.23129799962043762	0.45749399065971375	0.7954831123352051	0.12500256299972534	0.8292181491851807	1.1138726472854614	0.46021369099617004	0.2645890712738037	0.7557456493377686	1.23067307472229	0.1974271833896637	0.9286558032035828	0.48323553800582886	0.5339993238449097	0.6828423738479614	0.05491361767053604	0.2770749032497406	0.10097558051347733	0.5425342321395874	0.15199699997901917	0.6222116351127625	0.5299557447433472	0.5044256448745728	0.9184304475784302	0.3019419312477112	0.5420947670936584	0.2079894095659256	0.4911227524280548	0.5049774050712585	0.07391031831502914	0.16150249540805817	0.2702469229698181	0.5209487676620483	0.16738876700401306	0.6409487128257751	0.8642981052398682	0.665241003036499	0.8233322501182556	0.2950323522090912	0.6852035522460938	0.7728254795074463	0.4271527826786041	0.10983631014823914	0.3653568625450134	0.3954654335975647	0.513164758682251	0.7530948519706726	0.2207125872373581	0.8333026170730591	0.20797045528888702	0.6641442179679871	0.7775766253471375	0.4337880313396454	0.21688467264175415	0.12572169303894043	0.23931464552879333	0.7076878547668457	0.3856728672981262	0.7278522253036499	0.5536693334579468	0.46053704619407654	0.6218141913414001	0.23783496022224426	0.7357364892959595	0.16391748189926147	0.2972272038459778	0.7253824472427368	0.704703688621521	0.5576643943786621	0.3124358654022217	0.6011031866073608	0.9252408742904663	0.30740490555763245	1.0550976991653442	0.3349088430404663	0.3903219997882843	0.3725486695766449	0.32378527522087097	0.49239301681518555	0.5198792219161987	0.40014734864234924	0.20066265761852264	0.17399491369724274	0.3998326361179352	0.2606355845928192	0.3118726313114166	0.075587198138237	0.4515683650970459	0.47823458909988403	0.4154369831085205	1.1909722089767456	0.1915501356124878	0.932166576385498	0.993977427482605	0.9012844562530518	0.30359604954719543	0.26361629366874695	1.3943263292312622	0.5624967813491821	0.39563509821891785	0.17744430899620056	0.4376712143421173	0.5105485320091248	0.296145498752594	0.6192577481269836	0.31969526410102844	0.8644120097160339	0.5385557413101196	0.6409086585044861	0.6166837811470032	0.31686297059059143	0.418195903301239	0.5620207786560059	0.42906931042671204	0.012857295572757721	1.0742902755737305	0.6239854693412781	0.8186156749725342	0.9170485734939575	0.49106860160827637	0.738741934299469	1.5581040382385254	0.7805472612380981	0.6606035232543945	0.8525518774986267	0.9054536819458008	0.1391381323337555	0.12438894808292389	0.7685855031013489	0.2097056657075882	0.2671864628791809	0.21672940254211426	0.3880005478858948	0.21356135606765747	0.3134412467479706	0.9142601490020752	0.4318012595176697	0.15025709569454193	0.1160440519452095	0.12337268143892288	0.5067186951637268	0.24590563774108887	0.4174787700176239	0.11827434599399567	0.5326960682868958	0.2711910307407379	0.47451189160346985	0.18946246802806854	0.3249477446079254	0.7558578252792358	0.7110726237297058	0.7859129309654236	0.5475828647613525	0.7150153517723083	0.5996094942092896	0.47051289677619934	0.4680109918117523	1.0931473970413208	0.459119975566864	0.565592348575592	0.6621531844139099	0.2704080045223236	1.449461579322815	0.26543423533439636	0.48064059019088745	0.6404304504394531	0.5002939701080322	1.1872519254684448	0.46773219108581543	0.5185378789901733	0.6554741859436035	0.5184135437011719	0.5476481318473816	0.151066392660141	0.6159917116165161	0.6857963800430298	0.43621745705604553	0.42175814509391785	0.41004806756973267	0.03495604172348976	1.2737479209899902	0.22191813588142395	0.3478088080883026	0.396801620721817	0.6700792908668518	0.4294176995754242	0.7641913294792175	0.42840999364852905	0.7409014105796814	0.7035833597183228	0.5300026535987854	0.409457266330719	0.2532528042793274	0.47987061738967896	0.4714469015598297	0.7044370174407959	0.5961692929267883	0.7866321802139282	0.8471698760986328	0.2357802838087082	0.542626142501831	1.2599778175354004	0.29182878136634827	0.9596063494682312	0.7527695894241333	1.1960923671722412	0.4955958127975464	0.4765040874481201	1.1162207126617432	0.49318280816078186	0.33561164140701294	0.20776113867759705	0.5455326437950134	0.3349417448043823	0.3025020956993103	0.936980128288269	0.8765116333961487	0.4529556632041931	0.4591117203235626	0.22051019966602325	0.2723578214645386	0.2588476240634918	0.3696649670600891	0.8518537878990173	0.534093976020813	0.6532595753669739	0.6729562282562256	0.49542707204818726	0.12848739326000214	0.11829742789268494	0.08163587749004364	0.6747437119483948	0.6725548505783081	0.2268102467060089	1.2440515756607056	0.14130376279354095	0.8646917343139648	0.306895911693573	0.577359676361084	1.453938603401184	0.26197195053100586	0.3295135200023651	0.1500667929649353	0.4203549027442932	1.494370937347412	0.5008566975593567	0.647376298904419	0.6892090439796448	0.13039247691631317	0.4317929148674011	0.4821164608001709	0.243204265832901	0.25521695613861084	0.11426310241222382	0.3041832447052002	0.35359513759613037	0.38792094588279724	0.3269309997558594	0.7298332452774048	0.3033375144004822	0.6512050032615662	0.45445516705513	0.7251219749450684	0.3392183184623718	0.5778437852859497	0.6670312285423279	0.5980468392372131	0.7309256792068481	0.4805338382720947	0.45267167687416077	0.22843502461910248	0.19921644032001495	0.24942220747470856	0.7121150493621826	0.21196311712265015	0.3862479031085968	0.32256242632865906	0.5215578675270081	0.5412739515304565	0.6802446842193604	0.4106639325618744	0.43765053153038025	0.25656208395957947	0.25728389620780945	0.308323472738266	0.26980823278427124	0.555417001247406	0.34299013018608093	0.7110285758972168	0.5268274545669556	0.3811698257923126	0.18335480988025665	0.6585911512374878	0.24918268620967865	0.802351713180542	0.1492997258901596	0.3892829120159149	1.022788643836975	0.7207749485969543	0.20989902317523956	0.11571046710014343	0.9447396993637085	0.6477620005607605	0.5231200456619263	0.8634958863258362	0.5375220775604248	0.18546593189239502	0.1397847682237625	0.44832929968833923	0.3164861500263214	0.18443776667118073	0.6594972610473633	0.7769893407821655	0.262636661529541	0.15469059348106384	0.392258882522583	0.9029139876365662	0.15358269214630127	0.7697108387947083	1.214966058731079	0.6113541126251221	0.46507763862609863	0.30171942710876465	0.49484190344810486	0.24187158048152924	0.45204871892929077	0.10634341835975647	0.3947382867336273	0.5349687933921814	0.33770737051963806	0.377594530582428	0.6303507089614868	0.7386363744735718	0.7603239417076111	0.15730822086334229	0.32531678676605225	0.1645972728729248	0.36896514892578125	0.3555651307106018	1.034387230873108	0.8054206967353821	0.6907471418380737	0.46108490228652954	0.9937484264373779	0.2207004725933075	0.3419700264930725	0.5588337182998657	0.4937448501586914	0.46671080589294434	0.3916584849357605	0.8378304839134216	1.2120780944824219	0.32277101278305054	0.7877625226974487	0.16649068892002106	0.6876412034034729	0.25989192724227905	0.41245484352111816	0.3265876770019531	0.66482013463974	0.33744165301322937	0.5384598970413208	0.46325913071632385	0.3595343828201294	0.3632063865661621	1.4478291273117065	0.536783754825592	0.0748772919178009	0.49741601943969727	0.1636618673801422	0.34862279891967773	0.4983544647693634	0.4720558226108551	0.4557230770587921	0.5943095684051514	0.9303358793258667	0.5809614658355713	0.14031146466732025	0.16463419795036316	0.26925474405288696	0.39948344230651855	0.9083352088928223	0.6642976999282837	0.18927277624607086	0.7693816423416138	0.8654038310050964	0.9432251453399658	0.43048810958862305	0.2514048218727112	0.3423263430595398	0.31940552592277527	0.319012314081192	0.5320233106613159	0.8585834503173828	0.7624372243881226	1.1265263557434082	0.7202974557876587	0.33920058608055115	0.6551704406738281	0.442659467458725	0.5318651795387268	0.48646706342697144	0.598958432674408	0.6018487215042114	0.4800197184085846	0.29927006363868713	0.13623479008674622	0.24372798204421997	0.16152063012123108	0.18262197077274323	0.8513724207878113	0.257614403963089	1.0112731456756592	0.4367443323135376	0.13638189435005188	0.32453635334968567	0.4281308948993683	0.6603334546089172	0.43184220790863037	0.3918180763721466	0.4217689037322998	0.6731316447257996	0.3562994599342346	0.6125332713127136	0.19959931075572968	0.6202764511108398	0.2790219187736511	0.4401471018791199	0.18718573451042175	0.10497023165225983	0.2622721493244171	1.196568250656128	0.4230625629425049	0.3710046708583832	0.8362540602684021	0.6939074993133545	0.8404887914657593	0.11022064089775085	0.3818370997905731	0.41525644063949585	0.1533423364162445	0.19217650592327118	0.6490112543106079	0.2528451085090637	0.7422522306442261	0.1290849894285202	0.331707239151001	0.5441519021987915	0.37575626373291016	0.9596694707870483	0.19103111326694489	0.7666372060775757	0.26128166913986206	0.07807105034589767	0.32453665137290955	0.17417459189891815	0.5927344560623169	0.39170849323272705	0.27249792218208313	0.08710837364196777	0.6036275625228882	0.27357280254364014	0.3390824496746063	0.6465399861335754	0.6107335686683655	0.868431568145752	0.3212018609046936	0.9769265055656433	0.3218359351158142	0.8549584746360779	0.7623162865638733	0.5079012513160706	0.41342970728874207	0.11653552949428558	0.9919395446777344	0.7040022611618042	0.3706664741039276	0.9799018502235413	0.7066440582275391	0.4292144775390625	0.41347724199295044	0.8020180463790894	0.6976560950279236	0.6271034479141235	0.6084001064300537	0.5401792526245117	0.194374218583107	0.42411544919013977	0.5354486703872681	0.0649193748831749	0.7724475264549255	0.298001229763031	0.8261581659317017	0.2808254659175873	0.18469752371311188	0.7293926477432251	0.4406008720397949	0.5827738046646118	0.6648032665252686	0.3026450574398041	0.8575624227523804	0.33352282643318176	0.26433539390563965	1.3025093078613281	0.14580196142196655	0.430989146232605	0.7217957973480225	0.4194034934043884	1.4059689044952393	0.4772642254829407	0.48484569787979126	0.26912635564804077	0.3411519229412079	0.24645254015922546	0.01100153848528862	0.6555137038230896	0.2485600858926773	0.7127909660339355	0.3592018485069275	1.1803297996520996	0.46188876032829285	0.6240930557250977	0.16561943292617798	0.522179126739502	0.44639426469802856	0.4571555256843567	0.27981528639793396	0.26239144802093506	0.3152732253074646	0.812006413936615	0.2026110291481018	0.44112351536750793	0.4701768457889557	0.3153029680252075	0.42798280715942383	0.3807881772518158	0.1156434714794159	0.1900002658367157	0.1009102314710617	0.3375622034072876	0.6144932508468628	0.12942726910114288	0.3221035301685333	0.5816599726676941	0.7466102242469788	0.5984689593315125	0.3149959146976471	0.24620142579078674	0.6903021931648254	0.5249432325363159	0.575654149055481	0.2633261978626251	0.22850747406482697	0.4071507751941681	0.41860291361808777	0.6145006418228149	0.6452190279960632	0.3141389787197113	0.4399874806404114	0.18835575878620148	0.22682039439678192	0.5471055507659912	0.36762964725494385	1.007562518119812	0.2933356761932373	0.1351306289434433	0.3064928650856018	0.40237700939178467	0.3628327250480652	1.0752359628677368	0.7688491344451904	0.14563290774822235	0.589385986328125	1.235119342803955	0.14555269479751587	0.025272579863667488	0.6630136370658875	1.096482276916504	0.3314787745475769	0.1906798928976059	1.4602903127670288	0.2735578119754791	0.17566075921058655	0.49349841475486755	0.3527025282382965	0.41271746158599854	0.734563410282135	0.4470452666282654	0.4984530210494995	0.7424073815345764	0.44837266206741333	0.305010050535202	0.1168709397315979	0.13709819316864014	0.7713515758514404	0.5098104476928711	0.5168333053588867	0.4461258351802826	0.795594334602356	0.26066237688064575	0.3089749217033386	0.44502532482147217	0.7010309100151062	0.3149279057979584	0.24410927295684814	0.7683372497558594	1.1754707098007202	0.4803776443004608	0.9565995931625366	0.21444383263587952	0.3480052947998047	0.18813762068748474	0.22015723586082458	0.4861750602722168	0.2857068181037903	0.5862032771110535	0.22746813297271729	0.32327765226364136	0.18132811784744263	0.6170473694801331	0.3026248514652252	0.8444511890411377	0.6243910193443298	0.5352706909179688	0.5099210739135742	0.6198684573173523	0.6470628380775452	0.8853585720062256	0.6418737173080444	0.45321762561798096	0.4120029807090759	1.5252652168273926	0.16111275553703308	0.7865676879882812	0.8458331823348999	0.18999846279621124	0.3616270422935486	0.1133393719792366	0.22534778714179993	0.32474252581596375	0.7767515778541565	0.4825865626335144	0.33099642395973206	1.3638501167297363	0.578368067741394	0.08748733997344971	0.28838804364204407	0.5939871072769165	0.19717517495155334	0.6640099287033081	0.3269471526145935	0.2969088554382324	0.9195318222045898	0.747988224029541	0.18313804268836975	1.3909478187561035	0.25371113419532776	0.6126965284347534	0.2894338071346283	0.4907951056957245	0.35809823870658875	0.11229897290468216	0.2375061959028244	0.954049825668335	0.606967568397522	0.378086656332016	0.5526276230812073	0.7443570494651794	0.6267353892326355	1.398690104484558	1.0391331911087036	0.9020475745201111	0.25583016872406006	0.48344686627388	0.2604838013648987	0.4898297190666199	0.4179965555667877	0.6521452069282532	0.43595683574676514	0.4715142548084259	0.4770946502685547	0.6507959365844727	0.25684845447540283	1.1937944889068604	0.27508464455604553	1.2562851905822754	0.19102294743061066	0.6653409004211426	0.3160230219364166	0.4655795395374298	1.3838070631027222	0.3087703585624695	0.6054502725601196	0.6102401614189148	0.4118497669696808	0.14986741542816162	0.6296671032905579	0.6166673302650452	0.44767212867736816	0.2786092758178711	0.09957172721624374	0.5701092481613159	0.3189191520214081	0.4906366467475891	0.44154632091522217	0.7500923871994019	0.8752967119216919	0.3123410642147064	0.25726738572120667	0.9650530815124512	0.6101444363594055	0.4207003116607666	1.2521936893463135	0.5226634740829468	0.3141598403453827	0.3999185264110565	0.5493669509887695	0.559047520160675	0.4119180142879486	0.8964603543281555	0.2556053400039673	0.08293274790048599	1.0279127359390259	0.18665514886379242	0.6251001358032227	0.2481139451265335	0.4340599775314331	0.35297325253486633	0.36377620697021484	0.5144125819206238	0.15534406900405884	0.27261847257614136	0.3503638505935669	1.11510169506073	0.39243486523628235	0.25471484661102295	0.412830650806427	0.20455965399742126	0.4843571186065674	0.36900851130485535	0.5197588801383972	0.20563963055610657	0.33845043182373047	0.3454362750053406	0.15719974040985107	0.6366627216339111	0.44789770245552063	0.3809360861778259	0.6226726770401001	0.25179731845855713	0.6179182529449463	0.919386625289917	0.15846186876296997	0.5124971866607666	0.16616865992546082	0.1972598284482956	0.4169710576534271	1.4488232135772705	0.4158976674079895	0.15379598736763	0.425301730632782	0.3381597697734833	0.5512367486953735	0.5292850732803345	0.4938980042934418	0.35993000864982605	0.8215373158454895	0.27591708302497864	0.5173434615135193	0.2945176064968109	0.526409924030304	0.7060033679008484	0.07360067963600159	0.4555602967739105	0.4191321134567261	0.5474950075149536	0.6684629321098328	0.20648644864559174	0.6202864646911621	0.9059770107269287	0.23923034965991974	0.6537215709686279	0.16587847471237183	0.41693049669265747	0.6295003890991211	0.08153769373893738	0.4403126835823059	0.3523138761520386	0.9296222925186157	0.8819857239723206	0.4515143632888794	0.3073791265487671	0.6144297122955322	1.093109130859375	0.4612908363342285	0.04755716398358345	1.1078262329101562	1.139534592628479	0.5242123603820801	0.24069105088710785	0.31766191124916077	0.33898302912712097	0.4491880238056183	0.5227503180503845	0.06660446524620056	0.5887340307235718	0.44870343804359436	0.8144890666007996	0.7332162857055664	0.5013634562492371	0.389448344707489	0.9607378840446472	0.3328994810581207	0.32018840312957764	0.6887570023536682	0.29232171177864075	0.43873730301856995	0.23423735797405243	0.8065410256385803	0.4817971885204315	0.14313222467899323	0.1756988763809204	0.5070873498916626	0.6327494978904724	0.9070720672607422	0.34379902482032776	0.46039992570877075	0.6004368662834167	0.38202986121177673	0.09068724513053894	0.4005069434642792	0.449059396982193	0.8151886463165283	0.37788793444633484	0.23929303884506226	0.5936644673347473	0.7800279855728149	0.15821100771427155	0.22185736894607544	0.9053476452827454	0.09471961110830307	0.36086371541023254	0.7068585753440857	0.13017243146896362	0.5868120789527893	0.5227543711662292	0.391116201877594	0.683508038520813	0.24232202768325806	0.1321077197790146	0.6518059372901917	0.12961718440055847	0.36998283863067627	0.5114890933036804	0.3553750514984131	0.56647789478302	0.14434054493904114	0.29898640513420105	0.49263885617256165	0.4367632269859314	0.5998163223266602	0.9345020651817322	0.42877405881881714	0.2274627387523651	0.7442732453346252	0.6981096267700195	0.7410669326782227	0.26494523882865906	0.26010000705718994	0.4396738111972809	0.1688092201948166	0.465831458568573	0.8501187562942505	0.6230807900428772	0.401019424200058	0.5019208788871765	0.9078096747398376	0.5773688554763794	0.7993800044059753	0.29659348726272583	0.5583877563476562	0.6362854242324829	0.5734772086143494	0.6586859822273254	0.6072497963905334	0.43287789821624756	0.11586304008960724	0.2106827199459076	1.0021710395812988	0.776152491569519	0.6225229501724243	0.41446858644485474	0.3599373698234558	0.43181636929512024	0.5883165001869202	0.5090563893318176	0.37048131227493286	0.45580169558525085	0.9226787090301514	0.9258260726928711	0.3482154309749603	0.29475656151771545	1.148404598236084	0.4277098774909973	0.8577913045883179	0.3621382415294647	0.6098587512969971	0.2708576023578644	0.8970727324485779	0.603854775428772	0.9111801385879517	0.31215769052505493	0.3236832916736603	0.81694495677948	0.18519213795661926	0.5602248907089233	0.3000485301017761	0.46101707220077515	0.2055710405111313	1.3426967859268188	0.3761093020439148	0.84698486328125	0.3627547323703766	0.6097531914710999	0.4746629297733307	0.7441985607147217	0.41995692253112793	0.30949991941452026	0.40689653158187866	0.4521905481815338	0.16988849639892578	0.17573928833007812	0.6766490340232849	0.3419525921344757	0.5246498584747314	0.19156032800674438	0.3461062014102936	0.8632820844650269	0.22029902040958405	0.47686323523521423	0.11796379834413528	0.5403673648834229	0.6841940879821777	0.256926029920578	0.5578747987747192	0.43139684200286865	0.5984944701194763	0.7597867846488953	0.9547913074493408	0.1845177859067917	0.9366871118545532	0.5444217920303345	1.6404709815979004	0.34395691752433777	0.508044958114624	0.6787363886833191	0.28112539649009705	0.6608071327209473	0.5280753374099731	0.085208959877491	1.0934154987335205	0.3363570272922516	1.4532761573791504	0.41648343205451965	0.8821868300437927	0.5073583126068115	0.5038734078407288	0.9696246385574341	0.6495978236198425	0.0	0.4978848397731781	1.3677260875701904	0.25993043184280396	0.1740519255399704	0.6134644746780396	0.1343492567539215	0.3186478912830353	0.39753592014312744	0.197074756026268	0.39145857095718384	0.21807844936847687	0.2973019778728485	0.39284172654151917	0.2556936740875244	0.25951963663101196	0.5285201072692871	0.4085851311683655	0.7953189015388489	0.8944109082221985	0.9955768585205078	0.2032237946987152	0.29418155550956726	0.4557896852493286	0.45465409755706787	0.6939167976379395	0.43635955452919006	0.9065870046615601	0.12210948765277863	0.5595542192459106	0.33289027214050293	0.39075595140457153	0.7244590520858765	0.725202202796936	0.43498730659484863	0.6017359495162964	0.16545653343200684	0.3878614902496338	0.28602296113967896	0.47805821895599365	0.4289374053478241	0.18094991147518158	0.12255413830280304	0.16379354894161224	0.5136657953262329	0.899002194404602	0.507048487663269	0.45557284355163574	0.5507458448410034	0.7756748199462891	1.4717509746551514	0.9107589721679688	0.6097787618637085	0.5571399927139282	0.6741928458213806	0.26076504588127136	0.5950450897216797	0.3606659471988678	0.5437911152839661	0.26348912715911865	0.3636001944541931	0.5876384973526001	0.7675026655197144	1.0795949697494507	1.2651368379592896	0.5550975799560547	0.2597600817680359	0.5581917762756348	0.438273161649704	0.28095918893814087	0.2132665365934372	0.3337244689464569	0.380676805973053	0.18804605305194855	0.4597115218639374	0.22979244589805603	0.6283619403839111	0.6257952451705933	0.5687270164489746	0.3435809016227722	0.49416977167129517	0.2991292476654053	0.31346696615219116	0.7769757509231567	0.8956078290939331	1.148958683013916	0.4523472189903259	1.2043224573135376	0.9147921800613403	0.6062806844711304	0.4232546091079712	0.17224711179733276	0.48692041635513306	0.455170214176178	0.5222138166427612	0.6935784220695496	0.38059961795806885	0.25614094734191895	0.31207048892974854	0.5856320261955261	0.3282904624938965	0.8601369261741638	0.36153489351272583	0.5836664438247681	0.5370180010795593	0.4220084547996521	0.09605195373296738	0.36612188816070557	0.09771539270877838	0.5665189623832703	0.10115820169448853	0.16347083449363708	0.9169232845306396	0.8135116100311279	0.3276313543319702	0.48956048488616943	0.30827265977859497	0.3887917101383209	0.37553688883781433	0.3167489767074585	0.13823020458221436	0.3266981840133667	0.4921114444732666	0.34675222635269165	0.6850302219390869	0.5800582766532898	0.35013478994369507	0.24051633477210999	0.07337890565395355	0.9292648434638977	0.2183818817138672	0.9820663928985596	0.24803906679153442	0.10956068336963654	0.6477082967758179	0.3042868375778198	0.0004902239888906479	0.4885866045951843	0.5997951626777649	0.5134483575820923	0.2842525541782379	0.30429232120513916	0.5255729556083679	1.129321813583374	0.03172237426042557	0.38468822836875916	0.47091373801231384	1.1889551877975464	0.8647632598876953	0.3478676378726959	0.3271084427833557	0.22389662265777588	0.9305564165115356	0.5058848261833191	0.24709385633468628	0.21283945441246033	0.2643772065639496	0.7811944484710693	0.6939641237258911	0.3352430462837219	0.5616596937179565	0.29501569271087646	0.597277045249939	0.3192038834095001	1.0546857118606567	0.6542500853538513	1.1890925168991089	0.25751736760139465	0.3485208749771118	0.46294575929641724	0.4800403118133545	0.5820311307907104	0.3887196183204651	0.3530566990375519	0.2819630205631256	0.889152467250824	0.8871651291847229	0.5486117601394653	0.2736809253692627	0.509821355342865	0.2260286509990692	0.39880383014678955	0.20899038016796112	0.4416983425617218	0.3794952929019928	0.017521105706691742	0.4156326949596405	0.1412184089422226	0.7499510049819946	1.8211640119552612	0.644201397895813	0.4584653377532959	0.6785591840744019	0.8877822160720825	0.8882710337638855	0.653980553150177	0.5699770450592041	0.049281325191259384	0.3903968632221222	0.3591494560241699	0.8472200632095337	0.22429810464382172	0.10258365422487259	0.6072643995285034	0.827973484992981	0.6833735108375549	0.260616272687912	0.579595685005188	0.8219473361968994	0.20928235352039337	0.17672397196292877	1.0318784713745117	0.15594184398651123	0.4310580790042877	0.7818989157676697	0.24805650115013123	0.22292670607566833	0.5134787559509277	0.24676690995693207	0.6517312526702881	1.1509751081466675	0.48812535405158997	0.4211811423301697	0.6814786791801453	0.09866542369127274	0.4471014738082886	0.284961998462677	0.36550045013427734	0.697979211807251	0.34658703207969666	1.2408196926116943	0.4199010133743286	0.35601040720939636	0.44393056631088257	0.6328518390655518	0.3909042775630951	0.46080338954925537	0.2879771888256073	0.39820414781570435	0.19367370009422302	0.3491007387638092	0.2182673066854477	0.3191092312335968	0.2506665587425232	0.7196881771087646	0.19032230973243713	0.14814473688602448	0.3556167185306549	0.8382861018180847	0.41611820459365845	0.876510500907898	0.43446123600006104	0.7634073495864868	0.8468944430351257	0.5298830270767212	0.44072625041007996	0.4245138466358185	0.05380144715309143	0.23892487585544586	0.7368228435516357	0.5145378708839417	1.0017307996749878	0.30041950941085815	0.9132508039474487	0.5913230776786804	0.23047135770320892	0.2876923084259033	0.392979234457016	0.11502346396446228	0.8569523692131042	0.28296154737472534	0.35780787467956543	0.6779577136039734	0.4048674404621124	0.20041584968566895	0.5856987833976746	0.49037036299705505	0.5523542761802673	0.34785065054893494	0.6845109462738037	0.1457856446504593	0.22977398335933685	1.0890339612960815	0.6758134365081787	0.4393678307533264	0.48764780163764954	0.29743000864982605	0.08979039639234543	0.2718746066093445	0.36609700322151184	0.24379010498523712	0.45063453912734985	0.44056808948516846	0.37099066376686096	1.0398210287094116	0.5244885087013245	0.3628128170967102	0.3858177959918976	0.5165618658065796	0.6242319345474243	0.37368470430374146	0.5671550631523132	0.15505802631378174	0.92746502161026	0.4179462492465973	0.5578911304473877	0.3865976929664612	0.6645278930664062	0.25801515579223633	0.3383519947528839	0.5193161964416504	0.5909112691879272	0.21351876854896545	0.3896130323410034	0.46360594034194946	0.0340118482708931	0.8483876585960388	0.33353379368782043	0.5219588875770569	0.3617987334728241	0.6497540473937988	0.4744912087917328	0.9211075305938721	1.182262659072876	0.583358108997345	0.26556965708732605	0.5901191234588623	0.609362781047821	0.3624034821987152	0.5424959659576416	0.9422049522399902	0.40512406826019287	0.2919022738933563	0.5098369121551514	0.48466071486473083	0.2744271755218506	0.154563307762146	0.26830777525901794	0.8903607130050659	0.3506067097187042	0.30642279982566833	0.3598680794239044	0.4162490665912628	0.251442551612854	0.5639801621437073	0.3290885090827942	0.5663376450538635	0.28232377767562866	0.4500541090965271	0.18645638227462769	0.27036935091018677	0.5438115000724792	0.1592014729976654	0.21060636639595032	0.13140326738357544	0.5049871802330017	0.40023359656333923	0.3144409656524658	0.5371977686882019	0.5080127716064453	0.13956840336322784	0.43420279026031494	0.7042240500450134	0.6658273935317993	0.5266260504722595	0.3916902542114258	0.6511891484260559	0.4272395074367523	0.1829250454902649	0.6679492592811584	0.47277119755744934	0.8231291770935059	1.113989233970642	0.9418434500694275	0.4217354655265808	0.6303149461746216	0.6142329573631287	0.2351449429988861	0.6564440727233887	0.744321346282959	0.5796738862991333	0.733288049697876	1.6665918827056885	0.20861144363880157	0.4248272776603699	0.3539139926433563	1.233047604560852	0.19982075691223145	0.3166053891181946	0.2870486080646515	0.6354900002479553	0.4724939465522766	0.09106713533401489	0.21327431499958038	0.7763800024986267	0.6887550354003906	1.0252752304077148	0.331129789352417	0.4712132215499878	0.4875190556049347	0.4184293746948242	0.1752687394618988	0.3103792071342468	0.7729732990264893	1.1736012697219849	0.8358817100524902	0.3282822370529175	0.2830582857131958	0.6642512679100037	0.49669045209884644	0.28706085681915283	0.8245359659194946	0.7153820395469666	0.6558171510696411	0.24809350073337555	0.5090963244438171	0.4405873119831085	0.1277073472738266	0.7415831685066223	0.19272780418395996	0.40760669112205505	0.009269677102565765	0.5283324122428894	0.8933554291725159	0.6947882175445557	0.41795557737350464	0.5794100165367126	0.48248863220214844	0.11494259536266327	1.089787244796753	0.20468544960021973	0.5624538660049438	0.5670652389526367	0.14210279285907745	0.5001110434532166	0.7194302082061768	0.33769816160202026	1.7340093851089478	0.3101876378059387	0.47875314950942993	0.4922270178794861	0.5057756304740906	0.14610405266284943	0.26578032970428467	0.07787509262561798	0.08690007776021957	0.3369971811771393	0.6120263934135437	0.7433695197105408	0.22329622507095337	0.444730281829834	0.4921211302280426	0.10902766138315201	0.8888875246047974	0.3837123215198517	0.8392321467399597	0.34734708070755005	0.5489330291748047	1.0183930397033691	0.3613748550415039	0.47497278451919556	0.7925750613212585	0.2735865116119385	0.3697062134742737	0.4805702865123749	0.2213628739118576	0.4303618371486664	0.9231879711151123	0.32335302233695984	0.3857203722000122	0.8467434644699097	0.7117889523506165	0.7757965326309204	0.6145477890968323	0.3158923387527466	0.04991723597049713	0.2823631763458252	0.6448688507080078	0.7702072858810425	1.1002063751220703	0.9815118908882141	0.20750460028648376	0.17289821803569794	0.9115527868270874	0.4148302972316742	0.15889811515808105	0.7980239391326904	0.8952112197875977	0.5072713494300842	0.4751177430152893	0.46293485164642334	0.41161400079727173	0.5071913599967957	0.4141274392604828	0.4278002083301544	0.797868013381958	1.0183558464050293	0.5836036205291748	0.19805093109607697	0.8457581996917725	0.27466076612472534	0.5165697932243347	0.6905280351638794	0.5016509890556335	0.10068006068468094	2.226956605911255	0.47021496295928955	0.11229883879423141	0.36941632628440857	1.2888883352279663	0.5847099423408508	0.08232894539833069	0.1452842503786087	0.44677630066871643	0.7955474257469177	0.22745348513126373	0.2830619513988495	0.37152543663978577	0.4902905523777008	0.4839055836200714	0.5533905625343323	0.09817273914813995	0.3404291570186615	0.29193243384361267	0.33389654755592346	0.1623750776052475	0.34525611996650696	0.38416653871536255	0.6500599384307861	0.3149612545967102	0.381216824054718	0.6473832130432129	0.4616760015487671	0.8997471332550049	0.44707468152046204	0.7161157131195068	1.383301854133606	0.8967428207397461	0.5004244446754456	0.3108445405960083	0.3012174963951111	0.5024378895759583	0.5084502696990967	0.4279487133026123	0.29338037967681885	0.4315197765827179	0.43746867775917053	0.5944741368293762	0.16827014088630676	0.4721406102180481	1.1215238571166992	0.47116518020629883	0.40107226371765137	0.7245842218399048	0.33109575510025024	0.6436101794242859	0.5173692107200623	0.04507875815033913	0.5498787760734558	0.2786538302898407	0.5544334053993225	0.683417797088623	0.04022199660539627	0.7533239722251892	0.44789764285087585	0.36629924178123474	0.4892922639846802	0.12084546685218811	0.3274845480918884	0.44768232107162476	0.5243223905563354	0.25303733348846436	0.9180976152420044	0.7857139110565186	0.058505747467279434	0.6848708987236023	0.2282087504863739	0.21617786586284637	0.46604278683662415	0.24166133999824524	0.5518171787261963	0.5195399522781372	0.3076406419277191	0.8144022226333618	0.3168140649795532	0.17755331099033356	0.4775470793247223	0.36024385690689087	0.31057748198509216	0.8396626114845276	0.2091750204563141	0.37696993350982666	0.22457727789878845	0.20250815153121948	0.2894512712955475	0.3745914101600647	0.5625458359718323	0.6123847961425781	0.6598252058029175	0.98642897605896	0.3167209029197693	0.8034814596176147	0.5653292536735535	0.5091381072998047	0.7273451685905457	0.7883602380752563	0.34002190828323364	0.45100462436676025	0.7879738807678223	0.2696973383426666	0.541888415813446	0.25626736879348755	0.6722704172134399	0.16790252923965454	0.4754107594490051	0.3589255213737488	0.6515263915061951	0.3000951111316681	0.2424924075603485	0.07511893659830093	0.7108098268508911	0.4729747176170349	0.6299837231636047	0.986175000667572	0.6045510172843933	0.27774757146835327	0.6192473769187927	0.47291767597198486	0.21985092759132385	1.0432575941085815	0.5471826791763306	0.2440156191587448	0.19708511233329773	0.0878162831068039	0.6981048583984375	0.3389143943786621	0.2168850153684616	0.7248271107673645	0.6521369814872742	0.5661341547966003	0.4341261684894562	0.7092430591583252	0.708539605140686	0.1363372802734375	0.6500392556190491	0.5217087864875793	0.7003734111785889	0.5269049406051636	0.2670753598213196	0.6733618974685669	0.4071548283100128	0.6509020924568176	0.6122105717658997	0.3957737386226654	0.6148043870925903	0.35697802901268005	0.16502124071121216	0.36258652806282043	0.39556023478507996	0.4978328347206116	0.968089759349823	0.5374652147293091	0.038508616387844086	0.623887836933136	0.6504822373390198	1.172256588935852	0.46577346324920654	1.370835781097412	0.49935007095336914	0.2030278742313385	0.2821905016899109	0.9142464399337769	0.545555591583252	0.514190673828125	0.6363367438316345	0.3447701632976532	0.17424558103084564	0.5190315246582031	0.26803886890411377	1.005990743637085	0.861297070980072	0.14411325752735138	0.14004775881767273	0.2839449644088745	0.6633179187774658	0.5535277128219604	0.5421148538589478	0.259994775056839	0.4769810140132904	0.23242877423763275	1.235763669013977	0.5648462176322937	0.39817458391189575	0.554816484451294	0.448248952627182	0.13788984715938568	0.4457131028175354	0.21299155056476593	0.33479011058807373	0.4711562991142273	0.6519185304641724	0.5018821954727173	0.6965630054473877	0.5583530068397522	0.20270591974258423	0.7530337572097778	0.1421346813440323	0.09618055075407028	0.372172087430954	0.4383317828178406	0.19136661291122437	0.36503875255584717	0.1351313292980194	0.6619383096694946	0.39862972497940063	0.07244549691677094	1.2063612937927246	0.30814260244369507	0.7151727080345154	0.4282189607620239	0.3956240117549896	0.40409278869628906	0.3705015778541565	0.4776512384414673	0.4001530408859253	0.6225414872169495	0.7354176044464111	0.4170989990234375	0.5606712102890015	0.2602640390396118	0.8159588575363159	0.19454775750637054	0.4928150773048401	0.6823471188545227	0.711958646774292	0.4214749038219452	0.3714028596878052	1.1254326105117798	0.24601039290428162	0.2964208424091339	0.6215602159500122	0.5948159098625183	0.3949871063232422	0.5825625658035278	0.5419090986251831	0.455290824174881	0.25179725885391235	0.41633325815200806	0.7620089054107666	1.0428283214569092	0.6570348143577576	0.28300973773002625	0.6601806879043579	0.6778718829154968
0.05026036873459816	0.4592469334602356	0.47597983479499817	1.0239540338516235	1.495089054107666	0.44561758637428284	0.2979176342487335	1.0023858547210693	1.0795971155166626	0.2127494066953659	1.3257408142089844	0.24076887965202332	0.13408643007278442	0.5512673854827881	0.7687362432479858	0.07824917882680893	0.4080086946487427	0.7120213508605957	0.5338653326034546	0.4523087739944458	0.73749178647995	0.25217926502227783	0.971321165561676	0.29523202776908875	0.797527551651001	0.3773673176765442	0.785184383392334	0.7186763286590576	0.7412670254707336	0.522121787071228	0.24154552817344666	0.5638784170150757	0.03147851303219795	0.5145063400268555	0.38579103350639343	0.4759524166584015	0.16618439555168152	0.8252148032188416	0.6115381717681885	0.8814817070960999	0.5743468999862671	1.092882513999939	0.30629560351371765	0.549828052520752	0.1642320305109024	0.12086982280015945	0.38400036096572876	1.0036463737487793	0.6410397291183472	0.5053364634513855	0.9919450283050537	0.7655316591262817	1.0271022319793701	0.47271278500556946	0.7097723484039307	0.24499011039733887	0.6135263442993164	1.008213758468628	0.47478994727134705	0.7800568342208862	0.2818411886692047	1.0734727382659912	0.14200790226459503	0.38728004693984985	0.490774005651474	0.44383296370506287	0.7376449704170227	0.4193546772003174	0.3465181887149811	0.7165899872779846	0.23825454711914062	0.5528957843780518	1.2850000858306885	0.3962976038455963	0.59670090675354	0.7321208715438843	0.28426259756088257	0.5347842574119568	0.28966251015663147	0.8394362926483154	0.45863330364227295	0.28861722350120544	0.5087953209877014	0.15305092930793762	0.00540502741932869	0.38878366351127625	0.36639294028282166	0.4836471378803253	0.8897268176078796	0.37143829464912415	0.38206663727760315	0.6097771525382996	0.3929171860218048	0.4351874887943268	0.5844074487686157	0.47690296173095703	0.5703667998313904	0.797846257686615	0.40239959955215454	0.5512763857841492	0.22385402023792267	0.3019524812698364	0.2832965850830078	0.027223221957683563	0.3026735484600067	0.2888750433921814	0.5773590803146362	1.651419997215271	0.8277100324630737	0.519542932510376	0.6694915294647217	0.8711048364639282	0.37535640597343445	0.11452342569828033	0.3807543218135834	0.5110728740692139	0.3885745704174042	0.6494603157043457	0.056367646902799606	0.702790379524231	0.9114739298820496	0.14574626088142395	0.7457877397537231	0.36283865571022034	0.6671156883239746	0.7672077417373657	0.2943078279495239	0.4360840916633606	0.5135336518287659	0.211673304438591	0.2672775685787201	0.9166187047958374	0.26923730969429016	0.07136668264865875	0.30355358123779297	0.07070723921060562	0.4249736964702606	0.24105316400527954	0.3211597800254822	0.18038883805274963	0.21254511177539825	0.2604161500930786	1.079604148864746	0.3623727262020111	0.5627291202545166	0.8963512778282166	0.06267782300710678	0.271882563829422	0.9177129864692688	0.11150334775447845	0.1529313325881958	0.23985016345977783	0.6420687437057495	1.0129895210266113	0.1537957489490509	0.49787476658821106	0.33721598982810974	0.9621109962463379	0.23664936423301697	0.7252275943756104	0.9948140978813171	0.7099087238311768	0.6376144886016846	0.5360699892044067	0.5636072754859924	0.4592968225479126	0.13437695801258087	0.1592138558626175	1.2629934549331665	1.2177600860595703	0.07647687196731567	0.2634366750717163	0.5663803815841675	0.6384769678115845	0.6363545060157776	0.16885235905647278	0.5336645245552063	0.3805358111858368	0.4798901081085205	0.24110454320907593	0.22895251214504242	0.10918699949979782	0.516701340675354	1.049973487854004	0.8252570629119873	0.3661228120326996	0.31094881892204285	0.22245332598686218	1.2452858686447144	0.977953314781189	0.1738760620355606	0.12150716036558151	0.24899810552597046	1.0075408220291138	0.31806790828704834	0.7157450914382935	0.6777368783950806	0.5646250247955322	0.16379019618034363	0.8925271034240723	1.0368772745132446	0.43710803985595703	0.3642396032810211	0.2907648980617523	0.17894917726516724	1.0046783685684204	0.8555381298065186	0.45227956771850586	1.096266269683838	0.890188455581665	0.3179073929786682	0.2273164689540863	0.28094303607940674	0.5369964838027954	0.2146405279636383	0.7001840472221375	0.3789747655391693	0.7213957905769348	0.47025930881500244	1.2596888542175293	0.736847996711731	0.4020892083644867	0.17987322807312012	0.688701868057251	0.5615930557250977	0.6354470252990723	0.49712008237838745	0.6288512349128723	0.7960374355316162	0.9414318203926086	0.8945712447166443	0.3201151490211487	0.42672914266586304	0.1750592589378357	0.19381776452064514	0.28382086753845215	0.33492571115493774	0.35729825496673584	0.6953008770942688	0.2534573972225189	0.35929304361343384	0.6243327260017395	0.2693065404891968	0.29326629638671875	0.48229217529296875	0.30135709047317505	1.1189320087432861	0.381786972284317	0.2812461853027344	0.47977402806282043	0.6484002470970154	0.8063615560531616	0.2160939872264862	1.1672476530075073	0.7748353481292725	0.7242023348808289	0.02441662736237049	0.8208370208740234	1.0390409231185913	0.22608357667922974	0.08077484369277954	0.4777655005455017	0.4355558156967163	0.47727832198143005	0.807197093963623	0.28940311074256897	0.8340651988983154	0.12739655375480652	0.33486729860305786	0.8861382007598877	0.3166345953941345	0.5478196144104004	1.426010251045227	0.4264877140522003	0.006321818567812443	0.3527306914329529	0.5696744322776794	0.20295923948287964	0.6168893575668335	1.3741947412490845	0.7666382789611816	1.145495891571045	0.5487995147705078	0.35034462809562683	0.23891140520572662	0.1429046392440796	0.6092153191566467	0.523999035358429	0.8269791603088379	0.4704016149044037	0.8887642025947571	0.30652135610580444	0.7073099613189697	0.3936592638492584	0.23458369076251984	0.5317221283912659	1.0440701246261597	0.7019911408424377	1.1079092025756836	0.806067705154419	0.4659571051597595	0.7197325229644775	0.27523374557495117	0.6347264051437378	0.5262647271156311	0.1678323894739151	0.9333677291870117	0.2717193365097046	0.24439314007759094	0.9830007553100586	1.300566554069519	1.3069536685943604	0.444227397441864	1.1097509860992432	0.741399884223938	0.9142942428588867	0.4453120231628418	0.9435308575630188	0.4005601704120636	0.810951292514801	0.614672839641571	0.7904109358787537	0.8030773997306824	0.6745795607566833	0.6280790567398071	0.8333016037940979	0.27156057953834534	0.4381932020187378	0.2272833287715912	1.263403058052063	0.28303539752960205	0.35564833879470825	0.3381763696670532	0.2840407192707062	1.0627938508987427	0.4738028943538666	0.8974988460540771	0.8660925626754761	0.5366093516349792	0.6262876987457275	0.3254941701889038	0.13278937339782715	0.2018236368894577	0.402618944644928	0.42749831080436707	0.4673004150390625	0.4059562087059021	0.495889812707901	0.4366528391838074	0.5929945707321167	0.4876480996608734	0.41460922360420227	0.3322625160217285	1.0186182260513306	0.3584132194519043	0.437967985868454	0.6896113157272339	0.16121481359004974	0.14700040221214294	0.1801721155643463	1.5009559392929077	0.4053143262863159	0.7154990434646606	0.4700411558151245	0.14107176661491394	0.14816144108772278	0.25238755345344543	1.2563320398330688	0.8028517961502075	0.4186995029449463	0.34675127267837524	0.8927347660064697	0.587881863117218	1.3244510889053345	0.3530235290527344	0.8926538228988647	0.4535061717033386	0.6090515851974487	0.05378179997205734	0.4054419696331024	0.14359234273433685	0.5732461214065552	0.2552053928375244	0.5441362261772156	0.47922542691230774	0.5552628636360168	1.276658058166504	0.34592849016189575	0.8519883751869202	0.3136870861053467	0.17075198888778687	1.2411515712738037	0.26456043124198914	1.2361187934875488	0.0	0.2216649055480957	1.0372449159622192	0.4133128225803375	0.05596084147691727	0.244190976023674	1.092724323272705	0.6407890319824219	0.3634600043296814	0.9620102643966675	0.2225991189479828	0.4164530336856842	0.25048932433128357	1.0582119226455688	0.27136415243148804	0.23297598958015442	0.03401776775717735	0.0	0.09666978567838669	0.7396249175071716	0.37040817737579346	0.8071981072425842	0.4929050803184509	0.12862467765808105	0.4435802400112152	0.11740367114543915	0.39664754271507263	0.5202013254165649	0.48844075202941895	0.17485256493091583	1.0229078531265259	0.5530393123626709	0.6049119234085083	0.321425199508667	0.588351845741272	0.908113420009613	0.6979848146438599	0.09274104982614517	0.5657364726066589	0.6783085465431213	0.7830126881599426	0.31428399682044983	0.436616986989975	1.0219190120697021	0.4124201536178589	0.5439591407775879	0.8536942005157471	0.591590940952301	0.23118038475513458	0.31474241614341736	0.384717732667923	0.2699187695980072	1.094395399093628	0.8374865055084229	0.48231303691864014	0.7087135314941406	0.2856554090976715	0.3701365292072296	1.2353025674819946	0.430687814950943	0.24608437716960907	0.18251648545265198	0.6059926748275757	0.35744258761405945	0.8410918712615967	0.7320400476455688	1.053820013999939	0.3399765193462372	0.1731397956609726	0.33977824449539185	0.49032270908355713	0.7979443073272705	1.08795166015625	0.7086004614830017	0.1135656014084816	0.5551250576972961	0.6887446045875549	0.33492666482925415	0.48120418190956116	0.19946229457855225	0.11772435903549194	0.4991602897644043	0.19164031744003296	0.6711459755897522	0.955231249332428	0.4777204096317291	0.17776410281658173	0.0736047774553299	0.4533047080039978	1.0884236097335815	1.1540699005126953	0.9028891324996948	0.7123342156410217	0.2511519491672516	0.830731213092804	0.08434396237134933	0.3862697184085846	0.4710087478160858	0.30915775895118713	0.8782870173454285	0.1670628786087036	0.12822674214839935	0.5061357617378235	0.6085752248764038	0.20026439428329468	0.421041876077652	0.6006974577903748	0.3808337450027466	0.7455068826675415	0.6606727242469788	0.25414714217185974	0.8591551184654236	0.4301215410232544	0.6516032814979553	0.7453815937042236	0.3305058181285858	0.5786319971084595	0.16435731947422028	0.5261881947517395	0.996945321559906	0.2665954828262329	0.09186418354511261	0.18100158870220184	0.3418978452682495	0.5647770762443542	0.306529700756073	0.3996715545654297	0.04127999022603035	0.7729105949401855	0.13418953120708466	0.2905910015106201	0.6034035086631775	0.19875581562519073	0.4054388701915741	1.175527572631836	0.3354261815547943	0.7748820781707764	0.5407695174217224	0.2858196496963501	0.9109886288642883	0.20069706439971924	0.2743995487689972	0.346975713968277	0.9362139701843262	0.9962878227233887	0.16631092131137848	1.308769941329956	0.511810302734375	0.8810869455337524	1.1726270914077759	0.4367508590221405	0.49205702543258667	0.17287763953208923	0.20755165815353394	0.04731537774205208	1.1615066528320312	0.13265545666217804	0.6468294858932495	0.6026961207389832	0.09803584218025208	0.4478332996368408	0.35426968336105347	0.7865361571311951	0.6589795351028442	0.411555677652359	1.0323600769042969	0.7311556339263916	0.6528872847557068	0.4542468786239624	0.2540827989578247	0.01691921055316925	0.44137072563171387	0.9263019561767578	0.20871293544769287	0.7364481091499329	0.9141087532043457	0.018621601164340973	0.16274762153625488	1.17720627784729	1.0183076858520508	0.46047091484069824	0.4145168364048004	0.42909544706344604	0.12307566404342651	0.49983644485473633	0.28762584924697876	0.6205742955207825	0.0	0.27079299092292786	0.4232725501060486	0.38401103019714355	0.6724130511283875	0.13344423472881317	0.04086685925722122	0.17904072999954224	0.2754668891429901	0.7426431179046631	1.3265180587768555	0.35272011160850525	0.4426329433917999	1.0251270532608032	0.22695735096931458	0.8174412250518799	0.1106962189078331	0.5360366702079773	0.2659243941307068	0.4827878177165985	0.8353270888328552	0.1144852563738823	0.5505260825157166	0.28761065006256104	0.5551023483276367	0.2948833405971527	0.8134609460830688	0.9255355596542358	1.2185425758361816	0.23260115087032318	0.4449620246887207	0.5076795816421509	1.1761200428009033	0.6774928569793701	1.480687141418457	0.16178996860980988	0.3495997488498688	0.33633098006248474	0.36918020248413086	0.11203040182590485	0.5612896084785461	0.0	0.8973762392997742	0.2769586145877838	0.41762420535087585	0.6197709441184998	0.10467115044593811	0.847234845161438	0.7729910016059875	0.5501620173454285	0.47048234939575195	0.030520521104335785	0.36791518330574036	0.8236602544784546	0.22758415341377258	0.46684664487838745	1.469828486442566	0.4264332354068756	0.47547850012779236	0.9023240208625793	0.7744231820106506	0.3883626461029053	0.2631560266017914	1.0544670820236206	0.4449484348297119	0.47611239552497864	0.2524699568748474	0.42905837297439575	0.660468339920044	0.1840691864490509	0.29542237520217896	0.10560612380504608	0.4668872654438019	0.7334868311882019	0.18691375851631165	0.5370242595672607	0.43886756896972656	0.9373655319213867	0.5316499471664429	0.6258873343467712	1.0550323724746704	0.3032305836677551	0.2604742646217346	0.18896548449993134	0.42205795645713806	0.6757375001907349	0.2024030238389969	0.8820748329162598	0.2337758094072342	0.5418907403945923	0.23553837835788727	0.5215772986412048	0.6109851598739624	0.7666484117507935	0.010857222601771355	1.1149338483810425	0.6230428814888	0.9616889953613281	0.4335114657878876	0.36216241121292114	0.14889006316661835	0.9309679865837097	0.3453044891357422	0.9093607068061829	0.3702026605606079	0.6270957589149475	0.4983929395675659	0.5543931722640991	0.28270456194877625	0.05156230926513672	0.5324549674987793	0.8593090772628784	0.4599531590938568	0.19394944608211517	1.0339350700378418	0.2967272996902466	0.27086934447288513	0.4614841043949127	0.09042248129844666	0.7716146111488342	0.5294542908668518	0.2944060266017914	0.31138181686401367	0.25765353441238403	0.12482187151908875	0.9224593639373779	0.0063877468928694725	0.8423526287078857	0.1420513242483139	0.11179904639720917	0.7490756511688232	1.045307993888855	0.6327536702156067	0.3622627854347229	0.6328545808792114	0.7254396677017212	0.6370358467102051	0.5980398058891296	0.09780678153038025	0.2861000597476959	0.40678808093070984	0.29128870368003845	0.5683438181877136	0.3549078404903412	0.2691795527935028	0.8514644503593445	0.2239735871553421	1.4255768060684204	0.7416913509368896	0.3557279706001282	0.060374338179826736	0.3408094346523285	0.24682284891605377	0.7223799228668213	0.3043537735939026	0.6390532851219177	0.0042494237422943115	0.10778487473726273	0.26334840059280396	0.3049810826778412	0.9477875232696533	0.33347004652023315	0.34418994188308716	0.6934094429016113	0.18576882779598236	0.5791540741920471	0.5236338973045349	0.592177152633667	0.6899311542510986	0.27157288789749146	0.19557520747184753	0.25831496715545654	0.09469872713088989	0.24075430631637573	0.25163012742996216	1.106785774230957	0.16337144374847412	0.24863621592521667	0.011010470800101757	0.33653342723846436	0.12334918230772018	0.0901506096124649	0.3444800078868866	0.23978975415229797	0.21345141530036926	0.5286543965339661	0.9773212671279907	0.5337893962860107	0.6613691449165344	0.3531778156757355	0.6218299865722656	0.20350302755832672	0.38666293025016785	0.40004587173461914	0.3348141014575958	0.11716527491807938	0.5080849528312683	0.21050623059272766	0.1090993881225586	0.08931217342615128	0.2632059156894684	0.7370222210884094	0.1955794095993042	0.5710437893867493	0.7616249918937683	0.23955629765987396	0.8003109097480774	0.3251485824584961	0.759335994720459	0.45569366216659546	0.5395335555076599	0.6627167463302612	0.21720334887504578	0.45356225967407227	0.936130166053772	1.1591135263442993	0.7176589965820312	0.22327473759651184	0.34685975313186646	0.23636507987976074	0.2886301875114441	0.02495301514863968	0.10449444502592087	0.6919787526130676	0.24169468879699707	0.6318674683570862	0.7076625823974609	0.7655421495437622	0.4589638411998749	0.14240965247154236	0.9175506830215454	0.575442910194397	0.24622628092765808	1.3509712219238281	0.5020759701728821	0.0	0.6009025573730469	0.5136928558349609	0.81148761510849	0.35678067803382874	0.4660574793815613	0.7308527231216431	0.17761164903640747	0.08876634389162064	0.2696704566478729	0.0	0.18390430510044098	1.0934369564056396	0.11790580302476883	0.3110126256942749	0.16872340440750122	0.7121645212173462	0.04716122895479202	0.41780054569244385	0.37602776288986206	0.5049929022789001	0.4436441659927368	0.44875532388687134	0.29920142889022827	0.19921112060546875	0.24634431302547455	0.8888454437255859	0.23744213581085205	0.34613680839538574	0.6454342603683472	0.4481707811355591	1.3606446981430054	0.24132542312145233	0.5253431797027588	0.5112067461013794	0.4037588834762573	0.1598600447177887	0.51642906665802	0.04117584973573685	0.24523203074932098	0.2484823763370514	0.4182788133621216	0.4004668593406677	0.3279205560684204	0.1695159375667572	0.20126616954803467	0.3471778631210327	0.24167636036872864	0.4089239239692688	0.4213927090167999	0.25262099504470825	0.38850265741348267	0.35199058055877686	0.7327660918235779	0.37691691517829895	0.4377864897251129	0.4764399826526642	0.6938210129737854	0.5010971426963806	0.5384634733200073	0.2790984809398651	0.7380574941635132	0.3684072494506836	0.32360270619392395	0.05819547921419144	0.014469376765191555	0.7188577651977539	0.21704736351966858	0.4683881103992462	0.7795381546020508	0.13612589240074158	0.6573656797409058	0.17257623374462128	0.537034809589386	0.7327656149864197	0.3432052731513977	0.3860330283641815	0.3234131634235382	0.16916584968566895	0.47451215982437134	0.14726588129997253	0.0	0.8793509006500244	0.0	0.05879531428217888	0.5041733384132385	0.1664372831583023	0.41549354791641235	0.4987112283706665	1.058127999305725	0.542528510093689	0.15776236355304718	0.631611704826355	0.15390662848949432	0.4094524085521698	0.9762583374977112	0.7688102126121521	0.7179244160652161	0.8532667756080627	0.6181146502494812	1.0704773664474487	0.16752372682094574	0.2911137342453003	0.058857470750808716	0.1871759444475174	0.6389738321304321	0.992716372013092	0.8693255186080933	0.8267679214477539	0.45672282576560974	0.35822242498397827	0.0682508647441864	0.9657817482948303	0.6887245178222656	0.7163345217704773	0.6208204627037048	0.9696749448776245	0.6015283465385437	0.33683842420578003	0.4986219108104706	0.31388595700263977	0.05645280331373215	0.435412734746933	0.5949054956436157	0.35890525579452515	0.5381374955177307	0.2752559781074524	0.25196439027786255	0.9895692467689514	0.6570181250572205	0.49229028820991516	0.22202953696250916	0.981077253818512	0.34244778752326965	0.37276265025138855	0.6067885160446167	1.2698383331298828	0.6305209398269653	0.39956170320510864	0.4288593530654907	0.6334149837493896	0.2238665372133255	1.281124472618103	0.10637947916984558	0.1098790168762207	0.6573553681373596	0.2126985341310501	0.6381778717041016	0.4189271032810211	0.4024156928062439	0.7050357460975647	0.49859851598739624	0.0	0.7620401382446289	0.8060652613639832	0.2611443102359772	0.18590392172336578	0.2574816346168518	0.1940574049949646	0.40376031398773193	0.347954124212265	0.7243724465370178	0.06385551393032074	0.2639707624912262	0.7962923049926758	1.1145448684692383	1.0729950666427612	0.49505528807640076	0.3513568937778473	0.41410934925079346	0.8471901416778564	0.49420976638793945	0.8773300051689148	0.09713694453239441	0.6200624108314514	0.045487355440855026	0.07867488265037537	0.8769031167030334	0.14571498334407806	0.7052533626556396	0.42865365743637085	0.8100900650024414	0.20477214455604553	0.33482569456100464	0.11321087181568146	0.5167349576950073	0.8151465058326721	0.13076651096343994	0.5841290950775146	0.2730843424797058	0.9451250433921814	0.2280924916267395	0.7556650638580322	0.23708422482013702	0.3095172941684723	0.2848994731903076	0.4915686845779419	0.4896756112575531	0.33919915556907654	0.12145703285932541	0.5498612523078918	0.40070289373397827	0.6452423334121704	0.40338265895843506	0.0849597230553627	0.7779282927513123	1.4094380140304565	0.2049388885498047	0.6269060969352722	1.0085923671722412	0.40752512216567993	0.361337810754776	1.0160953998565674	0.5203378200531006	0.8272237777709961	0.18165016174316406	0.6008718013763428	1.09932279586792	0.3737318217754364	0.43619880080223083	0.42259857058525085	0.7489017844200134	1.0122236013412476	0.3845365345478058	0.7396953105926514	0.30650052428245544	1.079376459121704	0.7808370590209961	0.4889701008796692	0.7991746664047241	0.7269704937934875	1.217193841934204	0.26759353280067444	0.25587356090545654	0.3158263564109802	0.6389802694320679	0.6450533866882324	0.43082037568092346	0.5891258120536804	0.6746410131454468	0.6084980368614197	0.14796841144561768	0.05810018628835678	0.37845578789711	0.44660115242004395	0.47886839509010315	0.3156449794769287	0.6312548518180847	0.6268336772918701	0.4761303663253784	0.2463717758655548	0.25085070729255676	0.35245949029922485	0.8281874060630798	0.9351656436920166	0.18809330463409424	0.1292809545993805	0.4934343695640564	0.3581814169883728	1.2974714040756226	1.2603774070739746	0.23590222001075745	0.66693115234375	0.3291287422180176	0.18881556391716003	0.9679614305496216	1.3178575038909912	0.38492095470428467	1.3258401155471802	0.43623852729797363	0.9293029308319092	1.0256423950195312	1.2836225032806396	0.427622526884079	0.8187178373336792	0.6057747602462769	0.45068371295928955	0.4090944528579712	1.058806300163269	0.5187975168228149	0.6165344715118408	0.8849577903747559	0.6200311779975891	0.5834740996360779	0.3556632101535797	0.6562378406524658	0.024417132139205933	1.1553831100463867	0.6785861253738403	0.6441579461097717	0.08399877697229385	0.8751506805419922	0.6954641342163086	0.6579480767250061	0.6690011024475098	0.8016740083694458	0.2541860044002533	0.6651375889778137	1.2561938762664795	0.7101768851280212	0.6263654828071594	0.24845793843269348	0.05649252235889435	0.377853661775589	0.7814257144927979	1.646807074546814	0.3618078827857971	0.6039109826087952	0.2504565119743347	0.25939106941223145	0.36021119356155396	1.0544432401657104	0.48454734683036804	0.14664845168590546	0.49708014726638794	0.327787309885025	0.8369603753089905	0.11552012711763382	0.2347724586725235	0.5761405825614929	1.1229231357574463	0.8774144649505615	0.03680209442973137	0.5705081224441528	0.14264774322509766	0.3598409593105316	0.26721468567848206	0.5132231116294861	0.2903139293193817	0.4070042669773102	0.7329037189483643	1.2034399509429932	0.45878514647483826	0.332644522190094	0.9231859445571899	0.6644637584686279	0.4827076196670532	0.6847460269927979	0.8532599806785583	0.6539608240127563	0.44709891080856323	0.19488023221492767	1.063862919807434	0.48634904623031616	0.8209158778190613	0.5097402334213257	0.16970624029636383	0.31249260902404785	0.06157858669757843	1.0091619491577148	0.6899735331535339	0.2443131059408188	0.0	0.33199542760849	0.3817366063594818	1.0075676441192627	0.6349436044692993	0.29115965962409973	0.2841261327266693	0.27925971150398254	0.2277888059616089	1.0525802373886108	0.34026139974594116	0.3170328736305237	0.964006781578064	0.4081631302833557	0.5544068813323975	0.854205310344696	0.5924935936927795	0.048627518117427826	0.20398348569869995	0.9820142984390259	0.2976073622703552	1.062924861907959	0.7780709862709045	0.8010278940200806	0.1911235898733139	0.25303831696510315	0.45516708493232727	0.34513309597969055	0.2053350955247879	0.565450131893158	0.5643318891525269	0.7614021301269531	0.20983107388019562	0.6266544461250305	0.1937558650970459	0.5762315392494202	0.5147076845169067	0.5946481227874756	0.5606523752212524	0.7073606848716736	0.8364664912223816	0.40182942152023315	0.2906854450702667	1.0610426664352417	0.3316628038883209	0.011278059333562851	0.8027966022491455	0.6974060535430908	0.4593754708766937	0.7552562952041626	0.5351926684379578	0.22028109431266785	0.3236519694328308	0.4105837941169739	0.20324113965034485	1.388553500175476	1.7772719860076904	1.4282710552215576	0.10243510454893112	0.2058403193950653	0.14918513596057892	0.713496208190918	0.21118783950805664	0.6504551768302917	0.3935907185077667	0.3786962628364563	0.5303524732589722	1.3642771244049072	0.26169294118881226	0.9406933188438416	0.4719019830226898	0.08263108134269714	0.2768120765686035	0.037968747317790985	0.04956759884953499	0.30542948842048645	1.093895673751831	0.5508467555046082	0.7803798913955688	0.25845885276794434	0.17853304743766785	1.2207589149475098	0.8466658592224121	0.28252625465393066	0.695871114730835	0.5281203985214233	0.9727563261985779	0.2981308102607727	0.5711526870727539	0.4127272367477417	0.3090802729129791	0.8007683753967285	0.12416841834783554	0.5919539928436279	0.8523182272911072	0.3225327432155609	0.26297667622566223	0.22633318603038788	0.7914788126945496	0.0363461971282959	0.35352352261543274	0.7582800388336182	0.42548319697380066	0.3596508204936981	0.7587839961051941	0.9290125370025635	0.10419321060180664	0.3610970973968506	0.3701927661895752	0.9362989068031311	0.7424861192703247	0.3945569396018982	0.373185932636261	0.30431073904037476	1.0596269369125366	0.35864317417144775	0.6705294847488403	0.21347075700759888	0.41563674807548523	0.734557032585144	0.5703516602516174	0.7230997085571289	0.3680962920188904	0.6611555814743042	0.21262840926647186	0.2202443927526474	0.3978240191936493	0.4695465862751007	0.9233039617538452	0.2553021311759949	0.0805053636431694	0.9622222185134888	0.3223571181297302	0.1929594725370407	0.5423228144645691	0.5870383977890015	0.23658239841461182	0.6435551643371582	0.5307456254959106	0.42123502492904663	0.29456284642219543	0.1306699514389038	0.3130139708518982	0.26465168595314026	0.5737360715866089	1.3079042434692383	0.004180606454610825	0.5243237018585205	0.013075132854282856	0.9247499704360962	0.6803769469261169	0.8443959951400757	0.6682578921318054	0.3158658444881439	0.13946011662483215	0.888271152973175	0.3988781273365021	0.7244988679885864	1.5260725021362305	0.8891875147819519	0.5451988577842712	0.4694429636001587	0.3045353293418884	0.21652823686599731	0.060738734900951385	0.6710406541824341	0.0787360817193985	0.3730824291706085	0.6963514685630798	0.4048752784729004	0.37542274594306946	0.4731411933898926	0.3940190076828003	0.6695988178253174	0.7085325121879578	0.6915940046310425	1.5300774574279785	0.9632216691970825	0.6302558779716492	1.0666865110397339	1.0717265605926514	0.16124245524406433	0.9512985348701477	0.6094330549240112	0.24600547552108765	0.25756219029426575	0.40837669372558594	0.4526979327201843	0.079543836414814	0.08705353736877441	0.14007361233234406	0.4017353951931	0.32326650619506836	0.09938021004199982	0.08251786231994629	0.6009183526039124	0.5148219466209412	0.064717136323452	0.23328351974487305	0.4846535623073578	0.7995173931121826	0.10955630987882614	0.35165029764175415	0.4312199056148529	0.6169946789741516	0.3947482407093048	0.5504437685012817	0.4893062114715576	0.48306649923324585	0.7524558305740356	0.041677817702293396	0.9136108160018921	0.30145615339279175	0.7259636521339417	0.3166162669658661	0.06850294023752213	0.38485950231552124	0.35188376903533936	0.5025103688240051	0.7899402976036072	0.427315890789032	0.28756141662597656	0.5852142572402954	0.018921688199043274	0.3302459418773651	0.5690202116966248	0.2612505853176117	0.5953707695007324	0.12981536984443665	0.6053421497344971	0.7340022325515747	1.40864098072052	0.15557043254375458	0.11656004190444946	0.20216849446296692	0.026294387876987457	0.9679704904556274	0.47988682985305786	0.3619326651096344	0.0	0.5935108661651611	0.9856154918670654	0.7773752808570862	0.9321094155311584	0.5274899005889893	0.7463917136192322	0.5001038908958435	0.4791671931743622	0.5933986902236938	0.6302587389945984	0.08286798745393753	0.9279241561889648	1.0145184993743896	0.2640535235404968	0.18170036375522614	0.5633211731910706	0.48181578516960144	0.18339496850967407	0.21583308279514313	0.033798862248659134	0.5153539180755615	0.24662764370441437	0.6298878192901611	0.45897942781448364	0.20981034636497498	0.2934749722480774	0.36828577518463135	0.23130930960178375	0.09402015805244446	0.5800083875656128	0.8525450229644775	0.9012795090675354	0.7703078985214233	0.8421468734741211	0.1826736032962799	0.26574766635894775	1.541412353515625	0.2457599639892578	0.8782863020896912	0.7045615911483765	1.0279871225357056	0.41071617603302	0.24111199378967285	0.07503463327884674	0.533589243888855	0.1527845412492752	0.3037739098072052	0.0	0.3638533353805542	0.9659687876701355	1.4848780632019043	0.6000030040740967	0.11654739826917648	0.20632360875606537	1.093271255493164	0.26821860671043396	0.6695744395256042	0.1255498230457306	0.24675291776657104	0.5777443051338196	0.29860231280326843	1.0546727180480957	0.6638003587722778	0.4152923822402954	0.7274588346481323	0.6675047874450684	0.465427041053772	0.12552329897880554	0.3720165193080902	0.49401915073394775	0.8398028016090393	0.8543975949287415	0.9468912482261658	0.15721353888511658	0.8554080724716187	0.07416199147701263	0.8720669150352478	0.49546554684638977	0.8134300708770752	0.8058360815048218	0.05157637223601341	0.9110745787620544	0.39974820613861084	0.9752544164657593	0.44933515787124634	0.5799041390419006	1.1751749515533447	0.39381399750709534	0.07604096829891205	1.1509425640106201	0.42456233501434326	0.34542006254196167	0.7487441301345825	1.479338526725769	1.162440299987793	0.14287275075912476	0.5490686297416687	0.2501541078090668	0.25147655606269836	0.6602571606636047	0.6315336227416992	0.6145085096359253	0.3739035725593567	0.2679254412651062	0.558790922164917	0.3333326578140259	0.8108307123184204	0.09363129734992981	1.1575298309326172	0.28186455368995667	0.4826844036579132	0.4989611506462097	0.30823656916618347	0.5855979919433594	0.9648281931877136	0.24245594441890717	0.6472654342651367	0.3762114644050598	0.47729891538619995	0.6738945245742798	0.8163346648216248	0.49216994643211365	0.22056277096271515	0.796339750289917	0.7994269728660583	0.1456678807735443	0.23633745312690735	0.5726127028465271	0.07490617036819458	0.7622121572494507	0.48474612832069397	0.2692863941192627	0.8458408713340759	0.2944740056991577	0.35076645016670227	0.5265946984291077	0.16764919459819794	0.11216407269239426	0.5207899808883667	0.6107468008995056	0.32366007566452026	0.9695810675621033	0.5548759698867798	0.3918706774711609	0.14138738811016083	0.7331175804138184	0.31743323802948	0.20039531588554382	0.7877206206321716	0.6492433547973633	0.4575124680995941	0.8623913526535034	0.9942739009857178	0.6143825650215149	0.3413468599319458	0.4820754826068878	0.3686375319957733	0.13346293568611145	0.6513545513153076	0.4644010663032532	0.5526772737503052	0.8772344589233398	0.32791799306869507	0.48041632771492004	0.3691534996032715	0.6266292333602905	0.2158462405204773	0.2834460735321045	0.9275023937225342	0.2984783351421356	0.46572211384773254	0.9356914758682251	0.30944082140922546	0.43217194080352783	0.5401806235313416	0.3711835443973541	0.24661454558372498	1.079709529876709	0.5416840314865112	0.9473900198936462	0.21161873638629913	0.5491048097610474	0.6705546379089355	0.42204052209854126	0.32715874910354614	0.7614753842353821	0.5831418037414551	0.6923037767410278	0.3580247163772583	0.8746835589408875	0.5034281015396118	0.7310435771942139	0.09639982879161835	0.07464683800935745	0.6596989631652832	0.4639517068862915	1.0110348463058472	0.38594985008239746	1.1921477317810059	0.338778018951416	0.5340779423713684	0.0483805350959301	0.16941213607788086	1.525555968284607	0.5453089475631714	0.47090062499046326	0.3034480810165405	1.2576364278793335	0.5446271896362305	1.2193279266357422	0.8875242471694946	0.5688856840133667	1.248245120048523	0.11186335980892181	1.1690056324005127	0.014160001650452614	0.6828338503837585	0.8769614100456238	0.20892326533794403	0.09928983449935913	0.6270317435264587	0.8823665380477905	0.13424590229988098	1.2365227937698364	0.9159796237945557	0.5702117681503296	0.6682977080345154	0.6373727917671204	0.3914811909198761	0.4148191809654236	0.7360274195671082	0.3659556806087494	0.26316094398498535	0.367593377828598	0.3933272659778595	0.5820567607879639	0.34137192368507385	0.36658188700675964	0.37185153365135193	0.14465340971946716	0.45099058747291565	0.8015209436416626	0.19914333522319794	1.0747463703155518	0.30087876319885254	0.4617355465888977	0.22262704372406006	0.2244422286748886	0.6573931574821472	1.0542747974395752	0.7504606246948242	0.22232522070407867	0.4205138385295868	0.5616649985313416	0.07540549337863922	0.19700191915035248	0.8086159825325012	1.2011348009109497	0.6525709629058838	0.35363683104515076	0.39195382595062256	0.3942791819572449	0.7521851062774658	0.24926643073558807	0.8280894160270691	0.3023654520511627	0.36627453565597534	0.45109841227531433	0.776155412197113	0.2905861735343933	0.3370794653892517	0.33088332414627075	1.3749297857284546	0.170259028673172	0.2113758623600006	0.22035303711891174	0.7235440015792847	0.11713168025016785	0.10972495377063751	0.1497817039489746	0.5723062753677368	0.4127011001110077	0.18831108510494232	0.3339477479457855	0.4831402599811554	0.41442441940307617	0.900719940662384	0.3467005789279938	1.0176279544830322	0.2110375165939331	0.14938391745090485	1.1556954383850098	0.1711263805627823	0.26375043392181396	0.5405566096305847	0.9422180652618408	0.20950880646705627	0.5208443403244019	0.13531705737113953	0.5775055885314941	0.9636240005493164	0.33198902010917664	0.6720974445343018	0.4972686171531677	0.7502418756484985	0.3987882733345032	0.9713595509529114	1.2204768657684326	0.5393694639205933	0.4459719657897949	0.12002472579479218	0.5697707533836365	0.09106198698282242	0.5550114512443542	0.7504474520683289	1.120662808418274	0.2154729664325714	0.10831757634878159	0.49572014808654785	0.3563143014907837	0.32897239923477173	0.6237209439277649	0.13419556617736816	0.5813273787498474	0.24255001544952393	0.508579432964325	0.5368602871894836	0.3006245493888855	0.5551080703735352	0.6629402041435242	0.26442018151283264	0.08709067851305008	0.4731179475784302	1.0995867252349854	1.034720778465271	0.058216437697410583	0.30465570092201233	1.6039308309555054	0.1972932368516922	0.7480978965759277	1.2591466903686523	0.42275187373161316	0.5100548267364502	0.37598562240600586	0.7848955392837524	0.49459096789360046	1.0267858505249023	0.2435609996318817	0.452767014503479	0.6211624145507812	0.7268998026847839	0.10753442347049713	0.42422375082969666	0.1686781793832779	0.6869939565658569	0.5762495994567871	0.5058412551879883	0.23721227049827576	0.040853943675756454	0.5098261833190918	0.4737168550491333	0.10388758778572083	0.9474170207977295	0.4086238741874695	0.49604320526123047	0.5368107557296753	0.33292144536972046	1.2610291242599487	0.25152787566185	0.47409018874168396	0.6526011824607849	0.30466392636299133	0.3455071449279785	0.47724467515945435	0.6787155866622925	0.46077561378479004	0.48482444882392883	0.49713414907455444	0.0	0.43158161640167236	0.2785140872001648	0.2337101548910141	1.0546668767929077	0.4535153806209564	0.8141666054725647	0.5006101131439209	0.24204739928245544	0.329889714717865	0.2996833026409149	0.6889391541481018	0.482757568359375	0.4177040755748749	0.34259530901908875	0.4331158399581909	0.42117348313331604	0.8233214616775513	0.7924660444259644	0.07577061653137207	0.49555909633636475	0.7453708052635193	0.5598575472831726	0.41529732942581177	0.918420672416687	0.2679228186607361	0.3670259416103363	0.6864933371543884	0.5719533562660217	0.00047178566455841064	0.7790653109550476	0.1536911129951477	0.739268958568573	0.5968945622444153	0.42186713218688965	0.4534588158130646	0.2845866084098816	0.2197566032409668	0.17270295321941376	0.373665452003479	0.35747620463371277	0.1655094176530838	0.11967592686414719	1.2570159435272217	1.4647910594940186	0.3517557382583618	0.5713058114051819	0.06588423252105713	0.5528597831726074	0.47415784001350403	1.061466097831726	0.28383034467697144	0.7493312358856201	0.3620583415031433	1.2001687288284302	1.2580041885375977	0.5349182486534119	0.25694990158081055	1.4701391458511353	0.46159106492996216	0.15185366570949554	0.5128638744354248	0.4561375379562378	0.21053144335746765	0.05292731150984764	0.9470217823982239	1.2701935768127441	0.6943314075469971	0.6480190753936768	0.10035108029842377	0.6832483410835266	1.379896640777588	0.6875739097595215	0.9038949012756348	0.71087247133255	0.3453511595726013	0.38556644320487976	1.2047111988067627	0.9824791550636292	0.7460341453552246	0.33413058519363403	0.5567016005516052	0.7933255434036255	0.642095148563385	0.4745391309261322	0.4190545380115509	0.13396550714969635	0.2746530771255493	0.6043154001235962	0.33333760499954224	0.34126991033554077	1.1845295429229736	0.23045676946640015	0.7225149869918823	0.6786985993385315	0.3776591420173645	0.33661070466041565	0.7333959341049194	0.48117315769195557	0.779869556427002	0.12662723660469055	0.21722179651260376	0.5847235321998596	0.34897270798683167	0.8343571424484253	0.3912414610385895	0.40812161564826965	0.0026468802243471146	0.2603406608104706	0.6663691401481628	0.3712485730648041	0.4098852276802063	0.7794477343559265	0.38893625140190125	0.08309289813041687	0.28396913409233093	0.3536517024040222	0.4980968236923218	0.4699850082397461	0.13357135653495789	0.372514009475708	0.3667724132537842	0.117039754986763	0.18448050320148468	0.6943663358688354	0.0	0.14934802055358887	0.8186467885971069	0.36272692680358887	0.5890703201293945	0.0527232363820076	0.8390507698059082	0.0453604981303215	0.8705263733863831	0.4743669033050537	0.5956801176071167	0.49405235052108765	1.2860984802246094	0.4943026900291443	0.12795743346214294	0.6423599123954773	0.4014958441257477	0.6234996914863586	0.6141887903213501	0.12060576677322388	0.3893316984176636	0.2996978759765625	0.7829235196113586	0.4064468741416931	0.40651950240135193	0.4212254583835602	0.3048187792301178	0.8144025802612305	0.6381204724311829	0.4006683826446533	0.7861344218254089	0.6005854606628418	0.15993455052375793	0.4043547511100769	0.9709254503250122	0.7406061291694641	0.1676444411277771	1.0151894092559814	0.4318435788154602	0.22378864884376526	0.4906215965747833	0.3673116862773895	0.4487418532371521	0.7757044434547424	0.0808374360203743	0.22783523797988892	0.8474736213684082	0.5795462131500244	0.3061217665672302	0.3136600852012634	1.2524017095565796	0.734839141368866	0.1270768642425537	0.752265453338623	0.7065394520759583	0.15047739446163177	0.617263674736023	0.642136812210083	0.22344784438610077	0.4525289237499237	0.16799293458461761	0.4940783381462097	0.697312593460083	0.6075674295425415	0.08408527821302414	0.08681797981262207	0.2707953453063965	0.5191819667816162	0.36712849140167236	0.6123676896095276	0.217368021607399	1.0994079113006592	0.36746132373809814	0.062379736453294754	0.690773069858551	0.4815511405467987	0.014476621523499489	0.9371671676635742	0.06931743770837784	0.5930684804916382	0.3303934931755066	0.30631738901138306	0.8015098571777344	0.82893967628479	0.39960533380508423	0.46411800384521484	0.6936451196670532	0.32030850648880005	0.7211537957191467	0.3668745458126068	0.2157958298921585	0.35128912329673767	1.1204452514648438	0.16069236397743225	0.13779203593730927	0.0006718941149301827	1.5641331672668457	0.33757221698760986	0.28502410650253296	0.29449862241744995	0.881701648235321	0.6119900345802307	0.14367350935935974	0.33506566286087036	0.9588125944137573	0.9463164210319519	0.21530987322330475	0.07469846308231354	0.8846229314804077	0.9651798009872437	0.8187815546989441	0.6606218814849854	0.5254400372505188	0.3519980311393738	0.22310960292816162	0.367104172706604	0.6241790056228638	0.6295720338821411	0.18025627732276917	0.29143664240837097	0.5812646150588989	0.9773859977722168	0.5812218189239502	0.31752368807792664	0.42895713448524475	0.5213416814804077	0.3974330425262451	0.6335087418556213	0.2481898069381714	0.9444875717163086	0.9359933137893677	0.05099913105368614	0.279837429523468	0.30419787764549255	0.1665111631155014	0.7608212232589722	0.2081586867570877
1.1493277549743652	0.4775753319263458	0.6482422351837158	0.646177351474762	0.49743619561195374	0.48917439579963684	0.19763746857643127	0.7428773641586304	0.80694979429245	0.23864737153053284	1.1788594722747803	0.3977968990802765	0.8635351657867432	0.5459938645362854	0.26572200655937195	0.7794592380523682	0.5719838738441467	0.4777475595474243	0.49589234590530396	0.6411985158920288	0.8542718291282654	0.31149816513061523	0.2460797280073166	0.22871647775173187	0.6545517444610596	0.6065279841423035	0.6391332745552063	0.5026667714118958	0.3591194748878479	0.8105765581130981	0.8244521617889404	0.7316837310791016	0.6733085513114929	0.6431903839111328	0.30623430013656616	0.3941720724105835	0.5053406953811646	0.7300286293029785	0.31231948733329773	0.540768027305603	0.3788614571094513	0.37566980719566345	0.1645691841840744	0.6117506623268127	0.2284267395734787	0.5530586242675781	0.13042953610420227	0.714920699596405	0.5020023584365845	1.2021071910858154	0.5526714324951172	0.38507428765296936	0.35317176580429077	0.44791707396507263	0.7429549694061279	0.2061316817998886	0.45782119035720825	1.1433202028274536	0.5253089666366577	0.6908161044120789	0.19616149365901947	0.4710012376308441	0.9148963689804077	0.8941135406494141	0.3803447186946869	0.5154896378517151	1.1389654874801636	0.5291072130203247	0.3972362279891968	0.265332967042923	0.2852812111377716	0.3047434687614441	0.9429913759231567	0.5489614009857178	0.46245285868644714	0.4127903878688812	0.5939844846725464	0.9134994745254517	1.8400592803955078	0.55524080991745	0.9896639585494995	0.40121713280677795	0.32689356803894043	0.3879915475845337	0.7261956930160522	0.31809771060943604	0.619602620601654	0.7974283695220947	0.9339302778244019	0.3555907905101776	0.2982836067676544	0.526077389717102	0.36521223187446594	1.1310844421386719	0.35581937432289124	0.7020274996757507	0.49403125047683716	0.3948257267475128	0.7181594371795654	0.7317694425582886	0.5405662655830383	1.0182315111160278	0.17547214031219482	0.9423936605453491	1.1460201740264893	0.5034567713737488	0.5138292908668518	2.0389740467071533	0.32448074221611023	0.6892523765563965	0.7071348428726196	1.1253201961517334	0.6878973245620728	0.41413599252700806	0.6652151346206665	0.39880645275115967	0.5426352024078369	0.9755163192749023	0.798154890537262	0.3617558479309082	0.39683830738067627	0.4403405487537384	0.34310537576675415	0.26417621970176697	0.8608279228210449	0.5096475481987	0.1713392436504364	0.44218119978904724	1.065958857536316	1.0185949802398682	0.29258203506469727	0.537377119064331	0.55483078956604	0.3702165186405182	0.4039474129676819	0.31002432107925415	0.7358148694038391	0.3325746953487396	0.6339796185493469	0.32557398080825806	0.2551521062850952	0.2387612760066986	0.9850758910179138	0.28487643599510193	0.5602326989173889	0.678426206111908	0.366443395614624	0.45306631922721863	0.943922221660614	0.45700299739837646	0.22281843423843384	0.24997854232788086	0.8221023678779602	0.4644947648048401	0.4661121070384979	0.4466710090637207	0.6756032705307007	0.46931058168411255	0.28076648712158203	0.40182626247406006	0.5693078637123108	0.48887935280799866	0.32331523299217224	0.23109152913093567	0.527417004108429	0.6726338863372803	0.44116541743278503	0.29567381739616394	0.2964180111885071	0.39901185035705566	1.0023226737976074	0.43531090021133423	0.14217616617679596	0.5982370376586914	0.3741750419139862	0.2398577630519867	0.334746390581131	0.2563041150569916	0.5446504950523376	0.2303631454706192	0.2411516010761261	0.44423148036003113	0.4025387763977051	0.6041645407676697	0.9198675155639648	1.1012756824493408	0.4911974370479584	0.20958951115608215	0.5474028587341309	0.23877675831317902	0.8289404511451721	0.4719247817993164	0.5722088813781738	1.0637153387069702	0.2064393013715744	0.29593202471733093	0.42277342081069946	0.5006273984909058	0.199680894613266	0.3650025427341461	0.6376004219055176	0.21292643249034882	0.5282711982727051	0.707360029220581	0.8582689166069031	0.6278526782989502	0.6902822852134705	0.4206279218196869	0.9215266704559326	0.5145213007926941	0.49488845467567444	0.32264822721481323	0.23109225928783417	0.6011612415313721	0.8370554447174072	0.4689156413078308	0.8583256602287292	0.6847912073135376	0.4267636239528656	0.36483675241470337	0.4440026581287384	0.3740435838699341	0.46158379316329956	0.2999713122844696	0.38721153140068054	0.6067554950714111	0.8295673131942749	0.6436620950698853	0.4497988820075989	0.6998444199562073	0.45439422130584717	0.343808650970459	0.4112449288368225	1.1590384244918823	1.1472326517105103	0.36968767642974854	0.25641492009162903	0.41074660420417786	0.4093586206436157	0.11929748207330704	0.3140298128128052	0.5020784139633179	1.0724351406097412	0.3425121009349823	0.6114692091941833	0.8022311329841614	1.0259379148483276	0.7077285647392273	0.2509194314479828	0.8824469447135925	0.9415912628173828	0.48214203119277954	0.8135991096496582	0.30388590693473816	0.6957892179489136	0.6816651225090027	1.2680493593215942	0.7683177590370178	1.2235517501831055	0.53578120470047	0.7864534258842468	0.8724020719528198	0.25255152583122253	0.4323659837245941	0.23864473402500153	0.23147979378700256	0.7559463977813721	0.24080298840999603	0.27682870626449585	0.6128072738647461	0.49159979820251465	0.5765604376792908	0.4795427620410919	0.3998405933380127	1.1542327404022217	0.44532379508018494	0.7482693791389465	1.0022602081298828	0.28932294249534607	0.8024908900260925	0.5669581890106201	0.7548741698265076	0.4917742609977722	0.17626990377902985	0.48991113901138306	1.3546713590621948	0.22564753890037537	0.9369744658470154	0.3997901380062103	0.44319596886634827	0.8698455691337585	0.5771421194076538	0.31411832571029663	0.2050590217113495	0.3586788475513458	0.507666826248169	0.5290671586990356	0.5584297776222229	0.6531358957290649	0.2854071855545044	0.2963849604129791	0.3015359938144684	0.504547119140625	0.5960631966590881	0.9780838489532471	0.1979673206806183	0.6809180974960327	0.6691620349884033	0.6444857716560364	0.9111049175262451	0.5964746475219727	0.39035773277282715	0.5753156542778015	0.722840428352356	0.9117558002471924	0.31114158034324646	0.32920747995376587	0.6665003299713135	0.27813923358917236	0.9746860265731812	0.43219730257987976	0.6732298731803894	0.4065670371055603	0.46782857179641724	0.9807434678077698	0.576619565486908	0.6325812935829163	0.9099825024604797	0.9395734071731567	0.29226481914520264	0.8518813848495483	0.27354440093040466	0.2472979575395584	0.3555651605129242	0.7898567318916321	0.3491441607475281	0.5987488627433777	0.5485370755195618	0.6976690292358398	1.1528524160385132	0.44827091693878174	0.3613915741443634	0.4145175516605377	0.44628551602363586	0.3719666004180908	0.4515601098537445	0.5006957650184631	0.3529733419418335	0.5069345235824585	0.31715378165245056	1.1539289951324463	1.219577431678772	0.2833978831768036	1.014121174812317	0.6116474866867065	0.149714395403862	0.47784191370010376	0.3452748656272888	0.2703768312931061	0.34005850553512573	0.4163595736026764	0.6370600461959839	0.197271466255188	0.3854692578315735	0.6239782571792603	0.3723825216293335	0.6210746765136719	1.0815863609313965	0.5305957198143005	0.2521250545978546	0.5621997117996216	0.5264654159545898	0.5938846468925476	1.2624319791793823	0.371020644903183	0.47411274909973145	0.26620858907699585	0.45833641290664673	0.7019192576408386	1.5359392166137695	0.364448606967926	0.7370814085006714	0.44398194551467896	0.28300440311431885	0.4541703462600708	0.3027324676513672	0.5546744465827942	0.16623203456401825	0.15947632491588593	0.30487802624702454	0.5904814004898071	0.07898708432912827	0.24300044775009155	0.6342031955718994	0.6023446917533875	0.9314303398132324	0.2944353222846985	0.35020846128463745	0.7137290835380554	0.7322728037834167	0.9570310115814209	0.4170348048210144	0.41864675283432007	0.7188327312469482	0.48765355348587036	0.3904186189174652	0.46135377883911133	0.8725472688674927	0.5876116156578064	0.5309816598892212	0.5930512547492981	0.39751702547073364	1.0422708988189697	0.2550405263900757	1.0591546297073364	0.498718798160553	0.6622346043586731	0.8629083037376404	0.47745466232299805	0.22519201040267944	0.5591620206832886	0.3655121624469757	0.6957646608352661	0.4600313901901245	0.5194323062896729	0.35904642939567566	0.5539397597312927	0.6417964696884155	0.33418044447898865	0.532033383846283	0.8172008991241455	0.10935836285352707	0.4026939868927002	0.3344287872314453	0.4393986463546753	0.37077653408050537	0.3814103603363037	0.9252234101295471	0.8002385497093201	0.4028523564338684	0.3546867370605469	0.7500674724578857	1.460218906402588	0.6431689858436584	0.5135014057159424	0.3814184069633484	0.3168957233428955	0.6459642052650452	0.5864890217781067	0.3222202658653259	0.3375723361968994	0.41350582242012024	0.3071560263633728	0.4502107501029968	0.23047494888305664	0.4290606379508972	0.40034493803977966	0.29395464062690735	0.7384700775146484	0.5115396976470947	0.47755685448646545	0.6422584652900696	0.3343113958835602	0.7264732718467712	0.4499031603336334	0.40538719296455383	1.0842045545578003	0.6773161888122559	0.1355205476284027	0.25648224353790283	0.9019550681114197	0.36016231775283813	0.43025660514831543	0.22458791732788086	0.35127484798431396	0.1410009264945984	0.8866556882858276	0.7816494703292847	0.44435328245162964	0.7014932036399841	0.37966373562812805	0.09087146818637848	0.8106271028518677	0.8924174308776855	0.8081291913986206	0.932898998260498	0.47640880942344666	1.0008749961853027	0.6604377627372742	0.5498846769332886	0.22338932752609253	0.37946152687072754	0.5234259366989136	0.7125659584999084	0.6968887448310852	0.5203283429145813	0.4708845019340515	0.31798142194747925	0.32155346870422363	0.40451836585998535	0.45498138666152954	0.28104299306869507	0.49427494406700134	0.5096648335456848	0.50485759973526	0.49381712079048157	1.1468425989151	0.3391460180282593	0.4052777886390686	0.4958094358444214	0.14879021048545837	0.7473358511924744	0.48467040061950684	1.0003001689910889	0.34305691719055176	0.41640859842300415	0.4155464768409729	0.25015801191329956	0.7026169896125793	0.7460579872131348	0.6231552362442017	1.0242501497268677	0.35035499930381775	0.6939728260040283	0.4260874390602112	0.2694967985153198	0.39501655101776123	0.5954954028129578	0.5768594145774841	0.12592746317386627	0.9459335803985596	0.2721205949783325	0.44582489132881165	0.9826884269714355	0.520131528377533	0.5442837476730347	0.3558877110481262	0.7413913011550903	0.6239573359489441	0.5422618985176086	0.9536328315734863	0.723341703414917	0.8522720336914062	0.4321444630622864	0.33687064051628113	0.5242403149604797	0.42454794049263	0.35680457949638367	0.26976099610328674	0.5472378730773926	0.8612992763519287	0.9220148921012878	0.4198587238788605	0.5069448351860046	0.7971813082695007	0.7388798594474792	0.3841671645641327	0.8838426470756531	0.7804793119430542	0.5291380882263184	0.7594125270843506	0.4211735427379608	0.3841736912727356	0.11960792541503906	0.47496241331100464	0.2570197582244873	0.7224696278572083	0.14950571954250336	0.388494610786438	0.8259928822517395	0.5748212337493896	0.6157821416854858	1.1496696472167969	0.5299755930900574	0.560437798500061	0.3854925036430359	0.11811190098524094	0.37533923983573914	0.4752656817436218	0.1991458386182785	0.8980262279510498	0.21670156717300415	0.4074787497520447	0.4641336500644684	0.7815287113189697	0.6458103656768799	0.6058670282363892	0.5730079412460327	0.5799387693405151	0.21410270035266876	0.5122665762901306	0.5516818165779114	0.45578277111053467	0.15364442765712738	0.6958132386207581	0.5309036374092102	0.42278605699539185	0.40977558493614197	0.17308510839939117	0.6213787794113159	0.26040011644363403	1.1816747188568115	0.33995893597602844	0.7458691596984863	0.8686605095863342	0.7480852603912354	0.4496593773365021	0.7503243684768677	0.8522629737854004	1.0538434982299805	0.20433129370212555	0.24511203169822693	0.394286185503006	0.7473971843719482	0.5170713067054749	1.1291078329086304	0.2590816617012024	0.20290692150592804	0.5458065867424011	0.1482406109571457	0.24450336396694183	0.3719226121902466	0.1786942034959793	0.6339940428733826	0.4287945330142975	0.3156179189682007	0.6168671250343323	0.9739195704460144	0.7584593892097473	0.4954531490802765	0.4781481921672821	0.24775558710098267	0.22658665478229523	1.1989320516586304	0.38773950934410095	0.32983607053756714	0.6572329998016357	0.6055251359939575	0.25222310423851013	0.5619322061538696	0.7996028661727905	0.7407804727554321	0.30989357829093933	0.6517004370689392	0.5738065838813782	0.4027528762817383	0.3497418165206909	0.4369621276855469	0.3268623650074005	1.1860249042510986	0.5221929550170898	0.5509716272354126	0.49212104082107544	0.7929380536079407	0.649703323841095	0.3071218729019165	0.5598316788673401	0.33836790919303894	0.36419689655303955	0.4156363010406494	0.4481882154941559	0.4665105938911438	0.25736740231513977	0.45946377515792847	0.3748985230922699	1.0707361698150635	0.47879403829574585	0.3150944113731384	0.5410345196723938	0.4976804852485657	0.4912951588630676	0.44226983189582825	0.5162000060081482	0.7347381711006165	0.5159062743186951	0.3717886209487915	0.9892896413803101	0.5937069058418274	0.765308141708374	0.4696323573589325	0.592139482498169	0.4463474154472351	0.5373115539550781	0.667302668094635	0.3470066785812378	0.6929905414581299	0.6065552234649658	0.5237157940864563	0.4242575168609619	0.27501896023750305	0.2894163727760315	0.7907102108001709	0.9826463460922241	0.4981327950954437	0.15327630937099457	0.24214324355125427	0.4647376537322998	0.5259006023406982	0.37644708156585693	0.4262924790382385	0.3407687246799469	0.6339589953422546	0.7945724129676819	0.3008420169353485	0.4935728907585144	0.21773472428321838	0.5664262771606445	0.5428911447525024	0.6807820796966553	0.5904589891433716	0.5697931051254272	0.21571971476078033	1.1222972869873047	0.7781656384468079	0.23760776221752167	0.8774279356002808	0.9648127555847168	0.40541040897369385	0.6945877075195312	0.3660510778427124	0.7582752704620361	0.7334439754486084	0.6659777164459229	0.5437473058700562	0.6295390725135803	0.7735147476196289	0.5615272521972656	0.404591828584671	1.2538578510284424	0.3986264169216156	0.3197592794895172	0.33492785692214966	0.5424357652664185	0.6505648493766785	0.8731578588485718	0.45709460973739624	0.19109998643398285	0.601721465587616	0.3976665437221527	0.24255168437957764	0.4285425543785095	1.3226077556610107	0.7673959732055664	0.0962124764919281	0.4002351760864258	0.667380690574646	0.21801671385765076	0.6753299832344055	0.3962070345878601	1.1100554466247559	0.7297884225845337	0.3732627034187317	0.45293620228767395	0.0836162269115448	0.24113155901432037	0.40648922324180603	0.8482819199562073	0.6651319265365601	0.7145311236381531	0.285315603017807	0.4882991909980774	0.4759777784347534	0.1770121306180954	0.5588268637657166	0.25097155570983887	0.3998667001724243	0.9642726182937622	0.7581348419189453	0.4318998456001282	0.3066426217556	0.580140233039856	0.709784209728241	0.7187009453773499	0.6023584604263306	0.38670191168785095	0.7034532427787781	0.3923113942146301	0.2959246337413788	0.12620161473751068	0.4858795404434204	0.550030529499054	1.1377469301223755	0.5070397853851318	0.3248039484024048	0.7828441858291626	0.6837279200553894	0.4488544166088104	0.46136903762817383	0.31404879689216614	0.39611053466796875	0.5950291752815247	0.49848681688308716	0.1834891140460968	0.34308457374572754	0.3742007613182068	0.3631405532360077	1.743531584739685	0.4145541787147522	0.2521003484725952	0.4002511203289032	0.7349245548248291	0.5904284119606018	0.6148539781570435	0.6680132150650024	0.8898012638092041	0.8105220794677734	0.6897455453872681	0.1425018310546875	0.7851420640945435	0.4071323275566101	0.680913507938385	1.0574333667755127	0.5342605710029602	0.4830048084259033	0.922545850276947	0.5447251200675964	0.792206346988678	0.6736006736755371	0.16095799207687378	0.3794572651386261	0.5343448519706726	0.31034934520721436	0.2767239212989807	0.6254022717475891	0.41831204295158386	0.5200598835945129	0.6389237642288208	0.31372305750846863	1.2308225631713867	0.20002631843090057	0.5007006525993347	0.2586125135421753	0.4830523431301117	0.9817065596580505	0.7108384370803833	0.591144323348999	0.6184280514717102	0.8562116622924805	0.6039358377456665	1.0484559535980225	0.5696588158607483	0.24386219680309296	0.7335324287414551	0.28627124428749084	0.5343557596206665	0.3616551160812378	0.4517625570297241	0.7472212314605713	0.5899702906608582	0.4598974287509918	0.40570294857025146	0.22842270135879517	0.5495766997337341	0.8263242840766907	0.42047441005706787	0.6437724828720093	0.5308313369750977	0.35880982875823975	0.08784510940313339	0.3688357174396515	0.2551799416542053	0.13718187808990479	0.15009641647338867	0.9963248372077942	0.5020561218261719	0.3906150460243225	0.46481412649154663	0.3341720700263977	0.45878586173057556	0.46341413259506226	0.2740468382835388	0.4876275658607483	0.306974858045578	1.0442521572113037	0.5525367259979248	0.5612642168998718	0.6459182500839233	0.7033985257148743	0.6082621216773987	0.4237794876098633	0.373005747795105	0.5699052214622498	0.4069763123989105	1.0536693334579468	0.4129158854484558	1.4372540712356567	0.686061441898346	0.5623177886009216	0.9011719226837158	0.46416980028152466	0.7090712189674377	0.8826978206634521	0.17344757914543152	0.610573947429657	0.529147744178772	0.546427309513092	0.15917016565799713	0.5780965685844421	0.38713154196739197	0.9114599823951721	1.713648796081543	0.20120970904827118	0.5075991153717041	0.5260857343673706	0.2830335199832916	0.4302520453929901	0.5464684963226318	0.7079523205757141	0.8744062185287476	0.37729397416114807	0.30680516362190247	0.3297154903411865	0.43018481135368347	0.436282217502594	0.7377113103866577	0.4488442838191986	0.4456614553928375	0.07287036627531052	0.32080161571502686	0.9343436360359192	0.40848684310913086	0.4928119480609894	0.4247473478317261	0.869461178779602	0.791019082069397	0.2568427622318268	0.3526356816291809	0.40864089131355286	0.5240597128868103	0.6196779012680054	0.6021034121513367	0.6269627213478088	0.4175437390804291	0.4363444447517395	0.3476075828075409	0.33207786083221436	0.576179563999176	0.7716267704963684	0.32273125648498535	0.2803058922290802	0.09782151877880096	0.2826129198074341	0.6497764587402344	0.3521876931190491	0.5450040698051453	0.4714046120643616	0.5854997038841248	0.43081697821617126	1.0687191486358643	0.3303515315055847	0.45642444491386414	0.6715172529220581	0.8904213309288025	0.8109024167060852	0.46874386072158813	0.5326091647148132	0.5744470953941345	0.20474281907081604	0.38527387380599976	0.5077688694000244	0.21880459785461426	0.7898109555244446	1.02717924118042	0.8591286540031433	0.5161507725715637	0.7621878385543823	0.5739811658859253	0.35635870695114136	0.10270132124423981	0.2841697037220001	0.4366239905357361	0.4832873046398163	0.7074128985404968	0.5789237022399902	0.4353535771369934	0.7143728137016296	0.3671225309371948	0.6375001072883606	0.7307884693145752	0.268970251083374	1.047255516052246	0.7398467063903809	0.4292792081832886	0.7706793546676636	0.44649797677993774	0.5677700638771057	0.5825081467628479	0.7587623000144958	1.3614767789840698	0.35194528102874756	0.37223994731903076	0.41007760167121887	0.38624173402786255	0.3737620413303375	1.0669746398925781	0.40275347232818604	0.7866009473800659	0.3400231599807739	0.2582676410675049	0.30429747700691223	0.4621398150920868	0.6440141797065735	0.47452592849731445	0.34199175238609314	0.30645954608917236	0.21247658133506775	0.6771785616874695	0.48889172077178955	0.7217872142791748	0.40126270055770874	0.6425750255584717	0.4977701008319855	0.35393470525741577	0.6649942994117737	0.9314461946487427	0.3029128313064575	0.5003831386566162	0.10335983335971832	0.4508924186229706	1.0038185119628906	0.5372663140296936	0.8656581044197083	0.9674195051193237	0.35644206404685974	0.5290553569793701	1.096624493598938	0.6062145829200745	0.4382703900337219	0.7151163816452026	0.35167020559310913	0.9166412353515625	0.7859992384910583	0.9614336490631104	0.5360535979270935	0.7803934216499329	0.5790987014770508	0.4384912848472595	0.7542716860771179	0.6249057650566101	0.4240071177482605	0.4642776548862457	0.24799436330795288	0.7996184825897217	1.0561121702194214	1.066465139389038	0.42623087763786316	1.0414468050003052	1.3030672073364258	0.18832971155643463	0.6912217736244202	0.47270166873931885	0.5324159860610962	1.341947317123413	0.5269637107849121	0.48681217432022095	0.7649747729301453	0.41127246618270874	0.8600317239761353	0.20432093739509583	0.26114732027053833	1.055641531944275	0.7723139524459839	0.5704275369644165	0.9474695920944214	0.7028053402900696	0.5778235197067261	0.1822766214609146	0.5504408478736877	0.3915700614452362	0.6383782029151917	0.35708558559417725	0.13833868503570557	0.4708888828754425	0.7451304793357849	0.5137687921524048	0.14322952926158905	0.563206136226654	0.41859033703804016	0.4810359477996826	0.9776960611343384	0.27019667625427246	0.5568647384643555	0.7092636823654175	0.5259854793548584	1.0154454708099365	0.7186536192893982	0.6092636585235596	0.44495710730552673	0.3400692939758301	0.43223702907562256	1.1302703619003296	0.854536771774292	0.7617878913879395	0.3420022428035736	0.47308802604675293	0.3996509909629822	0.17445003986358643	1.2139477729797363	0.398740291595459	0.5156552195549011	0.5493526458740234	0.6099281907081604	0.7118145823478699	0.5190081000328064	0.3984817564487457	0.512617826461792	0.6505874395370483	0.981938362121582	0.7690935134887695	0.1855582892894745	1.024030327796936	0.3570868968963623	0.23401567339897156	1.135263204574585	0.7214727401733398	0.702235758304596	0.25849828124046326	0.5670425295829773	0.8846222758293152	0.5242096185684204	1.0316489934921265	0.8378279805183411	0.05720072612166405	0.5347647070884705	0.4884893000125885	0.3460780084133148	0.6154870986938477	1.1379166841506958	0.28308892250061035	0.10039112716913223	0.6387454271316528	0.9071624875068665	0.7349582314491272	0.38496580719947815	0.23616504669189453	0.3385080397129059	0.47698986530303955	1.1133739948272705	0.2799108028411865	0.6527706980705261	0.27413448691368103	0.4874953031539917	0.24224627017974854	0.779549241065979	0.559065580368042	0.19789336621761322	0.5226021409034729	0.5932015776634216	0.18847517669200897	0.5622002482414246	0.5864248275756836	0.6414967775344849	0.6312337517738342	0.47741368412971497	0.7529687285423279	0.8300886750221252	0.2822260558605194	0.35527947545051575	0.8741094470024109	0.7847450375556946	0.8061509728431702	0.5249497294425964	0.2438337206840515	0.7040508389472961	0.28253835439682007	1.4380719661712646	0.653296172618866	0.5565006136894226	0.6624407768249512	0.2805979549884796	0.21631255745887756	0.8777897953987122	0.7509087920188904	0.26407819986343384	0.6409177780151367	0.47768405079841614	0.5768265724182129	0.2530200183391571	0.6911761164665222	1.240807294845581	0.93152916431427	0.9882765412330627	0.4525044858455658	0.5217000246047974	0.4785762131214142	0.27576494216918945	0.38717880845069885	0.7192565202713013	0.232076033949852	0.7771248817443848	0.6385205984115601	0.5197874307632446	0.37995702028274536	0.3400776982307434	0.6042488813400269	0.29990315437316895	0.39457589387893677	0.33221107721328735	0.9288498163223267	0.5852943062782288	0.6174105405807495	0.41939854621887207	0.22033046185970306	0.5317120552062988	0.24538014829158783	0.22640740871429443	0.4741823971271515	0.5737680792808533	0.6354200839996338	0.6207093596458435	0.2217460572719574	0.8449225425720215	0.18890930712223053	0.222102552652359	1.1744107007980347	0.6491198539733887	0.46730631589889526	0.4356541633605957	0.6565783023834229	0.37639862298965454	0.39351439476013184	0.4204399585723877	0.3498646020889282	0.8491290211677551	0.8499486446380615	0.8986805081367493	0.3692795932292938	0.7316424250602722	0.5871067047119141	0.6497659683227539	0.4167388677597046	0.26002711057662964	0.4342631697654724	0.8029836416244507	0.5152773857116699	0.5657982230186462	0.26456308364868164	1.042627215385437	0.9020544290542603	0.43266627192497253	0.2955804467201233	0.4407194256782532	0.21494218707084656	0.316262423992157	0.3530772924423218	0.7687774896621704	0.38456037640571594	0.35378769040107727	0.414029985666275	0.8687118291854858	0.9502028226852417	0.8253021240234375	0.2800520062446594	0.24382644891738892	1.1819498538970947	0.3428580164909363	1.540372371673584	0.9943247437477112	0.4361321032047272	0.3340914845466614	0.42228683829307556	0.6742041707038879	0.7599395513534546	0.2445390820503235	0.32427799701690674	0.18929032981395721	0.5647585391998291	0.46303310990333557	0.144158273935318	0.5997484922409058	0.5803765654563904	0.43592944741249084	0.5246211886405945	0.9148823618888855	0.5340189933776855	0.35446304082870483	0.4742628037929535	0.3536694049835205	0.7010748982429504	0.4650667905807495	0.7644705772399902	0.34001731872558594	0.6702304482460022	0.36768707633018494	0.6437506079673767	0.28102946281433105	0.5508678555488586	0.25885578989982605	0.8999601602554321	0.43983161449432373	0.34672802686691284	0.46806302666664124	0.3095569908618927	0.44309601187705994	0.4999661445617676	0.3319775462150574	0.3527449071407318	0.7426497340202332	0.629124641418457	0.8155826926231384	0.36613497138023376	0.10071155428886414	0.5834113955497742	0.4093024432659149	0.4548448622226715	0.4819835424423218	0.2825668454170227	0.2681646943092346	0.2926103472709656	0.21724922955036163	0.5912123322486877	0.20265626907348633	0.24302978813648224	0.6660670638084412	0.3051014840602875	0.30052104592323303	0.3588502109050751	0.6188285946846008	0.5382006764411926	0.5850743651390076	0.3683927655220032	0.2884531021118164	0.2784600853919983	0.37170320749282837	0.6841471195220947	0.8459281921386719	1.0883675813674927	0.48577025532722473	0.39372003078460693	0.42106398940086365	0.1319207400083542	0.46473392844200134	0.7017747759819031	0.6127358675003052	0.8181517124176025	0.47807732224464417	0.38969886302948	0.8192086219787598	0.41360193490982056	0.4658466875553131	0.31685441732406616	1.1965739727020264	0.7341889142990112	0.6854596138000488	0.30456411838531494	0.9808722138404846	1.1044323444366455	0.47588858008384705	0.050492554903030396	0.494498610496521	0.5042447447776794	0.7702491879463196	0.3569677174091339	0.47959035634994507	0.7029396295547485	0.5720558166503906	0.6072130799293518	0.5194835662841797	0.4260731339454651	0.4463033378124237	0.4323572516441345	0.6775492429733276	1.0412853956222534	0.841655433177948	0.3927542269229889	1.0946202278137207	0.5171878337860107	0.17655329406261444	0.4808817505836487	0.5783141255378723	0.6061976552009583	0.45550817251205444	0.8541520237922668	0.5090630650520325	0.44794800877571106	0.6384103894233704	0.5439690947532654	0.5471999049186707	1.6089930534362793	0.9467135667800903	0.08312778174877167	0.3177507221698761	0.1814195066690445	0.5313281416893005	0.8133913278579712	0.19397562742233276	0.5122420787811279	0.8213596940040588	0.34853774309158325	0.3542928695678711	0.6767238974571228	1.0741912126541138	0.45880013704299927	0.4424882233142853	0.6631137728691101	0.37654200196266174	0.4774380922317505	0.5575985312461853	0.5257157683372498	1.032887578010559	0.4507421553134918	0.1948373168706894	0.28619682788848877	1.0851414203643799	0.8441286683082581	0.29770421981811523	0.5486183166503906	0.8957195281982422	0.39132094383239746	1.4560831785202026	0.51692795753479	0.4819872975349426	0.3266311287879944	0.5731157064437866	0.6822620630264282	0.8074602484703064	0.35247355699539185	0.6422533392906189	0.6940852403640747	0.7717882394790649	0.6431504487991333	0.2357204705476761	0.43839946389198303	1.0641902685165405	0.7353734970092773	0.7232161164283752	0.1629636287689209	0.8993563652038574	0.5621163249015808	0.6849035620689392	0.9421111345291138	0.34420615434646606	0.5514169335365295	0.5464165210723877	0.5559362173080444	0.624596893787384	0.2906644344329834	0.29821711778640747	0.7846015095710754	0.33168116211891174	0.3453579545021057	0.35510849952697754	0.697333574295044	0.3982786238193512	1.3832942247390747	0.6046589016914368	0.6983492970466614	0.39131611585617065	0.41439303755760193	0.6747897863388062	0.4878872036933899	0.7751943469047546	0.5867394208908081	0.19372060894966125	0.5044336915016174	0.590453028678894	0.3048839867115021	0.5537531971931458	0.7711504697799683	0.5472734570503235	0.17537829279899597	0.31910035014152527	0.5506004691123962	0.37297946214675903	0.37090450525283813	0.47312408685684204	0.881564736366272	0.2650422155857086	0.22269724309444427	0.4962352216243744	0.41262710094451904	0.3026253283023834	0.8416972756385803	0.5973909497261047	0.8298624753952026	0.32532167434692383	0.35117751359939575	0.4774434268474579	0.6779155135154724	1.0813405513763428	0.6838593482971191	0.23857204616069794	0.2809557020664215	0.5482562780380249	0.7687566876411438	0.3237968981266022	0.3988085091114044	0.6740155220031738	0.5390415787696838	0.8286603093147278	0.9892839193344116	0.803334653377533	0.37427255511283875	0.512451171875	0.45593732595443726	0.7436733245849609	0.6267667412757874	1.1332577466964722	0.5892290472984314	0.29645785689353943	0.3331059217453003	1.4562264680862427	0.7049873471260071	0.49708056449890137	0.23427724838256836	0.8091186285018921	0.45511406660079956	0.6670098304748535	0.3630201518535614	0.7778504490852356	0.23046301305294037	0.5270422101020813	0.3572421371936798	0.46035143733024597	0.25685998797416687	0.7908756136894226	0.5160464644432068	0.7290427684783936	0.42959830164909363	0.7719393968582153	0.33447110652923584	0.2921489477157593	0.16298611462116241	0.3661763072013855	0.6850384473800659	0.516052782535553	0.5976299047470093	0.43196189403533936	0.48881298303604126	0.16991037130355835	0.46736249327659607	0.703804075717926	0.5479342341423035	1.2213979959487915	0.4420506954193115	0.4149652123451233	0.18160375952720642	0.31181052327156067	0.47167670726776123	0.5361507534980774	0.31950661540031433	0.4677763879299164	0.15110985934734344	0.7018607258796692	0.8101070523262024	0.6564019322395325	0.5343618988990784	0.513190507888794	0.36824512481689453	0.315571665763855	0.5639273524284363	0.36905011534690857	0.4481411278247833	0.4705163538455963	0.4774400293827057	0.7780154943466187	0.3951895534992218	0.42318931221961975	0.799828052520752	0.6894612312316895	0.6032780408859253	0.676803469657898	0.274961918592453	0.9195142984390259	0.21022605895996094	0.3741329610347748	0.43876880407333374	0.35734447836875916	0.49325889348983765	0.49826598167419434	0.3434608280658722	1.338835597038269	0.1554047018289566	0.6804717779159546	0.5085446834564209	0.3992072343826294	0.5422747731208801	0.6103905439376831	0.8196812272071838	0.4587830901145935	0.25300881266593933	0.5490454435348511	0.6588104367256165	0.7838607430458069	0.40417858958244324	0.9436694979667664	0.5498086214065552	0.6377416849136353	0.6454544067382812	0.5871349573135376	0.5063440799713135	0.6573484539985657	0.5290853977203369	0.7664825916290283	0.45806989073753357	0.5907809138298035	0.20278587937355042	0.3487137258052826	0.6955756545066833	0.9420183300971985	0.6994174122810364	0.38165682554244995	0.5242356657981873	0.7089583873748779	0.6392955183982849	0.40329045057296753	0.49171528220176697	0.3266368508338928	0.9224256277084351	0.5760118961334229	0.8245648741722107	0.9638673067092896	0.3608802258968353	0.359636127948761	0.6536697149276733	1.6277656555175781	0.5876749157905579	0.7796049118041992	0.17808985710144043	0.17530861496925354	0.40884020924568176	0.49646735191345215	1.033644676208496	0.8723477125167847	0.48842114210128784	0.48034048080444336	0.3311164081096649	0.298869788646698	0.713249146938324	0.6921332478523254	0.3486911356449127	0.8644224405288696	0.3311932384967804	0.9488304257392883	0.5889304876327515	0.4335739016532898	0.70148766040802	0.5557434558868408	0.42724764347076416	0.4411749541759491	0.3120080828666687	0.21810247004032135	0.44098949432373047	0.332018107175827	0.32320183515548706	0.6266623139381409	0.4606734812259674	0.2806069552898407	0.9665428400039673	0.3804515600204468	0.5072401165962219	0.36038938164711	0.3308224380016327	0.9453769326210022	0.26336047053337097	0.8366851210594177	0.2497231811285019	0.625402569770813	0.5885487794876099	0.3956321179866791	0.44531184434890747	0.6496497392654419	1.1432827711105347	0.41427189111709595	0.945239245891571	0.73089599609375	0.5937703847885132	0.5065447688102722	0.6402996182441711	0.3237970173358917	0.4703846275806427	0.12872987985610962	1.003359079360962	0.8049427270889282	0.5576198697090149	0.7599117755889893	0.2634897530078888	0.3150857985019684	0.6079176664352417	0.7265079617500305	0.9862990975379944	0.9104717373847961	0.3855990171432495	0.34282630681991577	0.4560733139514923	0.24843081831932068	0.10444767773151398	0.4491993188858032	0.725108802318573	0.9072309732437134	0.45252543687820435	0.49770501255989075	0.9822533130645752	0.15623541176319122	1.2159945964813232	0.6711360216140747	0.5260456800460815	0.679443359375	0.33379998803138733	0.8260523080825806	0.5940476655960083	0.1253710240125656	0.7959418296813965	0.7243009805679321	0.3459205627441406	0.45054423809051514	0.7994285821914673	0.6693052053451538	0.7175490260124207	0.8559393882751465	0.565200686454773	0.24134616553783417	0.2524113953113556	0.6664955019950867	0.8243851661682129	1.6254138946533203	0.30192485451698303	0.26911112666130066	0.8970180749893188	0.5109995007514954	0.717330276966095	0.7316129207611084	0.34937113523483276	0.51819908618927	0.3431292772293091	0.41183242201805115	0.8868679404258728	0.3136204779148102	0.5905717611312866	0.4315136671066284	1.3314909934997559	1.2059425115585327	0.33726826310157776	0.385412335395813	0.4191678762435913	0.15906552970409393	0.34841933846473694	0.321368008852005	0.21463201940059662	0.1883440762758255	0.4440271258354187	0.6195479035377502	0.5034146308898926	0.19630476832389832	0.9060502648353577	0.5738565325737	0.20579273998737335	0.693692147731781	0.8441080451011658	0.8285585045814514	0.6800667643547058	0.9192067980766296	0.48635032773017883	0.46864259243011475	0.8317926526069641	0.6103824973106384	0.5955935120582581	0.12808799743652344	0.3525139093399048	0.2574985921382904	0.535973072052002	1.0199475288391113	0.24266788363456726	0.4147895276546478	0.4442119598388672	0.6818393468856812	0.13951000571250916	0.46722283959388733	0.38009896874427795	0.7758994102478027	0.6869313716888428	0.2723877429962158	0.3047506511211395	0.7353321313858032	0.872339129447937	0.9794989228248596	0.299587219953537	0.48724228143692017	0.37685683369636536	0.26109087467193604	0.4654185473918915	0.5716575384140015	0.6716270446777344	0.48591843247413635	0.483151376247406	0.251353919506073	0.7969050407409668	0.7803589105606079	0.3676410913467407	0.47468048334121704	0.4764872193336487	0.44071489572525024	1.1260913610458374	0.797119677066803	0.15700651705265045	0.3850938677787781	0.7869545221328735	1.142430067062378	0.41921529173851013	0.48783010244369507	0.44554799795150757	0.9942314624786377	0.7879574298858643	0.46313315629959106	0.8274954557418823	0.4338077902793884	0.5200948119163513	0.6072865128517151	0.5157163143157959	0.3632461726665497	0.6602134108543396	0.4603562653064728	0.5368976593017578	0.9286661148071289	0.43478530645370483	0.09947068244218826	0.2581115961074829	0.22924421727657318	0.93843674659729	0.32632237672805786	0.8674581050872803	0.6543391346931458	1.2965178489685059	0.45501190423965454	0.1513880491256714	0.20752955973148346	0.39148589968681335	0.21083103120326996	0.4559946358203888	0.9047568440437317	0.7270970344543457	0.8098562359809875	0.2711738348007202	0.5312355160713196	0.6975494027137756	0.8248140215873718	0.5452779531478882	0.45667320489883423	0.6064757108688354	0.5683515071868896	1.0320768356323242	0.25334465503692627	0.4509698450565338	0.9695940613746643	0.47784286737442017	0.6734656691551208	0.1835358440876007	0.31183528900146484	0.5024598836898804	0.26817968487739563	0.33323293924331665	0.4766441881656647	0.782981276512146	0.35922008752822876	0.4326745569705963	0.7377438545227051	0.836338460445404	0.6666398644447327	0.4933607578277588	0.8148308396339417	0.6365682482719421	0.7707076072692871	0.845315158367157	1.3022955656051636	0.9376955628395081	1.0170739889144897	0.5964820384979248	0.4005368947982788	0.5386703014373779	0.5490904450416565	0.2068515121936798	0.8075874447822571	1.237580418586731	0.5250216126441956	0.456689715385437	0.3608984053134918	0.2410600781440735	0.6311862468719482	0.33397433161735535	0.6314125061035156	0.4715043902397156	0.39855441451072693	0.4175199270248413	0.2886052429676056	0.4330871105194092	0.9944003820419312	0.335196852684021	0.5342875123023987	0.41056716442108154	0.470101535320282	0.6646813750267029	0.35466814041137695	0.2584794759750366	0.6997948288917542	0.40156999230384827	0.4969881474971771	0.43851029872894287	0.1654927283525467	0.6434402465820312	0.9320860505104065	0.5917882323265076	0.6873440742492676	0.3435937464237213	0.0926584005355835	0.5069146156311035	1.0788469314575195	0.7493613958358765	0.5561118125915527	0.22770309448242188	0.4930245876312256	0.1920565664768219	0.4731192886829376	0.3097027540206909	1.059627652168274	0.5108234882354736	0.3028494119644165	1.3427753448486328	0.7927685976028442	1.0457900762557983	0.9135181307792664	0.498417466878891	0.5140833258628845	0.44297802448272705	0.7716023325920105	0.5596849918365479	0.8332567811012268	0.32968199253082275	0.317678838968277	0.5765008330345154	0.6089860200881958	0.7803301811218262	0.5737743377685547	0.41763409972190857	0.3674352169036865	0.22537028789520264	0.4750909209251404	0.5881973505020142	0.747441828250885	0.7132739424705505	0.8345468044281006	0.16549080610275269	0.27954956889152527	0.7689557671546936	0.5577425956726074	0.41013550758361816	0.734820544719696	0.7613801956176758	0.30275440216064453	0.37157681584358215	0.33487170934677124	0.6484462022781372	0.37428414821624756	0.44893360137939453	1.153319239616394	0.6217503547668457	0.6659716963768005	1.1455318927764893	0.12762819230556488	1.1035367250442505	0.19465450942516327	0.7390739917755127	0.5195479989051819	0.29438695311546326	0.11647582054138184	0.7752238512039185	0.4773826599121094	0.5697143077850342	0.14232946932315826	0.32116925716400146	0.5431168675422668	0.37461864948272705	0.4929884672164917	0.37139883637428284	0.4791090786457062	1.0016019344329834	0.10283774137496948	0.5940276980400085	0.1846669465303421	0.31243789196014404	0.589963972568512	0.21231257915496826	0.5086988210678101	0.5337519645690918	0.2851078510284424	0.5826025605201721	0.4867081046104431	0.3066711723804474	0.8496859073638916	0.5684022903442383	0.11861371994018555	0.6371065378189087	0.21652372181415558	0.9990637898445129	0.7084289193153381	0.8649377822875977	0.3617435097694397	0.4472445845603943	0.7401927709579468	0.3397928476333618	0.76929771900177	0.7517867684364319	0.41979190707206726	0.5678758025169373	0.34352347254753113	0.22502103447914124	0.34178024530410767	0.6717183589935303	1.06752610206604	0.8633313179016113	0.5105322003364563	0.49914875626564026	0.7617532014846802	0.3390979766845703	0.5366265773773193	0.7261825799942017	0.639999270439148	0.7692248821258545	0.7757537961006165	0.2653762698173523	0.8209980726242065	0.44954541325569153	0.1893923580646515	0.7249910235404968	0.5356592535972595	0.7474783658981323	0.19348090887069702	0.5280625820159912	0.41405659914016724	0.42003512382507324	0.7608230710029602	0.49820107221603394	0.7135287523269653	0.35386133193969727	0.6188011169433594	0.26641133427619934	0.47063544392585754	0.38456666469573975	0.4710599184036255	0.21581146121025085	0.26105815172195435	1.149153709411621	0.9905140399932861	0.3575354516506195	0.40459659695625305	0.6362948417663574	0.10534928739070892	0.371080219745636	0.0799591913819313
0.1309524029493332	0.4153967797756195	0.738111674785614	0.4668019115924835	0.3073948323726654	0.22078819572925568	0.18085341155529022	1.0464192628860474	0.26493796706199646	0.21627181768417358	0.10270506143569946	0.4403868615627289	0.9550517201423645	0.5793147683143616	0.4083998501300812	0.4031369388103485	0.5358948707580566	0.2570084035396576	0.8180884718894958	0.3654256761074066	0.823760449886322	0.2827823758125305	0.7083539366722107	0.44048014283180237	0.49158841371536255	0.4644084572792053	0.829210102558136	0.9281556606292725	0.6628292202949524	0.49432817101478577	0.14988261461257935	0.4567022919654846	0.6362991333007812	0.5313068628311157	0.3190576434135437	0.39833900332450867	0.3956696093082428	0.5143278241157532	0.46419963240623474	0.3864942491054535	0.6490935683250427	0.8643543720245361	0.3535534739494324	0.5674728155136108	0.21182608604431152	0.4255196452140808	0.3683686852455139	0.6055523157119751	0.6442076563835144	1.1501785516738892	0.5047312378883362	0.3760647773742676	0.8813706636428833	0.9139111042022705	0.73457270860672	0.3707336485385895	0.7141199707984924	0.9730786085128784	0.4893743395805359	0.3402535617351532	0.31007206439971924	0.3174040615558624	0.7071368098258972	0.5052235126495361	0.4986560344696045	0.5004994869232178	0.7652848362922668	0.6053997874259949	0.40111860632896423	0.6460421085357666	0.28267529606819153	0.37742307782173157	0.8496845364570618	0.8074251413345337	0.7328007221221924	0.43957263231277466	0.5790243148803711	0.33434855937957764	0.5770384073257446	0.7603287696838379	0.1725887656211853	0.3417538106441498	0.2521648705005646	0.1272052675485611	0.469195693731308	0.37667426466941833	1.0318468809127808	0.5553601384162903	0.6139974594116211	0.3520830273628235	0.47745904326438904	0.7036629915237427	0.31625744700431824	0.2767496705055237	0.3653428256511688	1.033339262008667	0.6333714723587036	0.6616204380989075	0.5225967168807983	0.15530824661254883	0.5142128467559814	0.6757432818412781	0.3025166094303131	0.9374409317970276	0.7582657933235168	0.7842732071876526	0.5448513031005859	1.3971015214920044	0.7096994519233704	0.57280033826828	0.4003191590309143	0.9737656116485596	0.4171982705593109	0.31671515107154846	0.8466489315032959	0.5769597887992859	0.3798694610595703	0.4549991488456726	0.880266010761261	0.567959725856781	0.7420721054077148	0.38972675800323486	0.4914543032646179	0.6185992360115051	1.2545467615127563	0.7522257566452026	0.22462040185928345	0.4351566731929779	0.7891271114349365	0.5486664175987244	0.2426091730594635	0.5085103511810303	0.34315311908721924	0.21598489582538605	0.2019454836845398	0.5132931470870972	0.24454858899116516	0.6417108774185181	0.5208825469017029	0.3597453236579895	0.2710510790348053	0.1362726390361786	0.7382278442382812	0.4536653161048889	0.6648871302604675	1.350131630897522	0.30166083574295044	0.06452764570713043	0.3484133183956146	0.23696476221084595	0.2545825242996216	0.2849975824356079	0.596333384513855	0.6493425369262695	0.3534310460090637	0.39618760347366333	0.6409389972686768	0.7810078859329224	0.37482234835624695	0.5324673652648926	0.40118616819381714	0.5663426518440247	0.3343682885169983	0.5141098499298096	0.6998421549797058	0.5379837155342102	0.5352429151535034	0.33911454677581787	1.174431324005127	1.231188178062439	0.20491793751716614	0.24557097256183624	0.41811659932136536	0.4170207381248474	0.2627601623535156	0.4070703685283661	0.2880537807941437	0.48646488785743713	0.4008823335170746	0.22071319818496704	0.5389184355735779	0.4150204658508301	0.3441545367240906	0.8159695267677307	0.48030510544776917	0.7832129001617432	0.5137178897857666	0.22211898863315582	0.2593616843223572	0.7278482913970947	0.3572347164154053	0.2604047358036041	0.644949197769165	0.2645007073879242	0.2566662132740021	0.3040948510169983	0.86076420545578	0.307399183511734	0.6285071969032288	0.6894310116767883	0.43174970149993896	0.8493359088897705	0.2584986388683319	0.3690708577632904	0.5146262645721436	1.210550308227539	0.7001665830612183	0.5587880611419678	0.9026653170585632	0.8017745018005371	0.6134106516838074	0.3116562068462372	0.20724038779735565	0.25923657417297363	0.5493043065071106	0.6545812487602234	0.6697027683258057	0.5776216387748718	0.32237499952316284	0.8356834053993225	0.19108913838863373	0.1886228322982788	0.2013709396123886	0.5535396933555603	0.28856807947158813	0.6335127949714661	0.352959007024765	0.5817244648933411	0.36483004689216614	0.3980676829814911	0.8311754465103149	0.34331879019737244	0.47552740573883057	1.0887547731399536	0.7999966144561768	0.5005156993865967	0.16773025691509247	0.6198374032974243	0.26024073362350464	0.21248763799667358	0.7023009657859802	0.5111358761787415	0.8124476075172424	0.15859884023666382	0.4639589786529541	0.6534463167190552	0.5139374136924744	0.35133618116378784	0.3485024869441986	0.3721728026866913	0.7917243838310242	1.386070728302002	0.3882915675640106	0.32129451632499695	0.4264472424983978	0.6904041767120361	0.7323682308197021	0.4284127652645111	0.863105833530426	0.29665839672088623	0.6675599217414856	0.7096714973449707	0.2997373938560486	0.5803369879722595	0.7823871970176697	0.3568356931209564	0.6238434910774231	0.2872960567474365	0.3661864101886749	0.6625380516052246	0.8106991052627563	0.3887171149253845	0.5435597896575928	0.44549185037612915	0.7450994253158569	0.28608500957489014	0.6480310559272766	0.9601148366928101	0.37475186586380005	0.7546106576919556	0.5095033645629883	0.9986380934715271	0.37382960319519043	0.20848125219345093	0.9100449681282043	0.9671229124069214	0.3634152114391327	0.5613141655921936	0.7623100876808167	0.6084457635879517	0.48545628786087036	0.3370244801044464	0.5675497651100159	0.4373951256275177	0.3663244843482971	0.43200966715812683	1.0258517265319824	0.4005814790725708	0.6869286894798279	0.3720160722732544	0.3296050727367401	0.5378755927085876	1.320094108581543	0.9098057150840759	0.8006702661514282	0.20432215929031372	0.48407185077667236	0.7493433356285095	0.5482564568519592	0.8166953325271606	0.6832177042961121	0.7520828247070312	0.2801976203918457	0.6390769481658936	0.5110845565795898	0.7544743418693542	0.29112565517425537	0.6478433609008789	0.3694080412387848	0.18111127614974976	0.5283166170120239	0.64033043384552	0.6413822174072266	0.5612617135047913	0.6590037941932678	0.3328169286251068	0.6334993839263916	0.7001687288284302	0.494477778673172	0.8958010673522949	1.3065539598464966	0.4364440143108368	0.14078254997730255	0.6671449542045593	1.015563726425171	0.3463326096534729	1.048656940460205	0.9551591277122498	0.5667625069618225	0.6360955834388733	0.15241079032421112	0.503508448600769	0.2951306402683258	0.6236250996589661	0.32053107023239136	0.42716798186302185	0.768096923828125	0.2969246208667755	0.9435297250747681	0.4025578498840332	0.16569805145263672	0.6084269285202026	0.3834729790687561	0.7828055620193481	0.24644595384597778	0.2082269787788391	0.37188854813575745	0.47738006711006165	0.29454395174980164	0.4802510142326355	0.8224505186080933	0.5338327288627625	0.3472268283367157	0.36206677556037903	0.2716754376888275	0.7794764041900635	0.19528783857822418	0.32227641344070435	0.39470115303993225	0.30252936482429504	0.2594803273677826	0.589411199092865	0.49468663334846497	1.359267234802246	0.3689771890640259	0.7353829145431519	0.24750074744224548	0.5234920382499695	0.13061736524105072	0.3962242603302002	0.2015947550535202	0.6507981419563293	0.554076611995697	0.5903280973434448	0.3040332496166229	0.4943064749240875	1.0580084323883057	0.475895494222641	0.5108652710914612	0.22563694417476654	0.5139022469520569	0.3322863280773163	0.41384291648864746	0.35348984599113464	0.5139539837837219	0.6240412592887878	0.667719304561615	0.6327148675918579	0.6076160073280334	0.44770628213882446	0.6220431327819824	0.6121317148208618	0.525854229927063	0.449118971824646	0.3054644465446472	0.6136610507965088	0.46643367409706116	0.53785640001297	0.49300143122673035	0.20750567317008972	0.9269216060638428	0.1009199395775795	0.6955049633979797	0.48654377460479736	0.4462255537509918	0.8163453340530396	0.4301982522010803	0.6998570561408997	0.6471469402313232	0.7774803638458252	0.2697514295578003	0.4656790792942047	0.7958823442459106	0.4003048241138458	0.7921566963195801	0.2995298206806183	0.6236385703086853	0.7174680233001709	0.3321819305419922	0.9409233331680298	0.7606708407402039	0.6505096554756165	0.629792332649231	0.5392435193061829	0.31987565755844116	0.3589409589767456	0.460466593503952	0.5013030171394348	0.5581943988800049	0.40460503101348877	0.7464105486869812	0.8155514597892761	1.2202317714691162	0.7442992329597473	0.5342119336128235	0.6342167854309082	0.7918388843536377	0.5133971571922302	0.42929819226264954	0.32435745000839233	0.6316119432449341	0.4039513170719147	0.4657789468765259	0.35690996050834656	0.4693109095096588	0.22533603012561798	0.20903147757053375	0.5641912817955017	0.5797637701034546	0.6495861411094666	0.9221182465553284	0.507770299911499	0.3522208631038666	0.18922117352485657	0.18718695640563965	0.7729619145393372	1.0949140787124634	0.47051072120666504	0.26511794328689575	0.6654331088066101	0.38508427143096924	0.4940391182899475	0.45281532406806946	0.434044748544693	0.5343358516693115	0.4400491714477539	0.9073278903961182	0.48227232694625854	0.4323464632034302	0.4524450898170471	0.6065736413002014	0.20211854577064514	0.583272397518158	0.8427640795707703	0.46363478899002075	1.2456929683685303	0.49029475450515747	1.0528271198272705	0.45421290397644043	0.33635255694389343	0.18867537379264832	0.5317674279212952	0.8231287598609924	0.5450693368911743	0.5580157041549683	0.36071690917015076	0.4498540461063385	0.4467826783657074	0.3820006251335144	0.6990704536437988	0.30899176001548767	0.5259144306182861	0.7969020009040833	0.5086866617202759	0.2237527221441269	0.7693589925765991	0.19295917451381683	0.2512891888618469	0.47318756580352783	0.4061395227909088	0.3855392634868622	0.7635167837142944	0.2848932445049286	1.1075255870819092	0.40761205554008484	0.4783306419849396	0.23122401535511017	0.24238575994968414	0.5821430087089539	0.4452119767665863	0.6183679103851318	0.26913344860076904	1.0883591175079346	0.8583612442016602	0.37973475456237793	0.2962953448295593	0.874051570892334	0.4054279923439026	0.7771725058555603	0.53202885389328	1.1289935111999512	0.6518620252609253	0.7777202129364014	1.0774199962615967	0.6591006517410278	0.38827160000801086	0.49480533599853516	0.4597418010234833	0.3813936114311218	0.6386106014251709	0.7096677422523499	1.0629850625991821	0.7713007926940918	0.4733499586582184	0.39202186465263367	0.3967020511627197	0.36721909046173096	0.20508867502212524	0.7233424186706543	0.318886399269104	0.6391534805297852	0.7299689054489136	0.4650558829307556	0.14448894560337067	0.16502167284488678	0.3005528151988983	0.40461039543151855	0.5150769948959351	0.4517063498497009	0.6471543908119202	0.31256911158561707	0.608604907989502	0.4040639102458954	0.4981658458709717	0.6809516549110413	0.2543465793132782	0.25836798548698425	0.19731760025024414	0.3863295018672943	0.6900135278701782	0.12421867996454239	0.6471735835075378	0.35885632038116455	0.6806485056877136	0.41958165168762207	0.35718226432800293	0.3739912509918213	0.22711236774921417	0.3621004521846771	0.36739712953567505	0.41318926215171814	0.21445906162261963	0.4485877454280853	0.6185809373855591	0.3685927093029022	0.4990675449371338	0.5276719331741333	0.7905845642089844	0.4027266502380371	0.6447672843933105	0.7449701428413391	1.2178760766983032	0.4017984867095947	0.3429187834262848	0.4592590034008026	0.27357715368270874	0.24261246621608734	0.28744226694107056	0.4942084550857544	0.23739837110042572	0.3618256151676178	0.5501514673233032	0.5286301970481873	0.5488981008529663	0.6809816956520081	0.43091267347335815	0.28388702869415283	0.4762994647026062	0.7114814519882202	0.48971033096313477	0.2859448194503784	0.42193228006362915	0.5052919983863831	0.45713409781455994	0.46789073944091797	0.7335485219955444	0.1854826956987381	0.3669404089450836	0.546461820602417	0.4435413181781769	0.23089225590229034	0.4843371510505676	0.5635630488395691	0.8798794746398926	0.4158262610435486	0.2522180378437042	0.8204941749572754	0.8942661881446838	0.1875530183315277	0.34082087874412537	0.29255953431129456	0.19681517779827118	0.05660516023635864	0.61007159948349	0.19830143451690674	0.1628045290708542	0.7713534832000732	0.4708642363548279	0.2948298156261444	0.36091703176498413	0.3199481666088104	0.731647253036499	0.45413336157798767	0.4737023115158081	0.6480318307876587	0.5034630298614502	0.42109188437461853	0.42690494656562805	0.38658738136291504	1.3821693658828735	0.7102934122085571	0.11252424120903015	0.30502986907958984	0.3971685469150543	0.5717099905014038	0.2433609962463379	0.3922860622406006	0.6681154370307922	0.8461357951164246	0.2219192236661911	0.5397622585296631	0.5014833211898804	0.3642826974391937	0.6314392685890198	0.2955213785171509	0.5290514826774597	0.2728227376937866	0.49972277879714966	0.44161519408226013	0.8103204965591431	0.4830874502658844	0.4822642207145691	0.4014001190662384	0.778349757194519	0.4456191658973694	0.770521342754364	0.8845625519752502	0.5621665716171265	1.3350600004196167	0.17076320946216583	0.6027477383613586	0.1822587251663208	0.7047210335731506	0.7560458779335022	0.95842444896698	0.489729106426239	0.7940326929092407	0.5065712928771973	0.5288985371589661	0.3747594654560089	1.0197187662124634	0.7740251421928406	0.2579682469367981	0.4293040633201599	0.20668591558933258	0.4554036855697632	0.43658924102783203	0.17605644464492798	0.5890279412269592	0.6114063262939453	0.47443073987960815	0.4172513782978058	0.31798699498176575	0.12124653160572052	0.3684424161911011	0.41045913100242615	0.6521879434585571	0.6767387986183167	0.4600721001625061	0.8943647146224976	0.529890239238739	0.6402465105056763	0.4597081243991852	0.5143060684204102	0.3671453297138214	0.37704578042030334	0.9195775985717773	0.6463033556938171	0.828140914440155	0.5478165149688721	0.611371636390686	0.6085411310195923	0.6784511208534241	0.42933186888694763	0.5080769062042236	0.5212279558181763	0.45148003101348877	0.7428625226020813	1.1081129312515259	0.680209755897522	0.3000129461288452	0.19107887148857117	0.3796198070049286	0.5788097977638245	0.5581469535827637	0.42637795209884644	0.23098838329315186	0.6405264139175415	0.5540586113929749	0.19674642384052277	0.6777240037918091	0.5255290269851685	0.3069526255130768	0.41704627871513367	0.8190475702285767	0.47136786580085754	0.46405935287475586	0.5080414414405823	0.5395843982696533	0.7886249423027039	0.5476723909378052	0.3400762379169464	0.2328300178050995	0.1665043830871582	0.14705409109592438	0.3408665955066681	1.0718649625778198	0.43761393427848816	0.8573777675628662	0.819905161857605	0.5832072496414185	0.47983741760253906	0.2491491585969925	0.5185234546661377	0.3479229807853699	0.19700804352760315	0.5232243537902832	0.3521552085876465	0.4419165551662445	0.5441384315490723	0.20827680826187134	0.46009138226509094	0.7621245384216309	0.5558398962020874	0.46072816848754883	0.4725019633769989	0.5020776391029358	0.3273560404777527	0.14492268860340118	0.4705788493156433	0.3389299809932709	0.603309154510498	0.5831407308578491	0.4383368492126465	0.2103113830089569	0.7798453569412231	0.35456883907318115	0.32038524746894836	0.6786293387413025	0.4423685073852539	0.9260244369506836	0.4689212739467621	0.8944966793060303	0.49168211221694946	0.6979800462722778	0.5380147099494934	0.7977959513664246	0.5667078495025635	0.22791576385498047	0.8474364280700684	0.5173652768135071	0.28817278146743774	0.971879243850708	0.5408079028129578	0.2988128066062927	0.6541149020195007	0.6174731254577637	0.43760380148887634	1.016725778579712	0.5704419612884521	0.8328554630279541	0.27395376563072205	0.5303531289100647	0.3742958605289459	0.5258268713951111	0.48798102140426636	0.616795003414154	0.6900429725646973	0.262007474899292	0.35903844237327576	0.5107937455177307	0.5820537805557251	0.3837812840938568	0.6884674429893494	0.4136325716972351	0.650562047958374	0.2730851471424103	0.30463817715644836	1.2208083868026733	0.2280917465686798	0.5164905786514282	0.6308377385139465	0.47175133228302	0.4544200301170349	0.48610344529151917	0.4101315438747406	0.35703206062316895	0.5504440069198608	0.3801577091217041	0.23101334273815155	0.3297508955001831	0.25653427839279175	0.5386168956756592	0.4120805263519287	0.9672072529792786	0.49062520265579224	0.1787242591381073	0.39202338457107544	0.7007174491882324	0.6381925940513611	0.5466060042381287	0.48186713457107544	0.20875893533229828	0.6249463558197021	0.6990960240364075	0.5695805549621582	0.36816510558128357	0.7433116436004639	0.5686405301094055	0.3285819888114929	0.2497912347316742	0.2560064196586609	0.15634210407733917	0.20719590783119202	0.6593121886253357	0.26159435510635376	0.1442471593618393	0.5333313345909119	0.6293719410896301	0.7766426801681519	0.48459914326667786	0.3649621307849884	0.27180105447769165	0.8766446113586426	0.8460934162139893	0.5699050426483154	0.4477299451828003	0.4741697907447815	0.42464694380760193	0.32281026244163513	0.6719422340393066	0.346792608499527	0.3822045624256134	0.30283698439598083	0.3025493919849396	0.5452156662940979	0.2901417911052704	0.8446918725967407	0.8195061087608337	0.4301965534687042	0.38194984197616577	0.1530514359474182	0.30446580052375793	0.578420877456665	0.6474086046218872	0.7229670286178589	0.10621325671672821	0.6703567504882812	0.6075382828712463	0.19023169577121735	0.3068293631076813	0.33368605375289917	0.7821322083473206	0.37475165724754333	0.3002853989601135	0.8964923024177551	0.4789994955062866	0.20525948703289032	0.5851541757583618	0.19780796766281128	0.3780978322029114	0.6629025340080261	0.5886630415916443	0.5170709490776062	0.9070940613746643	0.2716357111930847	0.5914939045906067	0.0617557093501091	0.20666611194610596	0.44941630959510803	0.5520972013473511	0.5106831192970276	0.7335904836654663	0.80000901222229	0.554546594619751	0.36576589941978455	0.4711292088031769	0.9219010472297668	0.23781108856201172	0.5762955546379089	0.4568006694316864	0.815244197845459	0.37338414788246155	0.7651749849319458	0.2845298647880554	0.36499518156051636	0.3128569424152374	0.3202029764652252	0.515741229057312	0.31807252764701843	0.22643530368804932	0.30984705686569214	0.18521863222122192	0.23181888461112976	0.3108595907688141	0.5182721614837646	0.6084660291671753	0.6409090161323547	0.503332793712616	0.8228451609611511	0.48861974477767944	0.6262127757072449	0.3981279134750366	0.9331614375114441	0.5602378249168396	0.42798468470573425	0.9261212944984436	0.18386520445346832	0.8201636672019958	0.6299172043800354	0.2586023211479187	0.49626508355140686	0.3728979825973511	0.3552533686161041	0.30157315731048584	0.30593761801719666	0.4258120357990265	0.3661186695098877	0.4525609314441681	0.3730984926223755	0.2547769844532013	0.297162801027298	0.36176571249961853	0.21577712893486023	1.1284619569778442	0.5990390777587891	0.5374612212181091	1.3227992057800293	0.9773240685462952	0.34056177735328674	1.5617403984069824	1.0753209590911865	0.6802871227264404	0.42699235677719116	0.33165857195854187	0.35540157556533813	0.486979603767395	0.23761677742004395	0.8105276226997375	0.19012252986431122	0.5548625588417053	0.5685806274414062	0.4608762860298157	0.6591067910194397	0.9147243499755859	0.569192111492157	0.5415188670158386	0.3074262738227844	0.4518807828426361	0.4587487578392029	0.27737319469451904	0.49953770637512207	0.6151981353759766	0.5043653845787048	0.5997463464736938	0.5320715308189392	0.8551476001739502	0.5280826687812805	0.9914929866790771	0.3827420473098755	1.1802393198013306	0.29530784487724304	0.9066386818885803	0.7252619862556458	0.44013068079948425	0.8468912839889526	0.5276944041252136	0.783018946647644	0.6395007967948914	0.5341857075691223	0.24344885349273682	0.8740134239196777	0.6204256415367126	0.3557305335998535	0.5707601308822632	0.18815049529075623	0.2673424482345581	0.33176228404045105	1.0704610347747803	0.7589688301086426	0.937554657459259	1.040269374847412	0.4444316327571869	0.4007378816604614	0.8458197116851807	0.4900701940059662	0.26609256863594055	0.9113101959228516	0.5184210538864136	0.3452721834182739	0.5436648726463318	0.2120593935251236	0.9018413424491882	0.4779885411262512	0.8031824231147766	0.7443302869796753	0.29917842149734497	1.065718412399292	0.18891994655132294	0.39007627964019775	0.17557339370250702	0.26567956805229187	0.441100150346756	0.45686620473861694	0.7611651420593262	0.4711132049560547	0.23705582320690155	0.3682025372982025	0.6043303608894348	0.30991625785827637	0.483695387840271	0.4459840953350067	0.3492649495601654	0.7876009345054626	0.33245834708213806	0.7560347318649292	0.1617574393749237	0.3440835177898407	0.33266472816467285	0.5439394116401672	0.6103684902191162	0.16130465269088745	0.3083561956882477	0.5112184882164001	0.3648565411567688	0.17808476090431213	0.5039697885513306	0.4304407835006714	0.7103103399276733	0.30409157276153564	0.25772345066070557	0.5937423706054688	1.1674845218658447	0.5400553345680237	0.4045388996601105	0.4421188235282898	0.23766419291496277	0.32062748074531555	0.601823627948761	0.5835927724838257	0.917763352394104	0.6932469010353088	0.2258046269416809	0.4214613139629364	0.6255141496658325	0.39254480600357056	0.49881890416145325	0.5187179446220398	0.6004581451416016	0.2944757342338562	0.4747941792011261	0.479250431060791	0.2507230341434479	0.7768718600273132	0.8801177144050598	0.46670040488243103	0.6155362129211426	0.42269366979599	0.7600659132003784	0.49917134642601013	0.7376833558082581	0.45269495248794556	0.2834702134132385	0.9707725048065186	0.8608040809631348	0.6418377161026001	0.37945082783699036	0.662884533405304	0.43104273080825806	0.8522921800613403	0.3915615379810333	1.1011205911636353	0.48226746916770935	0.5363016128540039	0.4078916907310486	0.5039903521537781	0.5231627821922302	0.7540826797485352	0.27293702960014343	0.14494937658309937	0.6815669536590576	0.6764247417449951	0.7749324440956116	0.5007531046867371	0.3677310645580292	0.6666399240493774	0.9510389566421509	0.32112354040145874	0.34467071294784546	0.5182163119316101	0.2685106098651886	0.3328996002674103	0.17496636509895325	0.28088071942329407	0.46433308720588684	0.20746473968029022	0.3373345732688904	0.8493568897247314	0.3776437044143677	0.9019017219543457	0.668586254119873	0.6404982805252075	0.8892474174499512	0.7729410529136658	0.35022586584091187	0.44200819730758667	0.8000550270080566	0.6285433769226074	0.4431048631668091	0.2977510690689087	0.3673112094402313	0.6778097748756409	0.2076011747121811	0.4959847033023834	0.5988303422927856	0.34771493077278137	0.26755744218826294	0.7406414151191711	0.13330963253974915	0.5278419852256775	0.6681703329086304	0.2930404245853424	0.7882513403892517	0.2943809926509857	0.2847648859024048	0.5422650575637817	0.2712055742740631	0.33437252044677734	0.4408421516418457	0.5335814952850342	0.6664149165153503	0.40192821621894836	0.5104102492332458	0.3633948564529419	0.46238991618156433	0.09291041642427444	0.49639639258384705	0.6625158190727234	0.2681955099105835	1.020006775856018	0.883205235004425	0.44508352875709534	0.41162997484207153	0.29991576075553894	0.4649749994277954	0.23697474598884583	0.38363218307495117	0.5794835686683655	0.6078497171401978	0.4383332133293152	0.5193554162979126	0.3129178285598755	0.5029626488685608	0.7733657956123352	0.3009049594402313	0.4798671007156372	0.6632040739059448	0.9509797692298889	0.8467890620231628	0.44242051243782043	0.593032956123352	0.35222938656806946	0.33407241106033325	0.7529923915863037	0.856761634349823	0.8526404500007629	0.4236326813697815	0.5666027069091797	0.5868281126022339	0.19492273032665253	0.500716507434845	0.3836415708065033	0.3331010341644287	0.999212384223938	1.6448017358779907	0.967090904712677	0.4073529541492462	0.5795629620552063	0.7762196063995361	0.878139078617096	0.5256123542785645	0.6448221206665039	0.6445537209510803	0.6926741003990173	0.40020084381103516	1.1141554117202759	0.41629159450531006	0.5058488249778748	0.9174325466156006	0.15608178079128265	0.5335904955863953	0.1964341253042221	0.3157460689544678	0.4783010482788086	0.884747326374054	0.5079922080039978	0.6181194186210632	0.13745656609535217	0.7021028995513916	1.4202886819839478	0.5855848789215088	1.243630051612854	0.2890987992286682	0.239920511841774	0.7821758985519409	0.3567662239074707	0.5982129573822021	0.6431840062141418	0.4454653263092041	0.9175743460655212	0.3022020757198334	0.4560474455356598	0.4275064468383789	0.16436873376369476	0.3285757303237915	0.1452411264181137	0.6450372934341431	0.5984430313110352	0.2808307409286499	1.0861319303512573	0.6535270810127258	0.7096191644668579	0.40469732880592346	1.4204553365707397	0.26451054215431213	0.7280789613723755	0.3311098515987396	0.9951531887054443	0.3368785083293915	0.6337399482727051	0.6258544921875	0.31531184911727905	0.9372892379760742	0.2778246998786926	0.3762294352054596	0.5832765698432922	0.6151790022850037	0.9196552038192749	0.46109917759895325	1.110316276550293	0.5482287406921387	0.2868190407752991	0.6544158458709717	0.4917050004005432	0.12478124350309372	0.6548042297363281	0.7671064138412476	0.09512634575366974	0.2934049963951111	0.7875385284423828	0.22715061902999878	0.3625364303588867	0.5125585794448853	0.48464691638946533	0.3021022379398346	0.42841196060180664	0.3279903531074524	0.31827253103256226	0.22614125907421112	0.3788972496986389	0.7407143712043762	0.3188808560371399	0.46886321902275085	1.0031113624572754	0.7594073414802551	0.23865941166877747	0.31583940982818604	0.7350856065750122	0.6770811676979065	0.39522382616996765	0.5040099620819092	0.755872368812561	0.2831801772117615	0.837327241897583	0.6431727409362793	0.6478095054626465	1.001639485359192	0.5080320239067078	0.5508021712303162	0.48071590065956116	0.17999756336212158	0.6200564503669739	0.17190277576446533	0.5522734522819519	0.24468718469142914	0.2699485421180725	0.36378949880599976	0.40221524238586426	0.6412383317947388	0.44108107686042786	0.18618318438529968	0.5659072399139404	1.0113940238952637	0.7816404700279236	1.185376763343811	0.6341215372085571	0.4637863337993622	0.4475098252296448	0.7457300424575806	0.20383965969085693	0.4191303849220276	0.8383970260620117	0.50235515832901	0.18650753796100616	0.4025571346282959	0.22140951454639435	0.9625933766365051	0.70961993932724	0.571790337562561	0.34060972929000854	0.3276711106300354	0.6628097295761108	0.3730396032333374	0.6566434502601624	0.3607753813266754	0.39215174317359924	0.4220753014087677	0.19423338770866394	0.5732749700546265	0.6204229593276978	0.5158603191375732	0.4644619822502136	0.42921194434165955	0.7507436871528625	0.3505188524723053	0.3778124451637268	0.43979477882385254	0.8139438033103943	0.9871071577072144	0.8662921190261841	0.3050219416618347	1.097870111465454	0.8181005120277405	0.033208929002285004	0.4664481580257416	0.2665574848651886	0.8257990479469299	1.1072282791137695	0.42001768946647644	0.6557227373123169	0.4323582351207733	0.34555917978286743	0.2289419025182724	0.32166457176208496	0.36756059527397156	0.5435263514518738	0.3551509976387024	0.724035918712616	0.5130094885826111	0.7032920122146606	0.23703861236572266	0.3451472222805023	0.15374755859375	0.936591625213623	0.46344757080078125	0.3761313855648041	0.7664445638656616	0.7690631747245789	0.3945673704147339	0.6174350380897522	0.563754141330719	0.6741594076156616	0.38760432600975037	0.6541736125946045	0.6090580821037292	0.5561818480491638	0.2997867465019226	0.3689137101173401	0.6934426426887512	0.7702364325523376	0.45965176820755005	0.222084179520607	0.3289055824279785	0.7263411283493042	0.260204553604126	1.113344669342041	0.3706262707710266	0.16753369569778442	0.6175892353057861	0.4773116409778595	0.4921213388442993	0.26316308975219727	0.5675792098045349	0.6325284242630005	0.4082387387752533	0.15359552204608917	0.26133212447166443	0.4659535586833954	0.4007384479045868	0.21847259998321533	0.9089019894599915	0.7450844645500183	0.9618892073631287	0.2889386713504791	0.8832005858421326	0.1944180727005005	0.4775646924972534	0.439403772354126	0.1400115042924881	0.7978253364562988	0.4052925407886505	0.5615300536155701	0.4505811333656311	0.5095106363296509	0.5921430587768555	0.043150294572114944	0.7085182666778564	0.4839625954627991	1.0697461366653442	0.3669716715812683	0.9751923084259033	0.28032219409942627	0.1724260151386261	0.41226640343666077	0.48472991585731506	0.4258466958999634	0.346744179725647	0.7399502992630005	0.2931395173072815	0.8480225205421448	0.9783167839050293	0.4351280927658081	0.6578466296195984	0.2923761010169983	0.5226489901542664	0.3204100728034973	0.31569233536720276	0.5158026218414307	0.6291007399559021	0.2561160624027252	0.4278770387172699	0.276687890291214	0.5983085632324219	1.0936791896820068	0.8411739468574524	0.31671684980392456	0.7635669112205505	1.0505328178405762	0.5228184461593628	0.6469460129737854	0.8766849040985107	0.3370952606201172	0.49489715695381165	0.48834070563316345	1.1246222257614136	0.37380626797676086	0.30753636360168457	0.8857038617134094	0.800754964351654	0.5478975176811218	0.5546448230743408	1.3090838193893433	0.7716490030288696	0.345584899187088	0.23598554730415344	0.7290011644363403	0.2000366598367691	0.3414440155029297	0.8157340288162231	0.28722482919692993	0.0892568975687027	0.46223655343055725	0.3604619801044464	0.6201931238174438	0.5134837031364441	0.3522822856903076	0.6459061503410339	0.2533113956451416	0.27755364775657654	0.6110672950744629	0.3491816818714142	0.8412736654281616	0.43318095803260803	0.2381395548582077	0.6238057017326355	0.3659113347530365	0.3722476363182068	0.4938620924949646	0.670878529548645	0.589856743812561	0.6411469578742981	0.5203888416290283	0.7852957248687744	0.16578680276870728	0.2251569926738739	0.6341296434402466	0.1745648980140686	0.48971349000930786	0.6690265536308289	0.5820189714431763	0.22897487878799438	0.32261237502098083	0.7164105772972107	0.5139898657798767	0.933158814907074	0.8904657363891602	0.6282824873924255	0.981231689453125	0.4371127188205719	0.4429432153701782	0.5807744860649109	0.2850615680217743	0.38446566462516785	0.8329487442970276	0.31799226999282837	0.5486730933189392	0.3582775294780731	0.7005021572113037	0.5504445433616638	0.39697331190109253	0.3046552538871765	0.48902857303619385	0.27413469552993774	1.0815587043762207	0.2759721875190735	0.32131966948509216	0.7629377245903015	0.5061358213424683	0.532993495464325	0.6396595239639282	0.31646761298179626	0.9462174773216248	0.27597519755363464	0.727682888507843	0.3940427899360657	0.25374966859817505	1.0423786640167236	0.6980973482131958	0.33654171228408813	0.5109890103340149	0.5212188959121704	0.3635750710964203	0.5583999156951904	0.4900107979774475	0.23524712026119232	0.10249390453100204	0.8203120231628418	0.4514649510383606	0.551362931728363	0.8179547786712646	0.5354582071304321	0.36891329288482666	0.5479035377502441	0.9210666418075562	0.5335906744003296	0.5277836918830872	0.18939414620399475	0.8233993649482727	0.5497486591339111	1.0921201705932617	0.3552565574645996	0.37549182772636414	0.0806305855512619	0.26134923100471497	0.665445864200592	0.48856326937675476	0.9067882299423218	0.34391069412231445	0.7695585489273071	0.20117515325546265	0.6058964729309082	0.4517555236816406	0.5532211065292358	0.5604777932167053	0.7137947082519531	1.3779643774032593	0.790999174118042	0.9041902422904968	0.7983983755111694	0.2247551679611206	0.8648509383201599	0.15797492861747742	0.7606034278869629	0.3990449905395508	0.8364764451980591	0.6510487198829651	0.147619366645813	0.19434002041816711	0.6578164100646973	0.4863300919532776	0.2029355764389038	0.3339376449584961	0.9253074526786804	0.5199813842773438	0.30758965015411377	0.5985004305839539	0.7489012479782104	0.5108432769775391	0.3861292004585266	0.5789830684661865	0.31942692399024963	0.29052233695983887	0.45642945170402527	0.5977775454521179	0.22871755063533783	0.45277833938598633	0.08212005347013474	0.14134712517261505	0.47025641798973083	0.4547294080257416	0.6803489923477173	0.19673271477222443	0.3673555850982666	0.9231903553009033	0.15653565526008606	0.39209219813346863	0.570552408695221	0.5140398740768433	0.9189034700393677	0.23762181401252747	0.35614851117134094	0.7043479681015015	0.5964096784591675	0.4337155222892761	0.6272324919700623	1.3355352878570557	0.8540502190589905	0.716347336769104	0.374809205532074	0.3139386773109436	0.569646418094635	0.23071834444999695	1.0114946365356445	0.5274614095687866	0.2689926326274872	0.23319163918495178	0.6430807113647461	0.3201787769794464	0.4434106647968292	0.4867100119590759	1.0632073879241943	0.36193403601646423	0.1429724544286728	0.3761487603187561	0.7377138733863831	0.13764283061027527	0.09410080313682556	0.4310441315174103	0.6741121411323547	0.742455780506134	0.6029640436172485	0.27004680037498474	0.5325039029121399	0.18616390228271484	1.095943808555603	0.16317184269428253	0.2953568398952484	0.4603610932826996	0.5738139152526855	0.93370521068573	0.2237929105758667	0.3451569974422455	0.8834401369094849	0.3668440580368042	0.22867314517498016	0.5823013782501221	0.4712156057357788	0.8251572847366333	0.5863287448883057	0.455194890499115	0.5653179883956909	0.22166457772254944	0.3204277753829956	0.2822569012641907	0.47386348247528076	0.4145090878009796	0.2118891477584839	1.1335883140563965	0.8698848485946655	0.38949859142303467	0.7405433058738708	0.2760595679283142	0.28552407026290894	0.683821976184845	0.21947652101516724	0.3864516615867615	0.2903664708137512	0.19996637105941772	0.4120933413505554	0.6770265698432922	0.3073773980140686	1.6151529550552368	0.35606542229652405	0.6339676976203918	0.5870906114578247	0.3533027768135071	0.45644956827163696	0.4171244502067566	0.17291437089443207	0.2029106765985489	0.4607163965702057	0.5738133192062378	0.7129442095756531	0.10005059838294983	0.7039461135864258	0.9455052018165588	0.13619835674762726	1.052304983139038	0.8867100477218628	1.0014631748199463	0.3003699481487274	0.6530086398124695	1.0346732139587402	0.6620549559593201	0.7606052160263062	0.7430866956710815	0.34449467062950134	0.35553503036499023	0.4177299737930298	0.3258178234100342	0.37602320313453674	0.8393564820289612	0.4072400629520416	0.5348935127258301	0.8183637857437134	0.5687833428382874	0.7810581922531128	0.4254361391067505	0.3705974519252777	0.2604720890522003	0.7288516163825989	0.2967308759689331	0.4088388979434967	0.7475851774215698	1.038299560546875	0.7166481614112854	0.26105549931526184	0.6449750661849976	0.3157855272293091	0.4198087751865387	0.7244133353233337	0.39076390862464905	0.6465901732444763	0.4842180609703064	0.37577924132347107	0.7279449701309204	0.7263844609260559	0.6980726718902588	0.2691216468811035	0.47857511043548584	1.107116460800171	0.44761592149734497	0.41894716024398804	0.8394070863723755	0.23943646252155304	0.48915451765060425	0.598893404006958	0.6958970427513123	0.0660228282213211	1.1548362970352173	0.33418816328048706	0.29415225982666016	0.21410183608531952	0.6795668601989746	0.7247881293296814	0.36073893308639526	0.7727075815200806	0.6595249772071838	0.7252104878425598	0.3490432798862457	0.45025262236595154	0.4527880549430847	0.4891853332519531	0.7971339821815491	0.4022658169269562	0.13689909875392914	0.463615745306015	0.3429120182991028	0.7210874557495117	0.7341793179512024	0.64177006483078	0.2169189453125	0.7730304598808289	0.22630852460861206	0.23875513672828674	0.6867632269859314	0.5836600065231323	0.9256834983825684	0.30143213272094727	0.6317879557609558	1.6105800867080688	0.9189265966415405	0.5218475461006165	0.22652745246887207	0.7725769877433777	0.3912886679172516	0.7641182541847229	0.46767371892929077	0.4538991153240204	0.3313594162464142	0.4311677813529968	0.4930613040924072	0.2500345706939697	0.5002243518829346	0.4864283800125122	0.3222867250442505	0.3217882812023163	0.5213918685913086	0.4192240834236145	0.4677008390426636	0.31456297636032104	0.3411807119846344	1.0059374570846558	0.7099027633666992	0.5116648077964783	0.6041321158409119	0.1520930826663971	1.2055141925811768	0.4418144226074219	0.8280107975006104	0.39333096146583557	0.3117743730545044	0.46067163348197937	1.1269768476486206	0.7921911478042603	0.3957659602165222	0.9322572350502014	0.5058294534683228	0.24677732586860657	0.5739286541938782	0.24289192259311676	0.25440487265586853	0.4019075930118561	0.2683868110179901	0.6123197674751282	0.27740478515625	0.30964526534080505	0.5442826747894287	0.24287031590938568	0.2632843852043152	0.48523440957069397	0.40352770686149597	0.5335059762001038	0.3218729496002197	0.3315867781639099	0.3190646469593048	0.09255176782608032	0.022876810282468796	0.4695264399051666	0.3295048475265503	0.47597411274909973	0.5959993600845337	0.7304666042327881	0.4091849625110626	0.3488534688949585	0.5225449800491333	0.39568769931793213	0.3585629165172577	0.9638758301734924	0.6167852878570557	0.32380160689353943	0.6432465314865112	0.43362486362457275	0.5981178283691406	0.4567629098892212	0.3320763409137726	0.4881737530231476	0.2430035024881363	0.5209237933158875	0.3999151289463043	0.5909028053283691	0.29438379406929016	0.3217673599720001	0.3671647906303406	0.5288788080215454	0.3245519697666168	0.9946077466011047	0.6822369694709778	0.3522926867008209	0.40382933616638184	0.4870501160621643	0.7442940473556519	0.5213577151298523	1.1886719465255737	0.6736190319061279	0.3477853238582611	0.3820577561855316	0.34229356050491333	0.428184449672699	0.5597090721130371	0.5088992714881897	0.2996327877044678	0.40108928084373474	0.5041323304176331	0.5964057445526123	0.42059120535850525	0.690022885799408	0.31025761365890503	0.5358840823173523	0.4379503130912781	0.532835066318512	0.4171673059463501	0.5473886728286743	0.558596670627594	0.27599015831947327	0.7766022682189941	0.26409777998924255	0.2545390725135803	0.2903478741645813	0.4255680739879608	0.29169654846191406	0.359433650970459	0.24171337485313416	0.5447641611099243	0.5151906609535217	0.6645662784576416	0.13076145946979523	0.811914324760437	0.8208186030387878	0.9797251224517822	0.3117309510707855	1.2325177192687988	0.5318336486816406	0.11595819890499115	0.39957916736602783	0.5874785780906677	0.2453163117170334	0.5565798282623291	0.37163349986076355	0.6387273669242859	0.3086869418621063	0.6776803731918335	0.32535746693611145	1.102116584777832	1.1529033184051514	0.12477682530879974	0.2765699326992035	0.2281029224395752	0.3847038745880127	0.5985260009765625	0.4959173798561096	0.3856208324432373	0.4136910140514374	0.28604862093925476	0.9353426098823547	0.33598095178604126	0.5410570502281189	0.4431135654449463	0.4967609643936157	0.13332077860832214	0.5021383166313171	0.29018867015838623	0.7925240993499756	0.49773910641670227	0.674375057220459	0.5243687033653259	0.7891736030578613	0.745658278465271	0.19669407606124878	0.46202078461647034	0.17397142946720123	0.18506936728954315	0.3548567593097687	0.6003322601318359	0.27240878343582153	0.3902810215950012	0.333441823720932	0.7797686457633972	0.7630897760391235	0.5466606020927429	0.7214141488075256	0.7787009477615356	0.5846541523933411	0.2755874693393707	0.48171266913414	0.3099331855773926	0.46152475476264954	0.6587148904800415	0.2023153454065323	1.0749610662460327	0.9779026508331299	0.16964110732078552	0.7133296728134155	0.4668567180633545	0.8762447237968445	0.259968638420105	0.37172603607177734	0.4470396935939789	0.5588338375091553	0.20724914968013763	0.6808826327323914	0.854516327381134	0.11847962439060211	0.21612995862960815	0.7171581387519836	0.6157717704772949	0.5215074419975281	0.509175717830658	0.4824938476085663	0.5526014566421509	0.8869526386260986	0.910758376121521	0.436257928609848	0.9052504301071167	0.8255659937858582	0.3246409595012665	0.623953104019165	0.3259721100330353
1.3473635911941528	0.9331303238868713	0.7849076390266418	0.0	0.14058423042297363	0.21479016542434692	0.657691478729248	0.8491119146347046	0.3384653925895691	0.20483431220054626	0.061963994055986404	0.2059570699930191	1.3353667259216309	0.5413581132888794	0.47823482751846313	0.6376354098320007	0.40558579564094543	0.17082558572292328	0.6318540573120117	0.25095558166503906	0.5314477682113647	0.2828737795352936	0.5376024842262268	0.690813422203064	0.25290417671203613	1.1358217000961304	0.8622685074806213	1.290450930595398	0.7459323406219482	0.5335712432861328	0.48640209436416626	0.25802046060562134	1.0212410688400269	0.09264302253723145	0.3047533929347992	0.4671686887741089	0.3407334089279175	0.5766540169715881	1.106769323348999	0.4227820634841919	0.29212889075279236	1.5641663074493408	0.6893308162689209	0.5950354337692261	0.1976790428161621	0.10746307671070099	0.5959321856498718	0.6007938385009766	0.2808714509010315	1.5750234127044678	0.679671585559845	0.29727864265441895	0.7300596833229065	0.263600617647171	0.9163604974746704	0.3343161940574646	0.5934451222419739	0.07468436658382416	0.4017653167247772	0.2612904906272888	0.36970627307891846	0.15852117538452148	0.6343232989311218	0.885134220123291	0.25553515553474426	0.7694587707519531	1.07197105884552	0.17485010623931885	0.2135869562625885	0.9262852668762207	0.4987574517726898	0.42093271017074585	0.7258567214012146	0.5003172159194946	0.4239574670791626	0.17136673629283905	0.5828612446784973	0.06880351155996323	0.8390918970108032	0.9355368614196777	0.04642913490533829	0.8472320437431335	0.3727834224700928	0.24723905324935913	0.8364207744598389	0.2951820492744446	0.5224677920341492	0.8475300669670105	0.2624606490135193	0.17019402980804443	0.29471850395202637	0.4816546142101288	0.007924058474600315	0.5949804186820984	0.41190963983535767	0.24704641103744507	0.3256053328514099	0.17999517917633057	0.5332786440849304	0.08116860687732697	0.03186793252825737	0.5005074143409729	1.0669206380844116	0.7626376152038574	0.170636847615242	0.9194259643554688	1.1519334316253662	0.04622510448098183	0.951020359992981	0.2879181504249573	0.43811044096946716	0.22267170250415802	0.9652979969978333	0.29177865386009216	0.37414929270744324	0.20516756176948547	0.41202813386917114	0.2466917783021927	1.0864089727401733	0.5581495761871338	1.0047014951705933	0.358635812997818	0.436739981174469	0.5224317312240601	0.7843336462974548	0.6133924126625061	0.3166902959346771	0.43639495968818665	0.7266089916229248	0.07456588745117188	0.4620048999786377	0.30023905634880066	0.580773651599884	0.11398962885141373	0.43060818314552307	0.7202441096305847	0.3995697498321533	0.43997323513031006	0.3974161446094513	0.5509084463119507	0.39557042717933655	0.0077089713886380196	0.6070050597190857	0.4418503940105438	0.46567147970199585	1.2039494514465332	1.3611536026000977	0.04471709579229355	0.08752012997865677	0.44358351826667786	0.46295997500419617	0.15435916185379028	0.0708303302526474	1.0594916343688965	0.19208940863609314	0.49977508187294006	0.6524205803871155	0.6592274904251099	0.3880423307418823	0.3329109251499176	0.6762712001800537	0.8251058459281921	0.371637761592865	0.7085689306259155	0.36776846647262573	0.4000445306301117	0.02124611660838127	0.22187428176403046	1.2741731405258179	1.2996577024459839	0.9330922365188599	0.37938594818115234	0.030478298664093018	1.2864869832992554	0.2487134486436844	0.18460913002490997	0.5961131453514099	0.4484064280986786	0.032384611666202545	0.5538401007652283	0.41481614112854004	0.7740281224250793	0.7904437184333801	0.752005398273468	0.469113290309906	1.2730247974395752	0.3501299321651459	0.31769031286239624	1.2381618022918701	0.5425955653190613	0.2762833535671234	0.17548227310180664	0.5036360025405884	0.2167310118675232	0.5468578934669495	1.1603834629058838	0.8652883172035217	0.13112738728523254	0.7431776523590088	0.6042096018791199	0.7035859227180481	0.9786186814308167	0.704790472984314	0.9345853924751282	0.11717625707387924	0.998391330242157	0.6650675535202026	0.5574201345443726	0.740601122379303	0.219894677400589	0.008425547741353512	0.7136492133140564	0.24735547602176666	0.5219895839691162	1.377137303352356	0.7615108489990234	0.678248405456543	0.42375242710113525	0.6664617657661438	1.2356520891189575	0.2903066575527191	0.35623615980148315	0.4893309473991394	0.8040704131126404	0.28018078207969666	0.22015950083732605	0.5325602293014526	0.43825551867485046	0.3577405512332916	0.8121286034584045	0.3763919174671173	0.43943101167678833	0.17709484696388245	1.1725391149520874	0.7348622679710388	0.346535325050354	0.27358508110046387	0.9456455707550049	0.6787710189819336	0.2623325288295746	0.6027217507362366	0.3299676179885864	0.4540935158729553	0.2875446081161499	0.2504323720932007	0.6435074806213379	0.3687354326248169	0.5763059854507446	0.5417783856391907	0.7334690093994141	0.8619023561477661	1.0423874855041504	0.5425564646720886	0.3469991683959961	0.6799055337905884	0.44375091791152954	0.0	0.7608314752578735	1.4025921821594238	0.3477337956428528	0.4966593384742737	0.4997527599334717	0.2804458439350128	0.5871902704238892	0.9121217727661133	0.36670106649398804	1.037477970123291	0.33677297830581665	0.5105094909667969	0.6936134696006775	0.25594407320022583	0.7940347790718079	0.8851525783538818	0.7557547688484192	0.7838512063026428	0.26578250527381897	0.669686496257782	0.6422367691993713	0.35173720121383667	0.14420199394226074	0.4705001711845398	1.4078707695007324	0.49437806010246277	0.2499600499868393	0.33136510848999023	0.21145980060100555	0.4103652834892273	0.5892099142074585	1.5319987535476685	0.6263681054115295	0.36604905128479004	0.3891772925853729	0.4466254413127899	0.297315776348114	0.5673006176948547	1.2096461057662964	0.4415406286716461	0.4319288730621338	0.938048243522644	0.6618682146072388	0.3709416389465332	0.4518536329269409	0.6637353897094727	0.6528550982475281	0.4625488519668579	0.20941269397735596	0.038675762712955475	0.8437730669975281	0.4872288107872009	0.8221459984779358	0.05151372402906418	0.25411105155944824	0.47471296787261963	0.13201001286506653	0.6108681559562683	1.5488543510437012	0.16154998540878296	0.1329757422208786	0.5528547167778015	0.17141062021255493	0.5764416456222534	0.6552684903144836	0.3578284978866577	0.7489030957221985	0.463241845369339	0.2548980712890625	0.3450709283351898	1.0303668975830078	0.3520853817462921	0.5643366575241089	0.215127632021904	0.16111069917678833	0.24641244113445282	1.0150609016418457	0.263970285654068	0.7286248207092285	0.3756343126296997	1.540178894996643	0.5556113719940186	1.0633853673934937	0.05542171001434326	0.6227751970291138	0.11753034591674805	0.303315669298172	0.32646697759628296	0.6024971008300781	0.9081764817237854	0.3958013951778412	0.8375086784362793	0.5063589811325073	0.043390728533267975	0.598027765750885	0.38340792059898376	0.8393104672431946	0.8713089227676392	0.5080592036247253	0.3194548785686493	0.6447500586509705	0.425332248210907	0.9246287941932678	0.4160824120044708	0.4496676027774811	1.259596586227417	0.2136157900094986	0.8519673943519592	1.0283751487731934	0.9277569055557251	0.0	0.45065057277679443	0.37422072887420654	0.5054757595062256	0.26669806241989136	0.5550619959831238	0.3407590687274933	0.1611025482416153	0.8155428767204285	1.2101774215698242	0.2727032005786896	0.5718291997909546	0.44413596391677856	0.48196685314178467	0.6955704092979431	0.560684323310852	0.3115905225276947	0.6086219549179077	0.5710838437080383	1.0094364881515503	0.38312283158302307	0.7192802429199219	0.397307425737381	0.8455021381378174	0.8609344959259033	0.8336263298988342	1.4986127614974976	0.4018521010875702	0.5355794429779053	0.3400081694126129	0.6432052850723267	1.5070875883102417	0.7539670467376709	0.21144992113113403	0.5175870060920715	0.6731339693069458	0.23307904601097107	0.24158254265785217	0.5275669097900391	0.8318746089935303	0.6733617782592773	0.5196090936660767	0.3794310986995697	1.0780467987060547	0.4654269218444824	0.4078158140182495	0.5536146759986877	0.2932664453983307	0.5108901262283325	0.5591534972190857	0.4616163671016693	0.9140615463256836	1.392890453338623	0.2219052016735077	0.31009742617607117	0.9265623688697815	0.7422124147415161	0.5836588740348816	1.0416955947875977	0.5947690010070801	0.3975975513458252	0.8885320425033569	0.5985554456710815	0.18422338366508484	0.89638352394104	0.7905336618423462	0.30457499623298645	0.2021990418434143	0.36057248711586	0.40924587845802307	0.3462928235530853	0.8114214539527893	0.39648839831352234	0.1829344630241394	1.0881880521774292	1.2214739322662354	0.3791942000389099	0.20394229888916016	0.6696109175682068	0.39184606075286865	0.47149303555488586	0.5544270277023315	0.4008289575576782	0.3940724730491638	0.28397825360298157	1.2119520902633667	0.5005894899368286	1.0385417938232422	0.19478294253349304	0.16292080283164978	0.32008805871009827	0.586893618106842	0.17934668064117432	1.1234263181686401	0.5757660269737244	0.46989706158638	0.7291711568832397	0.753515362739563	0.5049432516098022	0.9486111402511597	0.2510955333709717	0.6157183051109314	1.412469744682312	0.4753948450088501	0.4129187762737274	0.7523355484008789	0.17501500248908997	0.26513370871543884	0.6923528909683228	1.1023622751235962	0.25181782245635986	0.26673227548599243	0.7367384433746338	0.29504865407943726	0.34572532773017883	0.5289346575737	0.4907890260219574	1.2241566181182861	0.6315291523933411	0.4895589351654053	0.18909475207328796	0.9146111607551575	0.31306132674217224	0.7222598195075989	0.2515515685081482	0.10222186893224716	0.7306912541389465	0.37875187397003174	0.24417507648468018	0.18671371042728424	0.28122076392173767	0.23786291480064392	1.1450177431106567	0.4581090807914734	0.44892093539237976	0.5027895569801331	0.3706683814525604	0.46348538994789124	0.5546859502792358	0.10502904653549194	0.20765385031700134	0.45618903636932373	0.3541085422039032	0.4573180079460144	1.3173974752426147	0.6373887658119202	0.5130419135093689	0.5011720657348633	0.3384384512901306	0.4015659689903259	0.5015375018119812	1.153251051902771	0.31444209814071655	0.44325894117355347	1.567313313484192	0.9186503887176514	0.9370635747909546	0.26857829093933105	0.1764572709798813	1.2444794178009033	0.8358603715896606	0.07677526026964188	0.7719605565071106	0.5359745025634766	0.5980160236358643	0.7157906293869019	0.3253735303878784	0.6855372786521912	0.2971326410770416	0.7463470101356506	0.30812206864356995	0.4338058531284332	0.7220585346221924	0.5604809522628784	0.5309238433837891	0.15947672724723816	1.102452039718628	0.2833566665649414	0.961381196975708	0.6650567650794983	0.2385927438735962	0.9023951292037964	0.08131629228591919	0.674497663974762	0.7072664499282837	0.4024296700954437	0.7208251953125	0.5314896702766418	0.6043670177459717	0.5550216436386108	0.6907365322113037	0.45054891705513	0.3355059027671814	0.26930344104766846	0.9574579000473022	0.3149237036705017	0.3671611547470093	0.8155438899993896	0.2050800770521164	0.8213969469070435	0.23748517036437988	0.49586915969848633	0.36201730370521545	0.16946318745613098	0.9374034404754639	0.06036665290594101	0.8118681907653809	0.6847012639045715	0.33048000931739807	0.17127978801727295	0.32130298018455505	0.4280444383621216	0.4375801384449005	1.082848310470581	0.5435425639152527	0.6780511140823364	0.6252334117889404	0.4916994273662567	0.43453249335289	0.42622849345207214	0.8351223468780518	0.29423588514328003	1.0127782821655273	0.4035964012145996	1.0410645008087158	0.6648285388946533	0.8537859320640564	0.11794253438711166	0.47039252519607544	0.6659097671508789	0.6045113205909729	0.7303381562232971	0.339707612991333	0.26118403673171997	0.23829935491085052	0.5968547463417053	0.4534907937049866	1.13861083984375	0.5428223013877869	0.8485779166221619	0.3907303214073181	0.3370859622955322	1.107983112335205	0.14046069979667664	0.47966569662094116	0.5264089703559875	0.08599381148815155	0.15241903066635132	0.19724339246749878	0.3649612069129944	0.5719828605651855	0.6152987480163574	0.5471185445785522	0.3785375952720642	0.5296862125396729	0.650765597820282	1.4819456338882446	0.3208807110786438	0.47358813881874084	0.3112166225910187	0.829569935798645	0.5980807542800903	0.6378607749938965	0.6017744541168213	0.12332580983638763	0.19102743268013	0.9763708114624023	0.8587872982025146	0.3070843517780304	0.8934943079948425	0.005736850202083588	0.17225170135498047	0.3279341459274292	0.714961051940918	0.4113672375679016	0.30071887373924255	0.6136067509651184	0.9931360483169556	0.29281890392303467	0.4066823124885559	0.48102545738220215	0.03899001702666283	1.2136785984039307	0.8515493273735046	0.104436494410038	0.7489281892776489	0.4040376543998718	0.33308252692222595	0.21739749610424042	0.36231839656829834	0.7608786821365356	0.06314700096845627	0.21731682121753693	0.2592204213142395	0.25829431414604187	0.2692854702472687	0.4685525894165039	0.5002034306526184	0.7072221040725708	0.4360457956790924	0.6761599183082581	0.0805506557226181	0.6036309599876404	0.28150424361228943	0.2539454996585846	0.4532461166381836	0.14220327138900757	0.604084312915802	0.7594113349914551	0.13837456703186035	0.3957064747810364	1.1794896125793457	0.09492281824350357	0.3708157241344452	0.4200061559677124	1.057416558265686	0.8777127265930176	0.68389892578125	0.7086549997329712	0.8656023144721985	0.41687965393066406	0.497751384973526	0.36989739537239075	2.009169816970825	1.172170877456665	0.7455829381942749	0.33322614431381226	0.4688671827316284	0.7733204364776611	0.6213225722312927	0.4857191741466522	0.645195484161377	0.5138583183288574	0.2514931857585907	1.0561606884002686	0.04451452195644379	0.14136923849582672	0.4418210983276367	0.3903508484363556	0.20159775018692017	0.8260022401809692	0.5058090090751648	0.8914502859115601	0.4168299436569214	0.13055971264839172	1.4633935689926147	0.19232043623924255	0.5643948912620544	0.2289041131734848	0.9864428043365479	0.46692007780075073	0.8419742584228516	0.5787563323974609	0.6705442070960999	0.44141626358032227	0.4925738275051117	0.24781854450702667	0.8135597109794617	0.9590117335319519	0.3052073121070862	0.16972103714942932	0.380124568939209	0.5969148874282837	0.23346108198165894	0.5306254029273987	0.06760171800851822	0.7482140064239502	0.7288715243339539	0.4738313555717468	0.461403489112854	0.857376754283905	0.6412625908851624	0.35465770959854126	0.48785239458084106	0.5578017234802246	1.1961654424667358	0.9085922241210938	0.43607887625694275	0.3990401029586792	0.6886675953865051	0.5707499980926514	0.70918208360672	0.9302413463592529	0.35893937945365906	0.5406942367553711	0.48601609468460083	0.17044849693775177	0.1832028478384018	0.5045258402824402	0.7908708453178406	0.2215905338525772	0.8521075248718262	0.9646125435829163	1.2854942083358765	0.09286221116781235	0.13115184009075165	0.6845549941062927	0.5954774618148804	0.22864848375320435	0.6541116237640381	0.09178276360034943	0.2325870543718338	0.2611728310585022	0.37533947825431824	0.744702935218811	1.0114843845367432	0.6581685543060303	0.4418603181838989	0.31307506561279297	0.3660353720188141	0.2748563289642334	0.19394159317016602	0.28357169032096863	0.5277378559112549	0.20928336679935455	0.7918287515640259	0.5755559206008911	0.14711184799671173	0.744426965713501	0.3630814254283905	0.28123536705970764	0.3205185830593109	0.5600576400756836	0.8483636379241943	0.3339430093765259	0.9496620297431946	1.027466893196106	0.9410297870635986	0.5795379877090454	0.7172402143478394	1.2455649375915527	0.4426678419113159	0.3344656825065613	0.6188289523124695	0.37571296095848083	0.964614987373352	0.5020379424095154	0.2361571192741394	1.0823863744735718	0.7926594614982605	0.773456871509552	0.7529250979423523	0.39272958040237427	0.5269011855125427	0.12142778933048248	0.16605086624622345	0.928540825843811	0.4651232361793518	0.3427402973175049	1.0881140232086182	0.8199882507324219	0.7698215246200562	0.2459290623664856	0.5823490023612976	0.6051797270774841	0.7272751331329346	0.9117921590805054	0.7454929947853088	0.9851405620574951	1.1713441610336304	0.49363791942596436	0.7023516893386841	0.41385430097579956	0.3292209506034851	0.1129346638917923	0.1441110372543335	0.14711305499076843	0.7420454025268555	0.811811625957489	0.1917506754398346	0.5265111327171326	0.603678822517395	0.278704434633255	0.9456700682640076	0.3237982392311096	0.08097553998231888	0.36921367049217224	0.9639320969581604	0.46777936816215515	0.3171200156211853	0.6900606155395508	0.7229901552200317	0.036316052079200745	0.4348781108856201	0.8607812523841858	0.29968494176864624	0.4733750522136688	0.8037443161010742	0.6905179023742676	0.8108416199684143	0.8491254448890686	0.7604464292526245	0.24206671118736267	0.766127347946167	0.2525007128715515	0.36797910928726196	0.279000461101532	0.38768571615219116	0.2955675721168518	0.3484381437301636	0.32498106360435486	0.6499965190887451	0.6631798148155212	0.6932325959205627	0.5266532897949219	0.3792557120323181	0.14653712511062622	0.23676662147045135	0.6437169909477234	0.5607475638389587	0.5212228894233704	0.819817841053009	0.4450830817222595	1.0881202220916748	0.5850446224212646	1.4058012962341309	0.7112070918083191	0.23494267463684082	1.2231314182281494	0.4420313537120819	0.23529104888439178	1.3777738809585571	0.5805553793907166	0.9971997141838074	0.7752904891967773	0.6453955173492432	0.4738377034664154	0.0569581463932991	0.60059654712677	0.24323076009750366	0.9145363569259644	0.5059922337532043	0.5700600743293762	0.8112244606018066	0.3375850021839142	0.9207899570465088	0.22033549845218658	0.1708134561777115	0.40001362562179565	0.689329206943512	0.5781087279319763	0.6612363457679749	0.3817044794559479	0.3001808226108551	0.548665463924408	0.3431743383407593	0.24784991145133972	0.4095916152000427	0.36228781938552856	0.4071953594684601	0.10746383666992188	0.1545383632183075	0.0	0.8790449500083923	0.5239452719688416	0.8888934254646301	0.4073905944824219	0.16354969143867493	0.4687137007713318	0.46236422657966614	0.8837015628814697	0.488203227519989	0.8752058148384094	0.5316276550292969	0.9649704098701477	0.31286686658859253	0.6809191703796387	0.5108904838562012	0.36755937337875366	0.22817708551883698	0.7770052552223206	0.32268771529197693	0.7511898279190063	0.3537544906139374	0.43547865748405457	0.35626307129859924	0.19590170681476593	0.1549988090991974	0.2680608630180359	0.3736659288406372	0.5192413926124573	0.36153972148895264	0.6206681132316589	0.8547751307487488	0.613602876663208	0.1803256869316101	0.648086428642273	0.5833045840263367	0.14567901194095612	0.029743395745754242	0.34743475914001465	0.5060051083564758	0.6325697898864746	0.17085832357406616	0.5429055094718933	0.7064108848571777	0.770227313041687	0.3768262565135956	0.4230552911758423	0.5608757734298706	0.3214208483695984	1.4285242557525635	0.0	0.7450369000434875	0.21416276693344116	0.7148276567459106	0.44476133584976196	0.599323034286499	0.12829114496707916	0.5444916486740112	1.3904221057891846	0.8335965275764465	0.3146171271800995	1.1002026796340942	1.2681151628494263	0.4939020276069641	0.3384562134742737	0.3954702615737915	0.12059416621923447	0.45550447702407837	0.6646057367324829	0.11427270621061325	0.9151843786239624	0.3845370411872864	0.4999293088912964	0.8638073205947876	0.5658963322639465	0.18000003695487976	0.5461070537567139	0.34756267070770264	0.40280917286872864	0.41542014479637146	0.11676041781902313	0.2623547613620758	0.3781563341617584	0.42825937271118164	0.39072734117507935	0.3068326711654663	0.4033610224723816	0.3383246660232544	0.14893187582492828	0.22811217606067657	0.5746790766716003	0.7909067273139954	0.07351746410131454	0.7481822967529297	0.5902941823005676	0.6709296107292175	0.6696931719779968	0.02205776236951351	1.3319435119628906	0.5931574106216431	0.5361289978027344	0.5773678421974182	0.07804769277572632	0.3633355498313904	0.24607151746749878	0.20568078756332397	0.7484005093574524	0.5258121490478516	0.22538067400455475	0.7973114252090454	0.7630372643470764	0.025329116731882095	0.3421204090118408	0.20596136152744293	0.35557371377944946	0.9564727544784546	0.5543020963668823	0.3362139165401459	0.4667777419090271	0.3671163022518158	0.33214813470840454	0.718621015548706	0.48721742630004883	0.05149729549884796	0.07676495611667633	0.2881835401058197	0.5803152918815613	0.10730484127998352	0.18554100394248962	0.14612220227718353	1.3617613315582275	0.23536542057991028	1.0015766620635986	0.26264727115631104	0.7205729484558105	0.6593729257583618	0.39293763041496277	0.8703947067260742	0.1684427559375763	0.2438480406999588	0.38306114077568054	0.4855066239833832	0.37742185592651367	0.46046191453933716	0.4013200104236603	0.24224412441253662	1.018088698387146	0.22709091007709503	0.41809189319610596	0.32241010665893555	0.7437546849250793	0.44807422161102295	0.3487868905067444	0.6220905184745789	0.9082094430923462	0.206253781914711	1.0828348398208618	0.8905697464942932	0.5794058442115784	0.40144920349121094	0.3503439724445343	0.15460827946662903	0.8801569938659668	0.4494495987892151	0.8329579830169678	0.05780378356575966	0.1535094678401947	0.8284649848937988	1.1322283744812012	0.52381432056427	0.4311751127243042	0.9975919723510742	0.7140703797340393	1.0838192701339722	1.0992528200149536	0.2781745493412018	0.20697906613349915	0.06186459958553314	0.6463438868522644	0.5148577690124512	0.7194909453392029	0.7526723742485046	0.4434502124786377	0.8734647035598755	1.5089478492736816	0.38952165842056274	0.8509587645530701	0.10899724066257477	0.29122307896614075	0.9687174558639526	0.060220248997211456	1.0439444780349731	1.0104743242263794	0.6819288730621338	0.15365934371948242	0.5889350771903992	0.9197188019752502	0.509929358959198	0.6748290061950684	1.3422049283981323	0.7387212514877319	0.1861763596534729	0.6805944442749023	1.2356337308883667	0.2585020959377289	0.48230788111686707	0.3100070059299469	0.788893461227417	0.0022881615441292524	0.30379241704940796	0.131789892911911	0.27762937545776367	0.18818669021129608	0.14309288561344147	0.5726133584976196	0.4149341881275177	0.6256665587425232	0.3557703495025635	1.34302818775177	0.1843232363462448	0.6336027383804321	0.21994319558143616	0.5863855481147766	0.2021501511335373	0.2531798183917999	0.4571033716201782	0.38831403851509094	0.47108471393585205	0.8843585252761841	0.2795194387435913	0.7963261604309082	0.1905411183834076	0.1936931610107422	0.2708550989627838	0.38024258613586426	0.7800112962722778	0.3430071175098419	0.46611684560775757	1.642690658569336	0.0	0.12832240760326385	0.8720921277999878	0.4761993885040283	0.5274268984794617	0.3353886604309082	0.08659236133098602	0.1147853285074234	0.058130599558353424	0.9175297617912292	0.3038569688796997	0.5912008881568909	0.2915831208229065	0.5313936471939087	0.13541096448898315	0.25988268852233887	0.9767284989356995	0.23386512696743011	0.15196828544139862	0.5597265362739563	0.3495860993862152	0.8739914298057556	1.0420340299606323	0.7859108448028564	0.014621192589402199	0.6241673231124878	0.25533348321914673	0.1988772600889206	0.2032460868358612	0.6502985954284668	0.2557845413684845	0.42452698945999146	0.11612780392169952	0.06815387308597565	0.30839213728904724	0.5278944969177246	0.39430567622184753	0.6667022109031677	0.8790488243103027	0.8267288208007812	0.6488102078437805	0.33784666657447815	0.4467821419239044	0.4685843586921692	0.5500197410583496	0.8905958533287048	0.3540239930152893	0.3465302884578705	0.7537010908126831	0.724815845489502	0.7172362208366394	0.3708389103412628	0.7454121708869934	0.024041375145316124	0.3479860723018646	1.8299652338027954	0.43677470088005066	0.7109837532043457	0.4205836355686188	0.855282187461853	0.6996410489082336	0.7454273104667664	0.06329559534788132	0.2255474478006363	0.44204455614089966	1.1596275568008423	1.116321325302124	0.7679330110549927	0.8212462663650513	0.5664442777633667	0.7391175031661987	0.7395651936531067	0.3743019998073578	0.44463711977005005	0.11779733002185822	0.8861965537071228	0.47711440920829773	0.611844003200531	0.3997798264026642	0.9804264903068542	0.6120342016220093	0.8904919624328613	0.54488205909729	0.7081855535507202	0.5891502499580383	0.6765885949134827	0.16587331891059875	0.40299487113952637	0.902236819267273	0.40707868337631226	0.488879919052124	0.5232837200164795	0.3811943829059601	1.3994550704956055	0.48377737402915955	0.14451977610588074	0.21318334341049194	0.3302449882030487	1.071968913078308	0.6487207412719727	0.18233788013458252	0.5622247457504272	0.3451041579246521	0.18731144070625305	0.09476767480373383	0.23778536915779114	0.6477916240692139	0.061502985656261444	0.5335176587104797	0.9167980551719666	0.19551827013492584	0.6395375728607178	0.5123945474624634	0.47163304686546326	0.5325300693511963	0.7068436741828918	0.8077211380004883	1.4960176944732666	0.395393431186676	0.5495989918708801	0.46471652388572693	1.0541191101074219	0.569463849067688	0.3114864230155945	0.040524959564208984	0.53463214635849	0.7337979674339294	0.9358927607536316	0.7110082507133484	0.7817243337631226	0.4601798951625824	0.4278718829154968	1.0182018280029297	0.5515692830085754	0.44570252299308777	1.1168923377990723	0.7629155516624451	0.46752557158470154	0.6722773313522339	0.28256553411483765	0.4960927963256836	0.5072697401046753	0.27447375655174255	0.6170428395271301	0.8295557498931885	0.3402195870876312	0.3395693898200989	0.2967527508735657	0.6688696146011353	0.5607426166534424	0.100160151720047	0.5100521445274353	0.49091094732284546	0.15238940715789795	0.7174304127693176	0.06991208344697952	0.46981945633888245	0.29800117015838623	0.5547831654548645	0.4238605201244354	0.6627519726753235	1.1430788040161133	0.6027418971061707	0.6210069060325623	0.6078338623046875	0.851723313331604	0.4968607425689697	0.36059099435806274	0.4578498303890228	0.24186959862709045	0.1899396926164627	0.4429086744785309	0.18410266935825348	0.4637349247932434	0.913260281085968	0.25384244322776794	0.4310609698295593	0.38986459374427795	0.4276345670223236	0.5953803062438965	0.8859061002731323	0.6956936120986938	0.5353730320930481	0.6288219094276428	0.9826629757881165	0.514072060585022	0.9317142963409424	0.29635074734687805	0.4579909145832062	0.6149250268936157	1.1513983011245728	1.231493353843689	0.2852988541126251	0.5260246992111206	0.19543015956878662	0.09866302460432053	0.40564048290252686	0.3180374503135681	1.5750758647918701	0.674125075340271	0.5507059693336487	0.4161806106567383	1.1873635053634644	1.084957480430603	0.7206847071647644	0.4274823069572449	1.0212429761886597	0.2722614109516144	0.25522083044052124	0.22282487154006958	0.8697701096534729	0.6860222816467285	0.31504151225090027	0.6338874101638794	0.41781142354011536	0.3645981252193451	0.41657742857933044	0.6649408936500549	0.8407714366912842	0.6445184946060181	0.9276503324508667	0.9300510883331299	0.1948176622390747	0.8743337988853455	1.2427717447280884	0.02287290059030056	0.8962319493293762	0.20435959100723267	0.6185994744300842	0.301038920879364	0.3617386817932129	0.3993540406227112	0.35661542415618896	0.9322226047515869	0.3972989320755005	0.28517016768455505	0.4694559872150421	0.2390986979007721	0.3853882849216461	0.6582907438278198	0.5679685473442078	0.0960247740149498	0.7592723369598389	0.22188551723957062	0.35342052578926086	1.1137745380401611	0.906566321849823	0.32881563901901245	0.07944722473621368	0.8785543441772461	0.11999882757663727	0.5301709771156311	1.3112144470214844	0.53986656665802	0.3615765869617462	0.8534252047538757	0.46082866191864014	0.359125554561615	0.7222963571548462	0.5640618801116943	0.6088862419128418	0.3318951725959778	0.1687738597393036	0.14604148268699646	0.2126733511686325	0.44944605231285095	0.1397838294506073	0.4462432563304901	0.15204420685768127	0.1881079375743866	0.596028208732605	0.5441118478775024	1.0880234241485596	0.5715224742889404	0.7604382038116455	0.5940492749214172	0.34835365414619446	0.9507957696914673	0.1627909243106842	0.5269274711608887	1.320160984992981	0.5607149600982666	0.7058777213096619	0.4545857608318329	0.9545609354972839	0.16170671582221985	0.00489513436332345	0.702976644039154	0.46860066056251526	0.8134317398071289	0.022900449112057686	0.6704062223434448	0.6311428546905518	0.21111683547496796	0.4035035967826843	0.5599899291992188	0.7357586026191711	0.32539090514183044	0.7212144732475281	0.10947448015213013	0.9148068428039551	0.5964117646217346	1.0349267721176147	0.2618888318538666	0.9838063716888428	0.7586870193481445	0.23390819132328033	0.7862841486930847	0.4446137845516205	0.8247755169868469	0.19062982499599457	1.192910075187683	0.7802265286445618	0.18017011880874634	0.3068302273750305	0.14780546724796295	0.572124719619751	0.21225494146347046	0.31714969873428345	0.5882495641708374	0.7195937633514404	0.10194060206413269	0.703548789024353	0.5160031318664551	0.3286398649215698	0.2878900170326233	0.8895927667617798	0.3811224400997162	0.5178631544113159	0.9631565809249878	0.1310928761959076	0.4174102246761322	0.22331538796424866	0.8043754696846008	0.5008074045181274	0.2793762981891632	1.2722194194793701	0.27428215742111206	0.6309080123901367	0.31693142652511597	0.8466878533363342	0.5674454569816589	0.45507436990737915	0.3938489258289337	0.5608864426612854	0.2536489963531494	0.349611759185791	0.17693594098091125	0.43461641669273376	0.32228878140449524	0.9125999808311462	0.8550176620483398	0.8586064577102661	0.6232513189315796	0.21623705327510834	0.4397323429584503	0.6372842192649841	0.8667221069335938	0.34227892756462097	0.2884500026702881	0.3822730779647827	0.4152485132217407	1.0700109004974365	0.95916348695755	0.543380856513977	0.23424138128757477	0.7463746666908264	0.43477386236190796	0.13023574650287628	1.2989662885665894	0.3271545469760895	0.6686522364616394	0.43267157673835754	0.18072029948234558	0.8966540098190308	0.1720227301120758	0.30491068959236145	0.28910019993782043	0.958439826965332	0.7325499057769775	0.8761446475982666	0.5071285367012024	0.94200199842453	0.5795808434486389	1.1068443059921265	0.5570029020309448	0.3994191884994507	1.7168848514556885	0.43966439366340637	0.9119731783866882	0.9168586134910583	0.21746763586997986	0.9419707655906677	0.46236369013786316	0.41921013593673706	0.9515439867973328	0.7779304385185242	0.627166211605072	0.7527623772621155	0.718805193901062	0.31316885352134705	1.1193196773529053	0.9186978340148926	0.7712140083312988	0.5199108123779297	1.004928708076477	0.2522129714488983	0.29112672805786133	0.7348216772079468	0.35107240080833435	0.4976065754890442	0.9546383619308472	1.007789134979248	0.18632620573043823	0.7367024421691895	0.16209261119365692	0.45763230323791504	0.32452327013015747	0.44012367725372314	0.981182336807251	0.43867939710617065	0.47234809398651123	0.7029088139533997	0.2617531716823578	0.35098832845687866	0.08364168554544449	0.32796311378479004	0.6586465239524841	0.4112161099910736	0.7861278057098389	0.16083423793315887	0.1798097938299179	0.9052021503448486	1.2299104928970337	0.5060330033302307	0.27459776401519775	0.20095615088939667	0.5789303779602051	0.09008333086967468	1.3946974277496338	0.5353079438209534	1.1724629402160645	1.0161592960357666	0.45354828238487244	0.531511664390564	0.9017179012298584	0.3697948753833771	0.39930444955825806	1.3030470609664917	0.314770370721817	0.4237378239631653	1.0819507837295532	0.3920891582965851	0.7107559442520142	0.3321346640586853	0.54149329662323	0.4815369248390198	1.0513859987258911	0.1535831242799759	0.017700208351016045	1.076735019683838	0.5325092673301697	0.9891612529754639	0.5021951198577881	0.045372575521469116	0.9772316813468933	1.0964925289154053	0.46437254548072815	0.5813485980033875	0.2805589437484741	0.23940400779247284	0.8273323774337769	0.11926910281181335	0.26126953959465027	0.9916722178459167	0.8065543174743652	0.5883834958076477	0.32907623052597046	0.4089921712875366	0.2789748013019562	0.3125453293323517	0.5842161774635315	0.4048333764076233	0.3428165912628174	0.8395754098892212	0.5449507236480713	0.10927772521972656	0.6251257061958313	0.024257278069853783	0.2597252130508423	0.2332105189561844	0.32287755608558655	0.9114766716957092	0.8919046521186829	0.7261358499526978	0.8240323662757874	0.21338926255702972	0.49737003445625305	1.2539905309677124	0.6724659204483032	0.6410490274429321	0.5971591472625732	0.5398222804069519	0.5424801111221313	0.0773918405175209	0.5971096158027649	0.5198463201522827	1.0739262104034424	0.8535410165786743	0.05157402157783508	1.016668438911438	0.38151922821998596	0.5003356337547302	0.09402143210172653	1.1919419765472412	0.6437858939170837	0.5906451344490051	0.5490654110908508	0.10816621780395508	0.3961588442325592	0.8947519063949585	0.7304149866104126	0.9735610485076904	0.5553357601165771	0.2185249626636505	0.507136344909668	0.9771692752838135	0.726874589920044	0.07706813514232635	0.31342536211013794	0.26682206988334656	0.30531245470046997	1.1485320329666138	0.4262496829032898	0.2900897264480591	0.4508715867996216	0.33152374625205994	1.3729305267333984	0.1938752382993698	0.8895469903945923	1.0788812637329102	0.0059361085295677185	0.6414752006530762	0.3573682904243469	0.6610385179519653	0.22122976183891296	0.5216166377067566	0.5539401769638062	1.1380079984664917	1.2853591442108154	0.6110103726387024	0.8635234236717224	0.7187208533287048	0.10705286264419556	0.2169189304113388	0.0019810060039162636	0.5350596308708191	0.0804046243429184	0.21522411704063416	0.8379455804824829	0.6639869809150696	0.2567659914493561	1.2314656972885132	0.7275452613830566	0.7398276329040527	1.4476925134658813	0.17729860544204712	0.009979098103940487	0.45948120951652527	0.20201784372329712	0.5888295769691467	0.7409998774528503	0.5427119731903076	1.5544034242630005	0.26578447222709656	0.13890063762664795	0.2287982702255249	0.49684423208236694	0.8036742210388184	0.7063745856285095	0.14824257791042328	0.3005722761154175	0.1861162781715393	0.07910646498203278	0.5273970365524292	0.2580937445163727	0.4937424063682556	1.0956271886825562	0.1520058959722519	0.7686165571212769	0.5390698313713074	0.9324012398719788	0.829762876033783	0.876696765422821	0.5810661315917969	0.86927330493927	0.4967239499092102	0.705589771270752	0.7928712368011475	0.44883060455322266	0.19483575224876404	0.37563252449035645	0.8499414324760437	0.9771992564201355	0.9959191083908081	0.4173124134540558	0.46339309215545654	0.3653425872325897	0.7814515233039856	0.7414128184318542	0.33331626653671265	0.8550586104393005	0.4972188472747803	0.15475130081176758	0.46701401472091675	1.0327717065811157	0.9401674270629883	0.7967817187309265	0.599923312664032	0.7151809930801392	0.9314758777618408	0.1413593292236328	0.45601555705070496	0.20473872125148773	0.3189947009086609	0.5883514881134033	0.1748875081539154	1.2284204959869385	0.46755582094192505	0.2709207236766815	0.43266910314559937	0.09484498202800751	1.474117398262024	0.5868545770645142	0.3926158845424652	0.8090863823890686	0.23336726427078247	0.8840063214302063	0.4311331808567047	0.22776883840560913	0.13324759900569916	0.824600100517273	0.5091988444328308	0.6552664637565613	0.05608957260847092	0.07483479380607605	0.00789591297507286	0.6262216567993164	0.3852270841598511	0.7203285098075867	0.8130136132240295	0.16576138138771057	0.2380121499300003	0.317876398563385	0.7988085150718689	0.70088130235672	0.4303429126739502	0.6320408582687378	0.4013652801513672	0.44692885875701904	0.3454204797744751	0.6132529377937317	0.08713190257549286	0.8341994285583496	0.7711926698684692	0.3440777659416199	0.1935792863368988	0.5464009642601013	0.40138861536979675	0.3922750949859619	0.27520954608917236	0.1782786250114441	0.0822317972779274	1.005130648612976	0.5021303296089172	0.06538138538599014	0.7866308093070984	0.6049238443374634	0.7142652869224548	0.6041828393936157	0.43375903367996216	0.4390529990196228	0.00037819333374500275	0.7654987573623657	0.4613727927207947	0.5900722146034241	1.1862845420837402	0.5723037123680115	0.2946200668811798	0.717565655708313	0.7320823669433594	1.0162032842636108	0.8506366014480591	0.45276015996932983	0.7900170087814331	0.4681413471698761	0.5721228122711182	0.7275840640068054	0.14417266845703125	0.5721051096916199	0.7470170855522156	0.1653507649898529	0.5004051923751831	0.43262994289398193	0.48965877294540405	0.1686662882566452	0.4220326840877533	0.10977140814065933	0.8771374225616455	0.4709753096103668	0.609117329120636	0.15962402522563934	0.54006028175354	0.5521454215049744	1.1705529689788818	0.6288586258888245	0.7706336975097656	0.5040226578712463	0.3922056257724762	0.10301126539707184	0.6532413959503174	0.8904332518577576	0.5028913021087646	0.3415394425392151	0.478035032749176	0.1491697132587433	0.3288004994392395	0.36750897765159607	0.13140113651752472	0.02348601259291172	0.7010264992713928	0.19143569469451904	0.3514913022518158	0.16150161623954773	0.30163341760635376	0.13551320135593414	0.6678645610809326	0.9580894708633423	0.13690872490406036	0.3333764374256134	1.1200041770935059	0.9172746539115906	0.3810217082500458	0.3900856673717499	0.7896037697792053	0.49904173612594604	0.4158972501754761	0.5823299884796143	0.1407839059829712	0.6473763585090637	0.9115619659423828	0.08782121539115906	0.9410362243652344	1.1147775650024414	0.6184344291687012	0.5324698686599731	0.281860888004303	0.31348514556884766	1.0276604890823364	0.4497242569923401	0.8856992721557617	0.15596680343151093	0.9999672174453735	0.5458885431289673	0.44150835275650024	0.8320894837379456	0.7967352271080017	0.07862918823957443	0.11236541718244553	0.39173996448516846	0.8215425610542297	0.374722421169281	0.2159644514322281	0.9431184530258179	0.9628520011901855	0.5936338901519775	0.7038113474845886	0.6019612550735474	0.18815183639526367	0.3127288818359375	0.45730116963386536	0.3835216164588928	0.8712259531021118	0.33171531558036804	0.22088441252708435	0.9199966192245483	0.411271333694458	0.022033335641026497	0.014540757052600384	0.23678681254386902	0.8585453629493713	0.2799433767795563	0.3161720633506775	0.27304741740226746	0.16095343232154846	0.3986758887767792	0.2710077166557312	0.8020151853561401	0.13728481531143188	0.9988836646080017	0.2339077889919281	0.9996137619018555	0.20819750428199768	0.14672237634658813	0.7464234828948975	0.24696217477321625	0.20304663479328156	0.4475732743740082	0.8077899217605591	0.21602678298950195	0.6732239723205566	0.5161160230636597	0.8900870084762573	0.7371623516082764	0.03993240371346474	0.7171892523765564	0.32354384660720825	0.12961657345294952	0.8286448121070862	0.28857049345970154	0.17782065272331238	0.47507667541503906	0.3662186563014984	0.9572539925575256	0.3528268039226532	0.30320918560028076	0.7148199081420898	0.34233909845352173	0.2414492964744568	0.0019778646528720856	1.2629598379135132	0.23457083106040955	0.5054835081100464	0.13765168190002441	0.9816608428955078	0.1902974247932434	0.8659787178039551	0.3924255073070526	0.21522559225559235	0.23792004585266113	0.5776126384735107	0.42908456921577454	0.749732494354248	0.6055120825767517	0.668505072593689	0.8941503167152405	0.42948493361473083	0.49200639128685	0.7036055326461792	1.1431524753570557	0.6309827566146851	0.7635462284088135	0.9645986557006836	0.1141820177435875	0.5993268489837646	0.20175647735595703	0.1508539915084839	0.6120315790176392	0.5073486566543579	0.2209409773349762	0.2735997140407562	0.5941698551177979	0.9288181662559509	0.23815470933914185	0.9811021685600281	0.3871569037437439	0.8029784560203552	0.13003835082054138	0.36454159021377563	0.9206339120864868	0.3015255331993103	0.35018813610076904	0.3098437488079071	0.19886383414268494	0.9068246483802795	0.6507905721664429	0.2685636878013611	0.5004583597183228	0.6525968313217163	0.4422478675842285	0.6616101264953613	0.4037654399871826	1.4614430665969849	0.12065165489912033	0.9451327323913574	0.8544421195983887	0.9192360639572144	0.37443307042121887	0.35397207736968994	0.8233032822608948
0.06739084422588348	0.08532960712909698	0.2650628089904785	0.1703275740146637	1.4658575057983398	0.21640023589134216	0.10189622640609741	1.66398286819458	0.3316543996334076	0.2694038152694702	0.18593312799930573	0.22716781497001648	1.0479192733764648	0.5890467166900635	0.6262769103050232	0.6035324335098267	0.3588627278804779	0.4234143793582916	0.27278682589530945	0.3376767635345459	0.8587234616279602	0.5477060079574585	0.472426176071167	0.5674752593040466	0.5684770941734314	0.40134885907173157	0.34397393465042114	0.6626759767532349	0.7122454047203064	0.5142248868942261	0.321419358253479	0.4487869143486023	0.18799322843551636	0.6395279169082642	0.4645904302597046	0.1276799738407135	0.2864537835121155	0.7081426978111267	0.763476550579071	0.4785652458667755	0.9241439700126648	0.1295676827430725	0.3092343509197235	0.2880370020866394	0.2433505654335022	0.6866397857666016	0.5274897813796997	0.4928778409957886	0.44826799631118774	1.3864909410476685	0.6180071830749512	0.6621066331863403	0.5573551654815674	1.013987421989441	0.8932241201400757	0.3281075656414032	0.2090538591146469	1.5429502725601196	0.4792647659778595	0.15336236357688904	0.11368902027606964	0.6193496584892273	0.03591565042734146	0.6053344011306763	0.2909529209136963	0.46680203080177307	0.48646754026412964	0.48236310482025146	0.04005834087729454	0.541679322719574	0.17560039460659027	0.4894120693206787	0.4479212760925293	0.7758041024208069	0.3264427185058594	0.5013341307640076	0.7026229500770569	0.2652420103549957	0.16257217526435852	0.4663545489311218	1.1556390523910522	0.4755104184150696	0.2349635660648346	0.1731482446193695	0.4624384641647339	0.35234344005584717	0.5375247001647949	0.8133217096328735	0.41182684898376465	0.43865737318992615	0.8651219010353088	0.7764248847961426	0.70508873462677	0.3281889259815216	0.1954667568206787	0.5509862303733826	0.4935590326786041	0.45257997512817383	0.694459080696106	0.49437013268470764	0.06879900395870209	0.9087300300598145	0.187699556350708	0.796280562877655	0.2342589646577835	0.4429114758968353	0.4089396893978119	0.6295098662376404	1.0379530191421509	0.721150279045105	0.3873728811740875	0.7450528144836426	0.2992135286331177	0.5094645619392395	0.8996317982673645	0.5911712646484375	0.5004149079322815	0.5973251461982727	0.06739476323127747	0.03862622007727623	1.0370168685913086	0.45158079266548157	0.4189727008342743	0.25071582198143005	0.9618717432022095	0.36587274074554443	0.45901888608932495	0.3905496895313263	0.6813363432884216	1.0545645952224731	0.16998319327831268	0.32727688550949097	0.28884685039520264	0.4572271704673767	0.29298847913742065	0.4609169065952301	0.6065952777862549	0.7743411064147949	0.3425818681716919	0.2961037755012512	0.7526304721832275	0.22675372660160065	0.8005187511444092	0.29733213782310486	0.5907707214355469	0.9253420233726501	0.745627224445343	0.5293793678283691	1.031152606010437	0.6186507940292358	0.1678549349308014	0.3523915708065033	0.9417178630828857	0.22110722959041595	0.36355099081993103	0.6507037878036499	0.6760630011558533	0.9666687250137329	0.3016553819179535	0.4908478856086731	0.20193183422088623	0.6533927321434021	0.3679622709751129	0.22359289228916168	0.40203940868377686	0.3108263611793518	0.08490912616252899	0.2795183062553406	0.09017720818519592	0.3072509765625	0.052416060119867325	0.35904133319854736	0.569473922252655	0.5639901161193848	0.514001190662384	0.43803900480270386	0.6627720594406128	0.8925526142120361	0.2887252867221832	0.3177523910999298	0.3958824574947357	0.16606643795967102	0.4107508957386017	0.6754764914512634	0.5564430952072144	0.20037779211997986	0.6953701376914978	0.24938689172267914	0.8325152397155762	0.9001632928848267	0.5347384214401245	0.2952064275741577	0.7463300228118896	0.5027612447738647	0.5022386312484741	0.22547565400600433	0.8094862103462219	0.2565625011920929	0.729394257068634	0.903963565826416	0.5453599095344543	0.3661402761936188	0.2218506783246994	0.5798559188842773	0.7160325050354004	0.3816845715045929	0.29616352915763855	0.32402902841567993	0.06771707534790039	0.6325276494026184	0.1758691668510437	0.4474295675754547	0.27101999521255493	0.33841460943222046	0.13770076632499695	0.1794457733631134	0.43097370862960815	0.516033947467804	0.3108798563480377	1.230350136756897	0.28708499670028687	0.2775613069534302	0.1453108787536621	1.196558952331543	0.40769219398498535	0.7784449458122253	0.7511391043663025	0.8311262130737305	0.6836494207382202	0.1057908833026886	0.9768943786621094	0.9665821194648743	0.2276557832956314	1.004160761833191	1.1647570133209229	0.3704940676689148	0.3793954849243164	0.8090699911117554	0.3346830904483795	0.20437052845954895	0.4595983624458313	0.909995436668396	1.4077180624008179	0.28254425525665283	0.30819323658943176	0.2744479477405548	0.11149753630161285	0.5636657476425171	0.3639073669910431	0.6449992656707764	1.2457709312438965	1.2057462930679321	1.1390888690948486	0.4459071755409241	0.29501253366470337	0.7457995414733887	1.2244689464569092	1.25011146068573	0.7092016935348511	0.3516901731491089	0.22949019074440002	0.31323185563087463	0.41320323944091797	0.18360179662704468	0.9397018551826477	0.35831254720687866	0.38530054688453674	0.27179354429244995	0.48251208662986755	1.0439627170562744	0.35480475425720215	0.4602240324020386	0.8474145531654358	0.19290301203727722	0.06207214295864105	0.32444316148757935	0.1709182858467102	0.7787200212478638	0.6056967377662659	0.7963932752609253	0.0923164039850235	1.5187203884124756	0.3175656795501709	0.3139269948005676	0.36261501908302307	0.8587526082992554	0.4625447690486908	0.7846932411193848	0.18599340319633484	0.38221126794815063	0.5159633755683899	0.5619747638702393	0.6188848614692688	0.25472837686538696	0.3723199665546417	0.6032238006591797	0.9889607429504395	0.2755444347858429	0.4839177131652832	0.39218395948410034	0.16336163878440857	0.18502295017242432	1.2509263753890991	0.1509661078453064	0.9216353893280029	0.1886409968137741	0.3663819134235382	0.6667605042457581	0.43760842084884644	1.6342421770095825	0.33414775133132935	0.5717955827713013	0.6077216267585754	0.8028443455696106	0.311637282371521	0.705000638961792	0.19519826769828796	0.7069053053855896	0.4064919054508209	1.1909518241882324	0.2154814749956131	0.21515464782714844	0.513655424118042	0.217443585395813	0.9178393483161926	0.31603938341140747	0.44597047567367554	0.02423279732465744	0.22457021474838257	0.6557298302650452	1.1861543655395508	0.4463520050048828	0.3776386082172394	0.365876704454422	1.3125331401824951	0.35409316420555115	1.2180349826812744	0.28763335943222046	0.7489587068557739	0.7736475467681885	0.3392762541770935	0.024495430290699005	0.2764054536819458	0.8354596495628357	0.3326265215873718	0.484367311000824	0.3855653703212738	0.5405916571617126	1.2295312881469727	0.16644442081451416	0.5696545243263245	0.1814160943031311	0.34994643926620483	0.8916138410568237	0.7451171875	0.2638118863105774	0.3374103903770447	0.39120566844940186	0.3027500808238983	0.713452160358429	0.7219715118408203	0.7421323657035828	0.5280569791793823	0.2789026200771332	0.5701237916946411	0.09919851273298264	0.15283767879009247	1.087390661239624	0.6886489987373352	0.41527509689331055	0.16143915057182312	0.7159433960914612	0.32108432054519653	0.8808702826499939	0.3992781639099121	0.9106414914131165	1.3761237859725952	0.6134880185127258	0.6288399696350098	0.6182292699813843	0.18342924118041992	0.671556830406189	0.41535454988479614	0.6972215175628662	0.6249032020568848	0.2955176532268524	0.6996047496795654	0.25017258524894714	0.5659694075584412	0.2801295518875122	0.31077149510383606	0.9370993375778198	0.39848124980926514	1.166011095046997	0.3085622489452362	0.8394483923912048	1.1400355100631714	0.43202781677246094	1.0390586853027344	0.8423430323600769	0.35968318581581116	0.670466959476471	0.3111448884010315	0.7212570309638977	0.567573070526123	0.6303931474685669	0.18740728497505188	0.13746806979179382	0.3509575128555298	0.31075215339660645	0.1049329861998558	0.33978092670440674	0.9622535109519958	0.7841273546218872	0.4024680256843567	1.2103132009506226	0.49895626306533813	0.31016308069229126	0.6312692761421204	0.1815885305404663	0.36110666394233704	0.04446261003613472	1.1556603908538818	0.7471766471862793	0.5445840954780579	0.43818020820617676	0.7906993627548218	1.2031404972076416	0.49179548025131226	0.44909584522247314	0.1871064007282257	0.14251254498958588	0.6441711783409119	0.6764369606971741	0.6042062044143677	0.38538268208503723	0.432162880897522	0.9479109644889832	0.3262658715248108	0.08871342241764069	1.631136178970337	1.032783031463623	1.239931583404541	0.931064784526825	0.6794869899749756	0.8074685335159302	1.4420111179351807	0.6209416389465332	0.8842359185218811	0.9705960154533386	0.3625423312187195	0.35833391547203064	0.054044317454099655	0.705254077911377	0.5084530115127563	0.19470053911209106	0.5833000540733337	0.8111052513122559	0.5246002078056335	0.3149043917655945	1.1483925580978394	0.5833667516708374	0.22037893533706665	0.20986130833625793	0.12649574875831604	0.07388995587825775	0.167795792222023	0.3143974840641022	0.31485506892204285	0.47423598170280457	0.5956651568412781	0.30616411566734314	0.6944164037704468	0.3992195427417755	0.6299130916595459	0.21611462533473969	0.8619892597198486	1.103045105934143	0.6232688426971436	0.48508819937705994	0.13433708250522614	0.2245202362537384	0.7696285247802734	0.3555058240890503	1.0274872779846191	0.8448268175125122	0.431898295879364	1.3918083906173706	0.7778332829475403	0.4429430663585663	0.6717353463172913	0.5996425747871399	0.9687311053276062	0.45203185081481934	0.2450236827135086	0.2701091766357422	0.4315330684185028	0.33248773217201233	0.4364314675331116	0.6672308444976807	0.605277419090271	0.24852178990840912	0.15249955654144287	0.42734888195991516	0.4064233899116516	0.9211777448654175	0.06727968156337738	0.8071370124816895	0.358932763338089	0.565827488899231	0.5188896656036377	0.39784419536590576	0.30307379364967346	0.611661434173584	0.4635343551635742	0.5283336043357849	0.38142088055610657	0.15165838599205017	0.5040646195411682	0.6788069009780884	0.5267466902732849	0.8194643259048462	0.653057336807251	1.0384962558746338	0.3353179693222046	0.535617470741272	1.1007088422775269	0.38485145568847656	0.13161803781986237	0.6551247239112854	0.5224752426147461	0.5474181175231934	0.4573080837726593	1.9650169610977173	0.6192163228988647	0.16278252005577087	0.15486590564250946	0.6255319118499756	0.44836896657943726	0.3329632580280304	1.0055872201919556	0.787225067615509	0.16539674997329712	0.7857421636581421	0.39448806643486023	0.2595455050468445	0.4396027624607086	0.3199189305305481	0.678700864315033	0.25945064425468445	0.10545312613248825	0.6206230521202087	0.643842875957489	0.30379927158355713	0.15444022417068481	0.26093077659606934	0.7841960191726685	0.7069501876831055	0.3507181704044342	0.5258347988128662	0.5924581289291382	0.8458013534545898	0.286739706993103	0.1529483050107956	0.6124657988548279	0.21946902573108673	0.6442147493362427	0.1606479436159134	0.49040934443473816	0.7394939064979553	0.45383793115615845	0.1168464943766594	1.0300369262695312	0.21422681212425232	0.3085295259952545	0.30284786224365234	0.0702316164970398	0.2796030342578888	0.34155306220054626	0.12288666516542435	0.6750061511993408	0.31461188197135925	0.4966270327568054	0.8431357741355896	0.6414722204208374	0.49270400404930115	0.5701895952224731	0.2811641991138458	0.48074859380722046	0.5947188138961792	0.8465397357940674	0.7106620073318481	0.6303738951683044	0.22685348987579346	0.4392823278903961	0.05164909362792969	0.12744122743606567	0.5290557742118835	0.5994151830673218	0.556820273399353	0.6618916392326355	0.514090359210968	0.5674124360084534	0.2204812914133072	0.7005544900894165	0.6643431782722473	0.413702130317688	0.4755115211009979	0.18528059124946594	0.23623180389404297	0.2240794450044632	0.5940943956375122	0.2176685929298401	0.9018416404724121	0.2884250283241272	0.3594721555709839	0.28181540966033936	0.326850950717926	0.14223049581050873	0.7360695004463196	0.3135690689086914	0.4129772484302521	0.8260815143585205	0.743675172328949	0.6109815239906311	0.49995094537734985	0.10120127350091934	0.9793455600738525	0.47729748487472534	0.8503401875495911	0.4678857624530792	0.31019705533981323	0.07610398530960083	0.5133206248283386	0.1405358612537384	0.20522870123386383	0.31769686937332153	0.8015641570091248	0.2953927218914032	0.3565877377986908	0.34782153367996216	0.3223847448825836	0.38006654381752014	0.611771821975708	1.0500990152359009	0.6341898441314697	0.6422648429870605	0.3948853313922882	0.15382233262062073	0.12670494616031647	0.7282794713973999	0.006123071536421776	0.350040465593338	0.5271719694137573	0.5870338678359985	0.5194476246833801	0.47129133343696594	0.7116450071334839	0.7226582765579224	0.45488205552101135	0.3540121614933014	0.40068185329437256	0.27591952681541443	0.39059871435165405	0.7760462760925293	0.33003759384155273	0.7930073738098145	0.2692316770553589	1.3104431629180908	0.5642951130867004	0.6691516637802124	0.28033995628356934	0.3317766487598419	0.6263753175735474	0.19041113555431366	0.32758060097694397	1.4079301357269287	1.1135534048080444	1.0987101793289185	0.3528729975223541	0.4256770610809326	0.2597455382347107	0.7407244443893433	0.6202560663223267	0.7234714031219482	0.4773131310939789	0.47461193799972534	0.8971267938613892	0.12186767905950546	0.6789627075195312	0.815807044506073	0.650272011756897	0.015689248219132423	0.2607705295085907	0.15259337425231934	0.07923341542482376	0.7996162176132202	0.42759525775909424	0.8627930879592896	0.51402348279953	1.0107166767120361	0.7169745564460754	0.2299165427684784	0.10280375927686691	0.3095775842666626	0.2051248997449875	0.8630127310752869	0.5281838774681091	0.23152044415473938	0.22577118873596191	1.1904653310775757	0.3106480538845062	1.0086560249328613	0.46496134996414185	0.27838826179504395	0.6500099301338196	0.6153530478477478	0.7937484383583069	0.411397248506546	0.6017557978630066	0.9124162793159485	0.7596688866615295	0.5648139715194702	0.626906156539917	0.5492553114891052	0.3630658686161041	0.8977789878845215	0.432004451751709	0.7526342868804932	0.5779293775558472	0.30518895387649536	0.09796636551618576	0.254862904548645	0.845181941986084	0.027272075414657593	0.9113048315048218	0.39199039340019226	0.704645037651062	0.24477164447307587	0.17441067099571228	0.28251558542251587	0.979590654373169	0.6915460824966431	0.35189110040664673	0.6835693120956421	0.3723459243774414	0.5085604190826416	0.587336540222168	0.6711121201515198	0.1194564625620842	0.4273523986339569	0.32368987798690796	0.5159593224525452	0.18415381014347076	0.13059166073799133	0.1739203929901123	0.8216647505760193	0.19403786957263947	1.0531420707702637	0.9071661233901978	0.6393297910690308	0.8340985774993896	0.21778424084186554	0.5955407619476318	0.3788694739341736	0.20695354044437408	0.7661539316177368	0.38013115525245667	0.5950518250465393	0.6919964551925659	0.20631249248981476	0.6949503421783447	0.5846431851387024	0.3413889706134796	0.7420466542243958	0.5224838852882385	0.7472046613693237	0.41479453444480896	0.2714933454990387	0.3862776756286621	0.568281888961792	1.8165109157562256	0.5872601270675659	0.32689332962036133	0.5327284932136536	0.3982001543045044	0.21345436573028564	0.39985761046409607	0.6924599409103394	0.4548931121826172	1.075937271118164	0.4824327230453491	0.24734899401664734	0.8077751398086548	0.4826464354991913	0.8063488006591797	1.1309237480163574	0.4968391954898834	0.15076234936714172	0.44153445959091187	0.3820186257362366	0.7942675352096558	0.8755081295967102	0.8086798191070557	0.5116612315177917	0.2501091957092285	0.9437671899795532	0.7712109088897705	0.740998387336731	0.3127710223197937	0.28413569927215576	0.053137969225645065	0.537761926651001	0.3618088662624359	0.23077373206615448	0.5796156525611877	0.500163733959198	1.136991262435913	0.4853615164756775	0.4972420930862427	0.6934844255447388	0.3366386890411377	0.5004170536994934	0.5060445666313171	0.21784459054470062	1.426729440689087	0.22639194130897522	0.2757720947265625	0.7644400596618652	0.08809219300746918	0.3414364457130432	0.7459561824798584	0.5796103477478027	0.7212913036346436	0.45236727595329285	0.5049973726272583	0.5691003203392029	0.5440914630889893	0.5651169419288635	0.5522210597991943	0.5687816739082336	0.1977439522743225	0.7979432344436646	0.3512052595615387	0.31412509083747864	0.4772552251815796	0.2722245156764984	1.2438766956329346	0.78875333070755	0.07267335057258606	0.545318067073822	0.22596575319766998	0.17908361554145813	0.41012459993362427	1.1268401145935059	0.35371091961860657	0.4655013084411621	0.18956969678401947	0.4618220329284668	0.5496717095375061	0.6163437962532043	0.20886774361133575	0.260764479637146	0.49814537167549133	0.5791118144989014	0.40043628215789795	0.008759587071835995	0.47441479563713074	0.9884656071662903	0.2154756486415863	0.30111557245254517	0.20506811141967773	0.3909381628036499	0.22284960746765137	0.6673687696456909	0.6424756050109863	0.3289293050765991	0.4316025972366333	0.8236507773399353	0.5123654007911682	0.9713812470436096	0.8310736417770386	0.8620902299880981	0.6017666459083557	0.2016163319349289	0.36530667543411255	0.38295266032218933	0.7790025472640991	0.6663051843643188	0.13586613535881042	0.11047494411468506	0.6320971250534058	0.490256667137146	0.6777598261833191	0.5730932354927063	0.5123222470283508	0.12626896798610687	0.7656984925270081	0.6238149404525757	0.04785378649830818	0.17981953918933868	0.5133270025253296	1.013573169708252	0.39099428057670593	0.3660832941532135	1.316850185394287	0.5286087989807129	0.05531587451696396	0.2829798758029938	0.17781485617160797	0.46096688508987427	0.40875041484832764	0.5583282709121704	0.7046855092048645	1.0295047760009766	0.5190340280532837	0.43082669377326965	0.09466183185577393	0.2829139232635498	0.25357764959335327	0.9259374141693115	0.47220301628112793	0.6310535669326782	0.9460146427154541	0.6082295775413513	0.6247254014015198	0.19444796442985535	0.3081466555595398	0.6354635953903198	0.7142568826675415	0.813530683517456	1.4422876834869385	0.5416244268417358	1.5019444227218628	0.3222654461860657	0.29901576042175293	0.4239019751548767	0.09453161805868149	0.45859724283218384	0.34287029504776	0.4017251133918762	0.09618750959634781	0.3850118815898895	0.31317979097366333	0.5038456320762634	0.2384929358959198	0.5238404273986816	0.7279530763626099	0.8743674755096436	0.5590167045593262	0.21730928122997284	0.6897278428077698	1.0493394136428833	0.35427072644233704	0.5459946990013123	0.5352285504341125	1.236048936843872	0.2839670777320862	0.6942434906959534	0.2773537039756775	0.2032717913389206	0.3541891872882843	0.21057358384132385	0.24613872170448303	0.5301469564437866	0.5010896325111389	0.8440053462982178	0.48793506622314453	1.2412718534469604	0.9015753269195557	0.2507626414299011	0.4639800786972046	0.4636487066745758	0.32665908336639404	0.6229391098022461	0.640874981880188	0.5599803924560547	1.073690414428711	0.5421993136405945	0.30703476071357727	0.980502724647522	0.7779344916343689	0.4505934417247772	0.22832514345645905	0.4417148530483246	0.5328152775764465	0.7005654573440552	0.22098815441131592	1.3319486379623413	0.7316569089889526	0.49114304780960083	0.38392555713653564	0.13954684138298035	0.46540868282318115	1.3691270351409912	0.41636955738067627	0.7537230253219604	0.6234238147735596	0.5789938569068909	0.28471583127975464	0.25838443636894226	0.5943483710289001	0.829258382320404	0.5097947716712952	0.5136268734931946	0.4794042706489563	0.64189612865448	0.49777573347091675	0.7189280986785889	0.24468016624450684	0.6971697807312012	0.48818060755729675	0.1062905415892601	0.3729076683521271	0.46667224168777466	1.1483350992202759	0.27352678775787354	0.5867379307746887	0.7531151175498962	0.5160301923751831	0.2640812397003174	1.0715869665145874	0.5303128361701965	0.30844834446907043	0.39961346983909607	0.10338349640369415	0.2663067877292633	0.49757304787635803	0.7507133483886719	0.5463612079620361	0.9301199913024902	0.5745044350624084	0.7892037630081177	0.34650754928588867	0.4594874382019043	0.5164064764976501	0.25480908155441284	0.8839412927627563	0.966873049736023	0.4833126962184906	0.6957206130027771	0.415526419878006	0.13255220651626587	0.8224866390228271	0.27419552206993103	0.2849222719669342	0.6950854659080505	0.2552032470703125	0.20526228845119476	0.6951390504837036	0.46140483021736145	0.7372279763221741	0.5477890968322754	0.4516620337963104	0.13405367732048035	0.40593746304512024	0.8814932107925415	0.8358885645866394	0.9081817865371704	0.2245800793170929	0.5456150770187378	0.34017619490623474	0.5730533003807068	0.05737286061048508	0.4944971203804016	0.5943480730056763	0.14054983854293823	0.37812769412994385	0.2794552445411682	0.9986127018928528	0.0	0.5954260230064392	0.7899470329284668	0.3525450825691223	0.18634824454784393	0.10206008702516556	1.0011053085327148	0.2460889369249344	0.6094951033592224	0.3220353424549103	0.2780166268348694	0.2911325991153717	0.858056366443634	0.5974795818328857	0.9351056814193726	0.6599836349487305	0.47009000182151794	1.0331851243972778	0.8977210521697998	0.5559492111206055	0.28882449865341187	1.4131591320037842	0.08335631340742111	0.6819837093353271	0.2509438991546631	0.699443519115448	0.44212639331817627	0.4002344310283661	0.42518651485443115	0.5464966893196106	0.3415371775627136	0.7893112897872925	0.6401249170303345	0.9724270105361938	0.9212422966957092	0.8907639980316162	0.12205002456903458	0.7690351605415344	0.6160038113594055	1.055016040802002	0.6881619095802307	0.9064500331878662	0.40980204939842224	1.1513570547103882	0.5188027620315552	0.41159650683403015	0.3990251421928406	0.35268598794937134	1.14724600315094	0.6422156095504761	0.23503705859184265	0.19521783292293549	1.0002713203430176	0.3491440713405609	0.30587348341941833	0.39695146679878235	0.7037188410758972	0.20351777970790863	0.3149304986000061	0.07902861386537552	0.42065250873565674	0.5198090672492981	1.335710048675537	0.41196003556251526	0.3968876302242279	0.4696277379989624	0.40893909335136414	0.2438197284936905	0.35942456126213074	0.6494956612586975	0.18537312746047974	0.26806485652923584	0.25650086998939514	0.9930649399757385	0.7258146405220032	0.18316657841205597	0.09388803690671921	0.8531110286712646	0.542041540145874	0.7584101557731628	0.558048665523529	0.4478442072868347	0.7762362360954285	0.7792457938194275	0.46452975273132324	0.6942155957221985	0.5616014003753662	0.9062063097953796	0.07747353613376617	0.3952471613883972	1.286087989807129	0.7339252233505249	0.40810662508010864	0.3578631281852722	0.8721766471862793	0.17446504533290863	0.46322470903396606	0.3714759647846222	0.5592505931854248	0.5590124726295471	0.7530056238174438	1.3645068407058716	0.49612537026405334	0.2355012446641922	0.5400521755218506	0.09471610188484192	0.1496484875679016	0.28584587574005127	0.6910990476608276	0.7198346257209778	1.1454308032989502	0.2088482826948166	0.2592177391052246	0.39677929878234863	0.46036484837532043	0.5790550112724304	0.7432630062103271	0.22380957007408142	0.283181756734848	0.8331612348556519	1.0888499021530151	1.0412287712097168	0.45912909507751465	0.7090029120445251	0.2551317512989044	0.3296911120414734	0.4144442081451416	0.40074244141578674	0.48805949091911316	0.7309601306915283	0.4294176697731018	0.5466708540916443	0.4083636999130249	0.9493874311447144	0.629808783531189	0.8870818018913269	0.5229313969612122	0.8111993074417114	0.6379140615463257	0.6117562055587769	0.3544769585132599	0.3307524025440216	0.3193083703517914	0.09851408749818802	0.6529991030693054	0.687000572681427	0.28764545917510986	0.46608197689056396	0.36742570996284485	0.6532331109046936	0.5514370203018188	0.49542051553726196	0.2298513650894165	1.0128096342086792	0.4613438546657562	0.8834283351898193	0.31065672636032104	0.6688972115516663	0.7062992453575134	0.985170841217041	0.313340425491333	0.24934221804141998	0.34120988845825195	0.17940279841423035	0.7584673166275024	1.1224706172943115	0.38554543256759644	0.9047383069992065	0.6938563585281372	0.6893694400787354	0.6079720258712769	0.5456075668334961	0.29142269492149353	0.4086683392524719	1.3200076818466187	0.3250899016857147	0.8944089412689209	0.303364098072052	0.4212619960308075	0.29901644587516785	0.35930532217025757	0.7535601258277893	0.40004050731658936	0.3089215159416199	1.2890276908874512	0.2731306850910187	0.045390479266643524	0.5229857563972473	0.30081865191459656	0.43693089485168457	0.13771478831768036	0.6015036106109619	0.05184832215309143	0.15991726517677307	0.3439001142978668	0.16605107486248016	0.4529300332069397	0.8414621353149414	0.19577069580554962	0.8047891855239868	0.663504421710968	0.7444291114807129	0.437038779258728	0.7735574841499329	0.3727530837059021	0.9534121751785278	0.49801623821258545	1.4250829219818115	0.43194398283958435	0.4082518219947815	0.41454511880874634	0.2325494885444641	0.927577018737793	0.3396516442298889	0.5246967077255249	0.6420223116874695	0.4323923885822296	1.2690287828445435	0.4992941617965698	1.0320829153060913	0.6049513220787048	0.4530559778213501	0.4814181923866272	0.3886311948299408	0.014638847671449184	0.40231579542160034	1.2462090253829956	0.3785397410392761	0.06473252177238464	0.5393291711807251	0.38088324666023254	0.11673061549663544	0.5617946982383728	0.5085629820823669	0.3591080904006958	0.5116453766822815	0.46967798471450806	0.36906275153160095	0.290024071931839	0.27835091948509216	0.47781914472579956	0.4386708736419678	0.5102453827857971	0.0791589692234993	0.7261046767234802	0.3652663230895996	0.12294358015060425	0.8735567927360535	0.5584865808486938	1.1311527490615845	0.3621644377708435	1.0304895639419556	0.04087277874350548	0.8555721640586853	0.3461146354675293	0.2118741273880005	0.4656210243701935	0.3579057455062866	0.5836259126663208	0.734228789806366	0.27008864283561707	0.633886456489563	0.22429826855659485	0.6054272055625916	0.6469341516494751	0.21603092551231384	0.43238627910614014	0.6453135013580322	0.5773361921310425	0.739331841468811	0.22939777374267578	0.783225953578949	1.371796727180481	0.5643177628517151	0.8694775104522705	0.8242758512496948	0.8511045575141907	0.37462061643600464	0.1136879101395607	0.3550341725349426	0.6469378471374512	0.2407907098531723	0.350700318813324	0.26715564727783203	0.49997442960739136	0.5710799694061279	1.0403220653533936	1.0183918476104736	0.7804933786392212	0.3326692283153534	0.4535209536552429	0.49373897910118103	0.7374820113182068	0.1362200230360031	0.2921433448791504	0.7457444667816162	0.23143601417541504	0.13447217643260956	0.6144822239875793	0.12494947761297226	0.33449363708496094	0.4752807319164276	0.5164391398429871	0.6252075433731079	0.34600362181663513	0.5251892805099487	0.04149165004491806	0.8027822375297546	0.5433783531188965	1.1078327894210815	0.25841808319091797	1.2004237174987793	0.3217279314994812	0.8396905660629272	0.6292110681533813	0.21927405893802643	0.5439003109931946	0.4130459427833557	0.33765122294425964	0.5782633423805237	0.4650021195411682	0.8675824403762817	0.3935183882713318	1.000673532485962	0.3679656982421875	0.32694846391677856	0.23490272462368011	0.4343085289001465	0.602785050868988	0.611542820930481	0.4094473421573639	0.5773701071739197	0.12836141884326935	1.1697615385055542	0.2200111597776413	0.412801593542099	0.8534150123596191	1.0128757953643799	0.34279221296310425	0.6371229887008667	0.5354409217834473	0.7206500768661499	0.4675251841545105	0.11832000315189362	0.4811243712902069	0.5103621482849121	0.5009827017784119	0.4791436493396759	0.9910215735435486	1.4603171348571777	0.8930962681770325	0.2346450388431549	0.32776686549186707	0.986343264579773	0.1834387183189392	0.9521439075469971	0.26261404156684875	0.44939056038856506	0.35829469561576843	0.3313869535923004	0.1408514529466629	0.4968748390674591	0.8192412257194519	0.6718698740005493	0.2129618525505066	0.20758652687072754	0.4169309735298157	0.9019210338592529	0.038840413093566895	0.5224673748016357	0.566876232624054	0.9741516709327698	1.0480129718780518	0.29865264892578125	0.14563414454460144	0.14369605481624603	0.26717695593833923	0.5592063069343567	0.015106555074453354	0.34467941522598267	0.5566635131835938	0.1145184263586998	0.7859940528869629	0.6553381085395813	0.5863980650901794	0.02516191080212593	0.5831250548362732	0.924989640712738	1.1936628818511963	0.6579756140708923	0.9789348840713501	0.7209571003913879	0.03756282106041908	0.10896292328834534	0.6452818512916565	0.28092825412750244	0.3047060966491699	0.8321041464805603	0.22454312443733215	1.1027377843856812	0.6312628388404846	0.2173558473587036	0.5937843322753906	0.5544679164886475	0.00846346840262413	0.41783246397972107	0.3927616477012634	0.32118192315101624	0.2852799594402313	0.1527889519929886	0.9029492139816284	0.17295804619789124	0.2563566565513611	1.0461362600326538	0.5934953689575195	0.5094137191772461	0.1524437814950943	0.2836809754371643	0.6269927024841309	0.8528558015823364	0.7064208984375	0.05838710814714432	0.3326089084148407	0.2637673020362854	0.9214231371879578	0.1619022786617279	0.19462889432907104	0.7452937364578247	0.7970812320709229	0.6428566575050354	0.4628744125366211	0.3851574659347534	0.5540515184402466	0.21637630462646484	0.3509080410003662	1.1122828722000122	0.08852116018533707	0.2696296274662018	0.47041743993759155	0.13703769445419312	0.014169412665069103	0.6335643529891968	0.42960667610168457	0.5657602548599243	0.5486979484558105	0.4723479151725769	0.8629141449928284	0.40585213899612427	0.4150087237358093	0.42904427647590637	0.45281559228897095	0.7113088965415955	0.1494818925857544	0.3545874059200287	0.5116086602210999	0.2789017856121063	0.38206881284713745	0.6193397641181946	0.846850574016571	0.3537507951259613	0.8292115926742554	0.6726476550102234	0.6480458378791809	0.3447735607624054	0.3158218562602997	0.4671535789966583	0.3049195408821106	0.44680023193359375	0.7303835153579712	0.330229789018631	0.253848135471344	0.4029653072357178	0.44532594084739685	0.39942875504493713	0.7654017210006714	0.4359661340713501	0.5677431225776672	1.183078646659851	0.517081081867218	0.4073905348777771	0.31758055090904236	0.07877886295318604	0.48096129298210144	0.40237870812416077	0.8269702792167664	0.7593770623207092	0.22727490961551666	0.6614183187484741	1.108549952507019	0.4680403172969818	0.07742912322282791	0.7499391436576843	0.32666853070259094	0.9135665893554688	0.36177560687065125	0.2022596001625061	0.869465172290802	0.5600704550743103	0.5111098289489746	0.6781092882156372	0.4954856336116791	0.9717379808425903	0.4209255874156952	0.8893900513648987	0.1402205228805542	0.3629951477050781	1.2005822658538818	0.6420189738273621	0.6591447591781616	0.46511343121528625	0.4566865861415863	0.22975964844226837	0.495853990316391	0.3765079975128174	0.2975207567214966	1.375838041305542	0.5553920269012451	0.752252459526062	0.9953475594520569	0.11658090353012085	0.24774233996868134	0.15425902605056763	0.7802711129188538	0.5719142556190491	0.4955994784832001	0.4744560718536377	0.22114971280097961	0.7132821679115295	0.4743138551712036	0.2153715193271637	0.3849733769893646	0.36258313059806824	0.7253662347793579	0.5797019004821777	0.13406901061534882	0.5534605383872986	0.2805946469306946	0.21811039745807648	0.26723819971084595	0.10053394734859467	0.5394667983055115	0.3207654654979706	0.5817663073539734	0.33596938848495483	0.46229422092437744	0.17822358012199402	0.834510087966919	0.459961473941803	0.4399990439414978	0.3942291736602783	0.2820459008216858	0.6204158067703247	0.8054109811782837	0.32453688979148865	1.229134440422058	1.0418542623519897	0.1938992589712143	0.31280046701431274	0.2622929513454437	0.6886394619941711	0.1536705493927002	0.4386672079563141	0.83945631980896	0.7994539737701416	0.34453290700912476	0.6207616329193115	0.3225575387477875	0.18080516159534454	0.4049702286720276	0.46314215660095215	0.36958086490631104	0.225423201918602	0.4440141022205353	0.27669355273246765	0.18756835162639618	0.9951465725898743	0.1702161729335785	0.22654949128627777	0.722507655620575	0.2514069378376007	0.3420000672340393	0.14202174544334412	0.5404096841812134	0.582095742225647	0.18044278025627136	0.21130912005901337	0.576673150062561	0.5734493136405945	1.2720941305160522	0.1546146124601364	0.500415563583374	0.257339209318161	0.2051158845424652	0.4777737557888031	0.38881707191467285	0.8143277168273926	1.078945279121399	0.15009838342666626	0.14629799127578735	0.36206743121147156	0.4961370825767517	0.171833336353302	0.48020750284194946	0.5156040191650391	0.3784894347190857	0.7602928280830383	1.3977174758911133	0.16066032648086548	0.6612085700035095	0.12161707133054733	0.9207768440246582	0.2741558253765106	0.2945259213447571	0.22475039958953857	0.4995196461677551	0.4579097628593445	0.10587810724973679	0.3091510534286499	0.6455843448638916	0.7096726894378662	1.0321307182312012	0.526969313621521	0.589065670967102	0.4908374547958374	0.2804441452026367	0.0	0.9327619671821594	0.4178524315357208	0.8909707069396973	0.1476147323846817	0.3309810161590576	0.24629119038581848	0.5922338962554932	0.29213058948516846	0.27902624011039734	0.5295842289924622	0.7788825035095215	0.7461679577827454	0.3215743899345398	0.3605857193470001	0.5321448445320129	0.11454127728939056	0.9581134915351868	0.36655840277671814	0.5398431420326233	0.14937373995780945	0.48244643211364746	0.6554023623466492	1.0062553882598877	0.2938915491104126	0.7241349220275879	0.060754433274269104	0.39935147762298584	1.0178977251052856	0.10051707923412323	0.14605864882469177	0.3920123279094696	0.21407657861709595	0.25975745916366577	0.46881264448165894	0.9318398833274841	0.8281199932098389	0.2883518636226654	0.7308158278465271	0.2951537072658539	0.4336237609386444	0.6117494702339172	0.24899432063102722	0.1195572018623352	0.0943894162774086	0.2542904019355774	0.0807492807507515	0.4928661286830902	0.1509903073310852	0.4331890642642975	0.3353691101074219	0.1375659704208374	1.248708963394165	0.5768940448760986	0.24734124541282654	0.06248912960290909	0.902126669883728	0.6524489521980286	0.36435651779174805	1.1372911930084229	0.17146243155002594	0.6043267250061035	0.020809777081012726	0.7482420802116394	0.2500886023044586	0.49606582522392273	0.4081161618232727	0.5463210940361023	0.5100089907646179	0.5312871336936951	0.5932938456535339	0.918982207775116	0.2697639465332031	0.4903675615787506	0.46802645921707153	0.23141898214817047	0.5486108064651489	0.5992395877838135	0.8049760460853577	0.39438822865486145	0.6248675584793091	0.3828679621219635	0.202911838889122	0.1894422322511673	0.2303885966539383	0.2481348067522049	0.7272917032241821	0.7653478980064392	0.5300450325012207	0.3346005976200104	0.39354753494262695	0.17252567410469055	0.24629664421081543	0.5037915110588074	0.13023127615451813	0.3852246403694153	0.2559483051300049	0.666212260723114	1.0173258781433105	0.2598244547843933	0.6741998195648193	0.71616530418396	0.4869345426559448	0.3151080012321472	1.1544363498687744	0.43878692388534546	0.17664314806461334	0.483241468667984	1.0548646450042725	0.638244092464447	0.07191263139247894	0.5562654733657837	0.48936524987220764	0.6448471546173096	0.46224263310432434	0.17145764827728271	0.3192909359931946	0.7708495855331421	0.8701521158218384	0.5113518238067627	0.17508113384246826	0.33583247661590576	0.2606040835380554	0.7229875326156616	0.09365234524011612	0.4672510027885437	0.6215651631355286	0.7019797563552856	0.30871355533599854	0.33725520968437195	0.2784644365310669	0.48846757411956787	0.7259703278541565	0.2158154547214508	1.0058634281158447	1.5872607231140137	0.8677776455879211	0.4888758361339569	0.028461555019021034	0.9193518757820129	0.46732616424560547	0.37764137983322144	0.40270528197288513	0.6494203805923462	0.6640774011611938	0.08148740231990814	0.6838080286979675	0.5512052178382874	0.4751887619495392	0.8188996911048889	0.1777254045009613	0.3457857370376587	0.6516340970993042	0.2799374461174011	0.7745856642723083	0.5575083494186401	0.1683160960674286	0.43918532133102417	0.26971596479415894	1.022623062133789	0.9655081033706665	0.385071724653244	1.3612816333770752	1.5314511060714722	0.4604146480560303	0.3081122636795044	0.20518028736114502	0.12249649316072464	0.33980926871299744	0.6128960251808167	0.41077226400375366	0.3249683082103729	0.3017561435699463	0.055261801928281784	0.7675800323486328	0.41514265537261963	0.2755620777606964	0.05176028236746788	0.21355071663856506	0.877537727355957	0.16770228743553162	0.20788151025772095	1.0701690912246704	0.3554745018482208	0.6410080194473267	0.7214100360870361	0.5470553636550903	0.6115280389785767	0.624090313911438	0.48434051871299744	0.19528833031654358	0.21568132936954498	0.5650321245193481	0.5969442129135132	0.35079073905944824	0.7835642695426941	0.31965938210487366	0.8535676598548889	0.0305698961019516	0.600534975528717	0.5798447132110596	0.06017756089568138	0.4307902157306671	0.3045104444026947	0.8879177570343018	0.3685932159423828	0.7044979333877563	0.28846290707588196	0.5586481094360352	0.5789031982421875	0.5851066708564758	0.38734596967697144	0.6213746070861816	0.10941599309444427	0.024691976606845856	1.0223546028137207	0.7445658445358276	0.4973294734954834	0.07138501852750778	0.5338688492774963	0.4188383221626282	0.4272816777229309	1.039442539215088	0.4511283040046692	0.34009355306625366	0.8777328729629517	0.6403801441192627	0.27810782194137573	0.7191917896270752	0.8837324976921082	0.2009088099002838	0.6168115735054016	0.3030758500099182	0.9323534965515137	0.8556787967681885	0.07165727764368057	0.12147952616214752	0.5683497786521912	0.4475466012954712	0.4463886618614197	0.4425085484981537	0.8517156839370728	0.22046703100204468	0.6115373969078064	0.8635111451148987	0.5977910757064819	0.6111870408058167	0.1146167516708374	0.5788091421127319	0.2844795882701874	0.8408623933792114	0.9029980301856995	0.5482667684555054	0.7786505818367004	0.28319379687309265	0.4401821196079254	0.39475125074386597	0.4271320700645447	0.447305828332901	0.8945212364196777	0.2793087959289551	0.6499996185302734	0.12191779911518097	0.6872292757034302	0.96947181224823	0.41887980699539185	1.2414045333862305	0.618626594543457	0.11706459522247314	0.5992379784584045	0.6569663286209106	0.2424340844154358	0.4575433135032654	0.7094753384590149	0.3827589154243469	0.16737321019172668	0.5634348392486572	0.4871930181980133	2.0844194889068604	0.4934457838535309	0.13215108215808868	0.04245910048484802	0.3810427784919739	0.6151558756828308	0.3773496747016907	0.8180694580078125	0.28301629424095154	0.5374194383621216	0.2640584111213684	1.3221144676208496	0.6607332825660706	0.4387674033641815	0.18153919279575348	0.2943223714828491	0.1128719300031662	0.44355911016464233	0.3661434054374695	0.303844153881073	0.45256173610687256	0.3340160846710205	0.3949013650417328	0.6958982348442078	1.3189177513122559	0.4363340437412262	0.7527723908424377	0.2042163610458374	0.005761713720858097	0.4325149655342102	0.45657554268836975	0.1676410436630249	0.2518948018550873	0.307298481464386	0.00031876564025878906	0.346246600151062	0.4168182611465454	0.8786540031433105	0.4599895179271698	0.6533969640731812	0.3451138138771057	0.3645690977573395	0.5227982997894287	0.21269726753234863	0.7924103736877441	0.42388710379600525	0.40894532203674316	0.16719383001327515	0.4812750220298767	0.8872332572937012	0.25384360551834106	0.7467432618141174	0.14677651226520538	0.47465068101882935	0.8359582424163818	0.6759205460548401	0.6015527248382568	0.5402427315711975	1.1661980152130127	0.19601906836032867	0.3648488521575928	0.2772540748119354	0.6170719861984253	0.7568612694740295	0.6181255578994751	0.712074339389801	0.8038755655288696	0.32776790857315063	0.41691654920578003	0.2252911925315857	0.7689254283905029	0.6017190217971802	0.1476782113313675	0.6364560127258301	0.42968061566352844
0.47095179557800293	0.37882015109062195	0.42167288064956665	1.3156096935272217	0.5250295400619507	0.08866358548402786	0.09854094684123993	0.6275371313095093	1.003176212310791	0.31964725255966187	0.9572680592536926	0.7511698603630066	1.731690764427185	0.5320342779159546	0.17093250155448914	0.5984587669372559	1.1194088459014893	0.2877761125564575	0.4917461574077606	0.5463351011276245	0.8601800799369812	0.3448779881000519	0.30199912190437317	0.11118468642234802	0.4886753559112549	0.3076263964176178	0.9148468375205994	1.3763529062271118	0.4467613101005554	0.3268360495567322	0.8030107617378235	0.43032199144363403	0.2868352234363556	0.5315741896629333	0.23139093816280365	0.26218992471694946	0.4515586793422699	0.7235608696937561	0.41366899013519287	0.46677958965301514	0.3738219141960144	0.0	0.2465621680021286	0.4183432459831238	0.1618669629096985	0.6808577179908752	0.3112994134426117	0.7134758830070496	0.7013256549835205	1.1531106233596802	0.28474941849708557	0.40624865889549255	0.42101550102233887	0.5510775446891785	0.3792238235473633	0.21878257393836975	0.4403781294822693	0.9755625128746033	0.5035537481307983	0.8309171795845032	0.23474456369876862	0.8028981685638428	0.9595913887023926	0.5919570326805115	0.3051197826862335	0.42847540974617004	1.1259690523147583	0.6095114946365356	0.08272626996040344	0.587054431438446	0.49579715728759766	0.4604470133781433	0.6250460147857666	0.8940321803092957	0.5121119022369385	0.6687445640563965	0.6627895832061768	0.6878688335418701	0.9836256504058838	1.1032848358154297	1.285680890083313	0.37297824025154114	0.578359067440033	0.36335289478302	0.7898534536361694	0.5207122564315796	0.7171615362167358	1.0251078605651855	0.3097234070301056	0.2571669816970825	0.2907411754131317	0.31060248613357544	0.2561286687850952	0.9216960072517395	0.2131699174642563	0.9473787546157837	0.3376888036727905	0.6327481269836426	0.48802974820137024	0.5467830300331116	1.0709656476974487	1.0981976985931396	0.2540869116783142	1.048491358757019	0.8707865476608276	0.7468476891517639	0.43195706605911255	1.0568180084228516	0.12487416714429855	0.46508267521858215	0.44355475902557373	1.0720055103302002	0.7307329177856445	0.8756966590881348	1.0983335971832275	0.3984631896018982	0.47290337085723877	0.2995589077472687	1.2025156021118164	0.09047362208366394	1.0593266487121582	0.6073839664459229	0.6931581497192383	0.6801756024360657	0.8032182455062866	0.6749073266983032	0.20805513858795166	0.3720008432865143	0.6354943513870239	0.4411609470844269	0.4081133008003235	0.7708984017372131	0.4483662545681	0.5816455483436584	0.2834451198577881	0.5457750558853149	0.5769766569137573	0.8598533272743225	0.5655183792114258	0.29771143198013306	0.35076889395713806	0.39111486077308655	0.05774544179439545	0.551746666431427	0.7641813158988953	0.05767183378338814	0.9073704481124878	0.2373829483985901	0.421098530292511	0.5427263975143433	0.5225470066070557	0.3937155604362488	0.8410300612449646	0.04850005358457565	0.2780362665653229	0.38689124584198	0.17365169525146484	0.48840782046318054	0.2887425124645233	0.6602627038955688	0.7498647570610046	0.7275785207748413	0.3943895101547241	0.5829604864120483	0.08166810870170593	0.8063375949859619	0.9224739074707031	0.35475295782089233	0.015301661565899849	0.5098302364349365	0.2259412407875061	0.2659277021884918	0.3521834909915924	0.7879183292388916	0.33753421902656555	0.2693230211734772	0.3117752969264984	1.1334642171859741	0.8164567947387695	0.40440788865089417	0.5856462121009827	0.6018754243850708	0.5825318098068237	0.40875327587127686	0.5883489847183228	0.7092927098274231	0.4653717577457428	0.2027902752161026	0.7383617162704468	0.37771663069725037	0.31675899028778076	0.21097338199615479	0.7952725887298584	0.37762683629989624	0.33787843585014343	0.8862236738204956	0.10384080559015274	0.27275240421295166	0.2293020486831665	0.4529207944869995	0.6283870339393616	0.48158183693885803	0.2802774906158447	0.3669253885746002	0.9170414805412292	0.4661697745323181	0.3879695534706116	0.7328880429267883	0.405030220746994	0.29845958948135376	0.17577862739562988	0.23863603174686432	0.29846709966659546	0.6370656490325928	1.1148582696914673	0.33399078249931335	0.5657607316970825	0.6915522813796997	0.6043146848678589	0.23322337865829468	0.31613293290138245	0.33240699768066406	0.544833779335022	0.190083846449852	0.2655644416809082	0.6341385841369629	0.3094029724597931	0.49518299102783203	0.23918485641479492	0.880433201789856	0.18499216437339783	0.6658557653427124	0.36572498083114624	0.7813209295272827	0.8664212226867676	0.6218128800392151	0.25462326407432556	0.6471138000488281	0.321850061416626	0.5221349000930786	0.6628952026367188	0.48225563764572144	0.6734720468521118	0.48946133255958557	0.33197343349456787	0.7299012541770935	0.5543884634971619	0.5328404903411865	0.3215850293636322	0.42829352617263794	0.4248567819595337	0.0913967490196228	1.217500925064087	0.32271847128868103	0.33140885829925537	0.7152292132377625	1.0760653018951416	0.989582359790802	0.10463810712099075	0.5735977292060852	0.8654782176017761	0.5621365904808044	0.4219091236591339	0.6615790128707886	0.02872093953192234	0.41221216320991516	0.7948276400566101	0.2357703000307083	0.6011330485343933	0.3551751971244812	0.7543372511863708	0.31393060088157654	0.049433689564466476	0.36380189657211304	0.7939710021018982	0.35399219393730164	0.6652612686157227	0.8622716665267944	0.5436615943908691	0.5203250050544739	0.369292676448822	1.0945773124694824	0.319148987531662	0.12273506820201874	0.3752601146697998	0.907066822052002	0.3830103278160095	0.4165337085723877	0.3694116473197937	0.5664843320846558	0.7989907264709473	0.5361553430557251	0.45836007595062256	0.714950680732727	0.4302953779697418	0.2773109972476959	0.7886337637901306	0.1736459732055664	0.38103848695755005	0.38731086254119873	0.03304477781057358	0.1051773726940155	0.2506142258644104	0.7455979585647583	0.6814289093017578	0.3794391453266144	0.7456920146942139	0.23251734673976898	0.2579479515552521	1.171489953994751	0.15166768431663513	0.29817333817481995	0.7759926319122314	0.6409486532211304	0.9284570217132568	0.28789785504341125	0.333505243062973	0.3173573911190033	0.4357313811779022	0.6006308197975159	0.32028916478157043	0.24462704360485077	0.16056866943836212	0.21738237142562866	0.6978597640991211	0.647713303565979	0.6338185667991638	1.0023475885391235	0.6574870347976685	0.18218894302845	1.1429797410964966	0.32472583651542664	0.2855325937271118	0.6296707987785339	0.8922685384750366	0.602513313293457	0.45950251817703247	0.14861609041690826	0.717031717300415	0.35600531101226807	0.09567123651504517	0.7253455519676208	0.29309722781181335	0.6411517262458801	0.2592722773551941	0.4413526654243469	0.7438513040542603	0.5452622175216675	0.7397586107254028	0.3207467198371887	1.1845859289169312	0.918134331703186	0.1458461880683899	0.42549318075180054	0.4474615454673767	0.30314329266548157	0.3630301356315613	0.2700243890285492	0.30202963948249817	0.8521422147750854	0.2586343288421631	0.9553791284561157	0.3568479120731354	0.2717162072658539	0.8421421647071838	0.4347449243068695	0.7849662899971008	0.8748316764831543	0.40797799825668335	0.2860887944698334	0.3871803283691406	0.5355553030967712	0.6870912909507751	0.7766497731208801	0.37757954001426697	0.3257004916667938	0.8243417143821716	0.32311734557151794	0.11675543338060379	1.2250399589538574	0.23164382576942444	0.6287470459938049	0.9254024624824524	0.31863439083099365	0.5881969332695007	0.27431103587150574	0.3550741672515869	0.299794465303421	0.10378579050302505	0.3488624691963196	0.44801053404808044	0.42687147855758667	0.4048154950141907	0.3782360553741455	0.6058834791183472	0.6955950856208801	0.5988926887512207	0.31517285108566284	1.2888641357421875	0.7511270642280579	0.5262843370437622	0.2088097184896469	0.3527368903160095	0.360228955745697	0.7363294363021851	0.6900705099105835	0.9122092127799988	0.3957883417606354	0.33995911478996277	0.47402361035346985	0.17565175890922546	0.024437732994556427	0.9852378368377686	0.1656264066696167	0.7155607342720032	1.2235107421875	0.46276071667671204	1.4462685585021973	0.48160117864608765	0.27597877383232117	0.40748095512390137	0.4584517180919647	0.8811066746711731	0.14808389544487	0.7222378849983215	0.4789941906929016	0.7647366523742676	0.5601679682731628	0.5310634970664978	0.4066650867462158	0.7207745313644409	0.978655993938446	0.7722322940826416	0.6452878713607788	0.5138784646987915	0.44587942957878113	0.4383915960788727	0.7322235107421875	1.0046745538711548	0.34688085317611694	0.7285987138748169	1.197304129600525	1.459392786026001	1.3573287725448608	0.3713721036911011	0.3276614844799042	0.26654812693595886	0.9248152375221252	0.4932039678096771	0.39370599389076233	1.0135693550109863	0.2571829557418823	0.010523236356675625	0.512550413608551	0.4527702331542969	0.2555924952030182	0.046136658638715744	0.281512975692749	0.07727319747209549	0.5174358487129211	0.42218753695487976	0.5609143972396851	0.29613277316093445	0.6951817274093628	0.28132787346839905	0.05441762134432793	0.9923868775367737	0.403231143951416	0.022637519985437393	0.304152250289917	0.7271723747253418	0.5675802826881409	0.5656570792198181	0.5367155075073242	0.3578330874443054	0.07456158101558685	1.1412558555603027	0.9543718099594116	0.28025195002555847	0.17091944813728333	0.534509003162384	0.39126524329185486	1.2727261781692505	0.8280747532844543	0.2874186336994171	0.7474797368049622	0.23310554027557373	1.5409802198410034	0.7181715369224548	0.5033217668533325	0.48731529712677	0.28421273827552795	0.8444303274154663	0.5669447183609009	0.6240745782852173	0.4083176553249359	0.6198603510856628	0.7801014184951782	0.26548370718955994	0.45605766773223877	0.49990972876548767	0.30941399931907654	0.02384520322084427	0.5713043212890625	0.26491305232048035	0.377599835395813	0.9933732748031616	0.2091856747865677	0.17543089389801025	0.28099197149276733	0.28848835825920105	1.1289293766021729	0.35686397552490234	0.5258991718292236	0.4192865788936615	0.18200570344924927	0.2583918869495392	0.7293325662612915	0.6551451086997986	0.8375774621963501	0.8008304834365845	1.340017318725586	0.41455361247062683	0.2506699860095978	0.3654794991016388	0.267408162355423	0.6765817999839783	0.7242147922515869	0.13915279507637024	0.3593052923679352	1.3369266986846924	0.5648617744445801	0.5865659117698669	0.922760546207428	0.41154995560646057	0.3921884000301361	0.4129376709461212	0.6856571435928345	0.49257245659828186	0.15599970519542694	0.3936390280723572	0.7245213985443115	0.39464056491851807	0.6515665650367737	0.47082409262657166	0.8533830046653748	0.5554600358009338	0.24770794808864594	0.24168959259986877	0.15033544600009918	0.9113218784332275	0.4912160038948059	0.4701613187789917	0.2311129868030548	0.5416666269302368	0.5121000409126282	0.6037978529930115	0.7761117219924927	0.406341552734375	0.3735462427139282	0.22934305667877197	0.5573320388793945	0.45197197794914246	0.20539291203022003	0.9415376782417297	0.11783246695995331	0.8504223227500916	0.1270618438720703	0.21796151995658875	1.0629971027374268	0.3078254461288452	0.8376984000205994	1.0189660787582397	0.18270984292030334	0.8564914464950562	0.5023061633110046	0.09618033468723297	0.25242945551872253	0.3872706890106201	0.2917384207248688	0.9788908958435059	0.639708936214447	0.574407696723938	0.6065737009048462	0.4461361765861511	0.5415710210800171	0.29546862840652466	0.913837194442749	0.3549228608608246	0.4070962965488434	0.5199229121208191	0.41241276264190674	0.5826772451400757	0.2613152861595154	0.5539149641990662	0.14656119048595428	0.5314046740531921	0.42063820362091064	0.34908169507980347	0.34771281480789185	0.08506311476230621	0.5473376512527466	0.54999840259552	0.7994850277900696	0.9352841973304749	0.629922091960907	0.37547773122787476	0.6187523603439331	0.9628506302833557	1.2544063329696655	0.2558039426803589	0.3890247642993927	0.24994823336601257	0.32178378105163574	0.419343501329422	0.6656568646430969	0.13819758594036102	0.1734541356563568	0.6736343502998352	0.4647347033023834	0.1813933253288269	0.4688200354576111	0.4977421164512634	0.6869645118713379	0.18975946307182312	0.41099971532821655	1.0121722221374512	0.9119633436203003	0.4870491921901703	0.5729166269302368	0.4425235986709595	0.17263935506343842	0.22263988852500916	1.3408966064453125	0.03040746971964836	0.3804457187652588	0.9427504539489746	1.0559724569320679	0.11988400667905807	0.4605083465576172	0.7197473049163818	0.49804043769836426	0.3786778151988983	0.6807042360305786	1.268028974533081	0.4790875315666199	0.2556452751159668	0.45022428035736084	0.6496027112007141	0.8456518650054932	0.12870875000953674	0.4775223433971405	0.3654424250125885	0.3321512043476105	0.4793923497200012	0.2648094594478607	0.43107497692108154	0.39904892444610596	0.45172470808029175	0.5516042113304138	0.5820208787918091	0.2643562853336334	0.6600730419158936	0.39602264761924744	0.5596646070480347	1.0040390491485596	0.6043990254402161	0.2677833139896393	0.2682493329048157	0.3357868492603302	0.39257174730300903	0.44943588972091675	0.23638400435447693	0.6101989150047302	0.27252891659736633	0.07919847965240479	1.3265094757080078	0.4515761435031891	0.5509571433067322	0.11078564822673798	0.399922251701355	0.4018769860267639	0.3923371732234955	0.529773473739624	0.29075995087623596	0.5621856451034546	0.7238332629203796	0.6045095920562744	0.4955976605415344	0.32545265555381775	0.6257997751235962	0.8974061608314514	0.5380427837371826	0.48521366715431213	0.2192215919494629	0.2510155737400055	0.3362029194831848	0.4071062207221985	0.4887186884880066	0.34968671202659607	0.39386337995529175	0.9498679041862488	0.8428564667701721	0.2893625795841217	0.3880443871021271	0.2869679629802704	0.3874058723449707	1.3467230796813965	0.3646653890609741	1.2521240711212158	0.7868414521217346	0.4719294309616089	0.8571600914001465	0.45046621561050415	0.20862343907356262	0.560365617275238	1.1056439876556396	0.5602529048919678	0.8583552241325378	0.5707128047943115	0.7317758798599243	0.8645802140235901	0.7421237230300903	0.23177511990070343	0.3670578896999359	0.48641833662986755	0.6265498399734497	0.63727867603302	0.968101441860199	0.45797598361968994	0.5574132800102234	0.1439061164855957	0.41034960746765137	0.7406917214393616	0.5262845158576965	0.7323103547096252	0.19083121418952942	0.5098645091056824	0.2893029451370239	0.23024344444274902	0.7306485772132874	1.3440923690795898	0.9355906844139099	0.2661649286746979	0.19845163822174072	0.5023193955421448	0.4092085063457489	0.6228039860725403	0.45659691095352173	1.0167022943496704	0.6359006762504578	0.3050861656665802	0.7777875661849976	0.13135232031345367	0.08553209900856018	0.5336484313011169	0.779719352722168	0.4852721691131592	0.22274386882781982	0.628441333770752	0.6468139290809631	0.675456702709198	0.08544731140136719	0.4278039336204529	0.3566705286502838	0.24016398191452026	0.8028024435043335	0.6653720140457153	0.44182226061820984	0.4570310115814209	0.6672376394271851	0.1291656792163849	0.43831753730773926	0.4866536259651184	0.7035715579986572	0.6077325940132141	0.7821944355964661	0.3333835303783417	0.10156334936618805	0.29423531889915466	0.3245108127593994	0.8567625880241394	0.8901258111000061	0.5102177262306213	0.8396522402763367	0.7650234699249268	0.31429705023765564	0.46351149678230286	0.36362412571907043	0.6150087714195251	0.4052223861217499	0.462021142244339	0.4436420798301697	0.6640363931655884	1.0821620225906372	0.35387396812438965	1.993882417678833	0.6131177544593811	0.19733718037605286	0.22902889549732208	1.4426207542419434	0.4029543399810791	0.2034500390291214	0.9660744667053223	0.4059441387653351	0.47862252593040466	1.031693458557129	0.16547267138957977	0.1191575676202774	0.1842084527015686	0.4528941214084625	0.8299756050109863	0.45659977197647095	0.6814037561416626	0.21914775669574738	0.48083609342575073	0.6987515091896057	0.6017154455184937	0.04764319211244583	0.17414048314094543	0.6399620175361633	0.33149972558021545	0.7766778469085693	0.8541290760040283	0.4463672637939453	0.5228579640388489	0.5160387754440308	0.3428489565849304	0.4877590537071228	0.13872428238391876	0.3272135853767395	0.5807828307151794	0.7404332756996155	1.3288015127182007	0.48685789108276367	0.410411536693573	0.5624161958694458	0.4898528456687927	0.8286524415016174	0.7661599516868591	0.4824126362800598	0.29820823669433594	0.48189765214920044	0.43795105814933777	0.4692642092704773	0.49405637383461	0.44277429580688477	0.4602586328983307	0.4605691134929657	0.6252385973930359	0.7438538074493408	0.2925789952278137	0.8689149618148804	0.5915703177452087	0.5757247805595398	0.5608105659484863	0.6997800469398499	0.6555491089820862	0.3783288896083832	0.4306919574737549	0.43303340673446655	0.21906526386737823	0.2830515205860138	1.0124168395996094	0.2718327045440674	0.3716907799243927	0.7859272360801697	0.3477455973625183	0.577309250831604	0.25963836908340454	0.47266605496406555	0.6562329530715942	0.3955783545970917	1.1140438318252563	0.8701636791229248	0.5850970149040222	0.5476160049438477	0.5596931576728821	0.3021886348724365	0.29469066858291626	0.1833304613828659	0.7404079437255859	0.36723336577415466	0.8023906946182251	0.34581640362739563	0.5971713662147522	0.4072227478027344	0.4256695806980133	0.5066573619842529	0.2717105746269226	0.1339612752199173	0.7851355075836182	0.13152439892292023	0.505832850933075	0.993943452835083	0.5068325400352478	0.22544488310813904	0.5420657992362976	0.4394688010215759	1.1367894411087036	1.1332370042800903	0.49821925163269043	1.3057326078414917	0.5402755737304688	0.5483275055885315	0.5154523849487305	0.5053160190582275	0.7993865609169006	0.3552057147026062	0.5349888205528259	0.2897348999977112	0.6947592496871948	0.4271731376647949	0.5950630307197571	0.8991056084632874	0.3358941376209259	0.4889402389526367	0.13243472576141357	0.270356684923172	1.042312741279602	0.5656957626342773	0.2733188569545746	0.029770322144031525	0.3525400757789612	0.32492464780807495	0.3888999819755554	0.40593835711479187	1.0416138172149658	0.27827346324920654	0.83144611120224	0.7650989890098572	0.6178026795387268	0.6640313267707825	0.3214305639266968	0.471949964761734	0.7217491865158081	0.25286799669265747	0.6481013894081116	0.6660830974578857	0.3045309782028198	0.6193912029266357	0.2670484781265259	0.5658408403396606	0.31157639622688293	0.35927924513816833	0.678561806678772	0.38385000824928284	0.8095924258232117	0.7992048263549805	0.7386625409126282	0.7528283596038818	1.018671989440918	0.5870534777641296	0.5906631350517273	0.3475869596004486	0.4909859895706177	0.7317243218421936	0.33966782689094543	0.07422500848770142	0.1582612693309784	0.32536551356315613	0.7436671853065491	0.9744589924812317	0.4640919864177704	0.22832390666007996	0.9906157851219177	1.0881861448287964	0.3866373896598816	0.7875889539718628	0.805902898311615	0.10400250554084778	0.48732298612594604	0.32493525743484497	0.4469228684902191	1.0134581327438354	0.5753175020217896	0.5172053575515747	0.30868715047836304	0.7008979320526123	0.3906504809856415	0.374661922454834	1.1951242685317993	0.4187062084674835	0.4978105425834656	0.3413403630256653	0.3424686789512634	0.4853924512863159	0.42747312784194946	0.7604191303253174	0.1592055708169937	0.35133546590805054	0.36468544602394104	0.8834425210952759	0.698468804359436	1.125635027885437	0.6130687594413757	0.5076007843017578	0.12719029188156128	0.5279408693313599	0.18798349797725677	0.33762919902801514	0.4303734600543976	0.3682223856449127	0.3726659119129181	0.35721781849861145	0.17166325449943542	0.5804925560951233	0.44933876395225525	0.8190526366233826	0.45892465114593506	0.15567591786384583	0.13145135343074799	0.32154300808906555	0.31639447808265686	0.45010992884635925	0.5927515029907227	1.006911039352417	0.013218916952610016	0.5601820945739746	0.8418194055557251	0.5665192008018494	0.7815569043159485	0.5823172330856323	0.4012604355812073	0.3038173317909241	0.8986850380897522	0.6535482406616211	0.4311222732067108	0.495527446269989	0.46968021988868713	0.23061932623386383	0.88944411277771	0.7291842699050903	0.6963473558425903	0.901569664478302	0.5059832334518433	0.24995997548103333	0.28621843457221985	0.41375797986984253	0.14115214347839355	0.5663148164749146	0.5738025903701782	0.9778907895088196	1.029997706413269	0.3475887179374695	0.5914081931114197	0.7108635902404785	0.8254056572914124	0.1387445628643036	0.6044500470161438	0.2669280767440796	0.2990781366825104	1.082257866859436	0.3049894869327545	0.3464803993701935	0.9582354426383972	0.656732976436615	0.4075940251350403	0.5452004671096802	0.4252305030822754	0.45318183302879333	0.43321022391319275	0.47391277551651	0.6176519989967346	0.3768996596336365	0.3532699644565582	0.14445242285728455	0.47346529364585876	0.3527366518974304	0.6064987182617188	0.19544675946235657	0.2259841412305832	0.5603785514831543	0.33568286895751953	0.5504107475280762	0.19337588548660278	0.10685160756111145	0.4181545674800873	0.6221584677696228	0.4917519986629486	0.21017399430274963	1.0424530506134033	0.492256760597229	0.69134122133255	0.11196312308311462	0.4150489866733551	0.07008323073387146	1.0697014331817627	0.4710267186164856	0.42441287636756897	0.5606257319450378	1.0662003755569458	0.5770516991615295	0.6520707607269287	0.19807669520378113	0.09128584712743759	0.3690539002418518	0.7698652744293213	0.6289160251617432	0.8212404847145081	0.44123706221580505	0.3699326813220978	0.29476916790008545	0.6638804078102112	1.1226366758346558	0.45651859045028687	0.7721094489097595	0.7359400987625122	0.5614001750946045	0.1402950882911682	0.6384506225585938	1.0983362197875977	0.2162480354309082	1.2081743478775024	0.4419742822647095	0.6998884677886963	0.2984302341938019	0.9744185209274292	1.5018866062164307	0.5288991332054138	0.5606045126914978	1.5586494207382202	1.026172161102295	0.33661746978759766	0.9302072525024414	0.4160469174385071	0.4934949278831482	0.012321071699261665	0.5469357371330261	0.11546391993761063	0.7543087005615234	0.8518120646476746	0.5598354935646057	0.34828120470046997	0.39520955085754395	0.5040669441223145	0.27213361859321594	1.0682681798934937	0.27413541078567505	0.4356219172477722	0.2274763286113739	0.2848004698753357	0.14746356010437012	0.5387961864471436	0.43786293268203735	0.18758949637413025	0.43992549180984497	0.8493955731391907	0.28197726607322693	0.7189469337463379	0.3520837724208832	0.5774126648902893	0.3310318887233734	0.2781592905521393	0.5289825201034546	0.22095853090286255	0.569373369216919	0.25601378083229065	0.798828125	0.6159512400627136	0.9653195738792419	0.7914935946464539	0.17520876228809357	0.5602747201919556	0.307297945022583	0.6892873048782349	0.8484692573547363	0.9272828102111816	0.42952433228492737	0.06439564377069473	0.38461482524871826	0.6180758476257324	0.04688679426908493	0.3647810220718384	0.6004447340965271	0.6657999753952026	0.21007798612117767	0.2075684666633606	0.9045155048370361	1.1471962928771973	1.0966148376464844	0.5867668986320496	0.4422081410884857	0.32210415601730347	0.4304603338241577	0.7141680121421814	0.7939609885215759	0.6461586952209473	0.23421795666217804	0.6726914644241333	1.0768380165100098	0.2739934027194977	0.6909132599830627	0.23965466022491455	0.24099713563919067	0.31056976318359375	0.35633528232574463	0.6777713894844055	0.5284120440483093	0.3653198182582855	0.2752314805984497	0.539769172668457	0.3333853483200073	0.18114693462848663	0.15934263169765472	0.2887863218784332	0.582474946975708	0.5703415274620056	0.23760749399662018	0.7017987370491028	0.4095585346221924	0.40018653869628906	0.30395156145095825	0.6346459984779358	0.5814917087554932	0.35095536708831787	0.601149320602417	0.45241037011146545	0.3024076223373413	0.5823481678962708	0.39256080985069275	0.45519518852233887	0.29326489567756653	0.5952063202857971	0.8159197568893433	0.5234720706939697	0.49442344903945923	0.8583700060844421	0.5193384885787964	1.1792668104171753	0.27941375970840454	0.2520575523376465	0.4317551255226135	0.6165075302124023	0.414634644985199	0.4703991413116455	0.5303345918655396	0.818808913230896	0.8178805708885193	0.7814030647277832	0.2912173867225647	0.6666786074638367	0.33564189076423645	0.27554240822792053	0.5659887194633484	0.8060157895088196	0.6292365193367004	0.1257098764181137	1.1201387643814087	0.0912373811006546	1.2383332252502441	0.7327225804328918	0.13236817717552185	0.13500355184078217	0.907731831073761	0.254077672958374	0.9210244417190552	0.4988586902618408	0.5440096855163574	0.14129018783569336	0.5965571403503418	0.6795374751091003	0.7001934051513672	0.44752025604248047	0.6077346801757812	0.24744081497192383	0.145715594291687	0.1515028178691864	0.45315003395080566	0.5553555488586426	0.3795147240161896	0.41005533933639526	0.4405815005302429	0.450176477432251	0.1820770651102066	0.7910542488098145	0.6418312191963196	0.9640699028968811	0.6558223962783813	0.5853258967399597	0.610026478767395	0.2685945928096771	0.8831216096878052	0.18860499560832977	0.5637364983558655	0.6009984612464905	0.40649789571762085	0.37318915128707886	0.6162177920341492	0.6932082176208496	0.28493115305900574	0.43001246452331543	0.6524809002876282	0.30530959367752075	0.34825193881988525	0.39236360788345337	0.4675362706184387	0.3813481032848358	0.8588947057723999	0.4292628765106201	0.1789303869009018	0.11686261743307114	0.5107234120368958	0.3721608817577362	0.5623054504394531	0.489326149225235	0.27815988659858704	0.43566250801086426	0.39635777473449707	0.07634776830673218	0.748866081237793	0.6018887758255005	0.47042417526245117	0.7690490484237671	0.8471750617027283	0.418972909450531	0.3065940737724304	0.350792795419693	0.5982654690742493	0.7243307828903198	0.4413198232650757	0.6035059690475464	0.44952526688575745	0.48855188488960266	0.4735608696937561	0.6867703199386597	1.3371920585632324	0.3721430003643036	0.1010626032948494	0.5697433948516846	0.1722996085882187	0.8423553109169006	0.17828811705112457	0.38294148445129395	0.5252966284751892	0.03911707550287247	0.3997316062450409	0.8462186455726624	0.2880135476589203	0.4534183740615845	0.39576995372772217	0.16149108111858368	0.25921952724456787	0.48538917303085327	0.3768070936203003	0.8864297866821289	0.7548438310623169	0.04349135607481003	0.04989084601402283	0.3350742757320404	0.398475706577301	0.7852998971939087	0.2727271318435669	0.19536131620407104	0.4345979690551758	0.31459149718284607	1.5062071084976196	0.48864755034446716	1.0256030559539795	0.3443504273891449	0.19985496997833252	0.4375397562980652	1.2275784015655518	0.753433346748352	0.41110503673553467	0.6468231678009033	0.6718206405639648	0.05667386204004288	0.37699249386787415	0.46819162368774414	0.8208158612251282	0.5277511477470398	0.6286182999610901	0.6409903764724731	0.49070966243743896	0.511113703250885	0.551300048828125	0.7212817668914795	1.316004991531372	0.9929184317588806	0.12211108952760696	0.8146060705184937	0.32927942276000977	0.5094156861305237	0.6222757697105408	0.2689877152442932	0.6721347570419312	0.4015635550022125	0.4114537239074707	0.6192858219146729	0.6323142051696777	1.1834704875946045	0.38032329082489014	0.8496457934379578	0.682781994342804	0.07576889544725418	0.7294426560401917	0.45895257592201233	0.6707779169082642	1.2525326013565063	0.45040854811668396	0.28137293457984924	0.1652725487947464	0.5008640885353088	0.12095135450363159	0.2594185471534729	1.0852640867233276	1.1651322841644287	0.2048713117837906	0.8578125834465027	0.46191132068634033	0.5323684215545654	0.3085668683052063	0.5521577596664429	0.4736674129962921	0.6515222787857056	0.3984611928462982	0.3918435275554657	0.6418419480323792	0.5817031860351562	0.15084470808506012	0.3876676857471466	0.3938322067260742	0.5093144774436951	0.5735817551612854	1.0827388763427734	0.11049048602581024	0.7209761738777161	0.5794524550437927	0.8854032158851624	0.7549237012863159	0.47137030959129333	0.7773665189743042	0.5532581806182861	0.39239779114723206	0.11362668871879578	0.15364933013916016	0.2409791797399521	0.4662688374519348	0.45166680216789246	0.7860056161880493	0.34665313363075256	1.0591984987258911	0.3781388998031616	0.6415337324142456	1.0149883031845093	0.9105294346809387	0.2563994228839874	0.4599286615848541	0.6245395541191101	0.23162902891635895	1.313272476196289	0.696083664894104	0.23513835668563843	0.5630583167076111	0.21419674158096313	0.19842028617858887	0.06170152500271797	1.4743887186050415	0.9060591459274292	0.45622554421424866	0.408498615026474	0.16680844128131866	0.29263240098953247	0.11353728920221329	0.8907803297042847	0.7304699420928955	0.3323797881603241	0.28097471594810486	0.29648029804229736	0.18982595205307007	0.5369696021080017	0.6785592436790466	0.6199818849563599	0.8011019825935364	0.8289399743080139	0.2752002477645874	0.4294810891151428	0.5855068564414978	0.25127995014190674	0.35028785467147827	0.24733124673366547	0.9458554983139038	1.6542420387268066	0.3191338777542114	0.44155216217041016	0.6106064915657043	0.5747162103652954	0.23589463531970978	0.6379799842834473	0.7594552040100098	0.0	0.31462061405181885	0.31035715341567993	0.23246534168720245	0.28549015522003174	0.6069972515106201	0.3499810993671417	0.5459970235824585	0.3374300003051758	0.45306313037872314	0.9439312815666199	0.4505551755428314	0.3081200122833252	0.16449041664600372	1.1842427253723145	0.5048471689224243	0.5722243189811707	0.619979977607727	1.0061026811599731	0.018912360072135925	0.8458561301231384	0.7450240254402161	0.23850327730178833	0.647231936454773	1.4447176456451416	0.3195074200630188	0.7037999033927917	0.3592502772808075	0.46422356367111206	0.33982202410697937	0.21705155074596405	0.7260505557060242	0.3986532688140869	0.5470907688140869	0.4675775170326233	0.4677704870700836	0.3101128935813904	0.26596611738204956	0.07907310128211975	0.6230067014694214	0.8080397248268127	0.29093077778816223	1.1739143133163452	0.4312441051006317	0.3407585322856903	0.4412335753440857	0.4224408268928528	0.47203510999679565	0.5298888683319092	0.37875497341156006	0.9915913343429565	0.26467564702033997	0.9462963938713074	1.4059051275253296	0.8435485363006592	0.732656717300415	0.032901741564273834	0.2279621809720993	0.4513974189758301	0.513393759727478	0.19987525045871735	0.5442975759506226	1.0571556091308594	0.3219054341316223	0.9192535877227783	0.12940940260887146	0.4962713420391083	1.1789088249206543	0.9449833631515503	0.9794930815696716	0.8577300906181335	0.11871765553951263	0.941476047039032	0.21841371059417725	0.25299108028411865	0.35322368144989014	0.38424625992774963	0.8066276907920837	0.4342558979988098	0.3880322575569153	0.6788635849952698	0.3821069300174713	0.3457804024219513	0.32629695534706116	0.20650523900985718	1.3933742046356201	0.6406470537185669	0.4078816771507263	0.2223006635904312	0.3767658472061157	0.5368881225585938	0.42336347699165344	0.4981204867362976	0.5970146656036377	0.7749503254890442	0.44679489731788635	0.7995054721832275	1.019885540008545	0.34710559248924255	0.41272246837615967	0.7009924650192261	0.5420138239860535	0.814906120300293	0.32443174719810486	0.737987220287323	0.20054595172405243	0.48194804787635803	0.5364912748336792	0.8170564770698547	0.8922890424728394	0.4874071478843689	0.16344575583934784	0.30951741337776184	0.19377480447292328	0.5253788232803345	0.11245723068714142	0.22059756517410278	0.9327111840248108	0.5866866111755371	0.7377824783325195	0.7573057413101196	0.44869452714920044	0.535557746887207	0.6246199607849121	1.1057319641113281	1.1237232685089111	1.5215961933135986	0.0051184166222810745	0.08381715416908264	0.0	0.7277606129646301	0.40821725130081177	1.461492657661438	0.7407945394515991	0.11809445172548294	0.34081578254699707	0.5248934626579285	0.6557437181472778	0.16088475286960602	0.15969668328762054	0.3972947299480438	0.26610684394836426	0.35493412613868713	0.42042165994644165	0.5325055718421936	0.6543632745742798	0.7663144469261169	0.6261835098266602	0.7151016592979431	0.4308936893939972	0.1793469339609146	0.3511318862438202	0.4442247450351715	0.23628026247024536	0.4262078106403351	0.17818719148635864	0.3352407217025757	0.6453027129173279	0.4806821346282959	0.6580637693405151	0.5834552049636841	0.2834679186344147	0.3646676540374756	0.15401048958301544	0.5312862992286682	0.2740561366081238	0.7135024070739746	0.7140402793884277	0.5039976239204407	0.6204503774642944	0.487142413854599	1.1491657495498657	0.3897477388381958	0.3047870993614197	0.5598822832107544	1.5593888759613037	0.3283984959125519	0.6543152928352356	0.5920559763908386	0.22250166535377502	0.22860024869441986	1.129048466682434	0.7374512553215027	0.7913523316383362	0.5437543392181396	0.3495067059993744	0.3806826174259186	0.3659849166870117	0.49697184562683105	1.5337668657302856	0.9310591816902161	0.3231276869773865	0.5079129338264465	0.6351989507675171	0.3143298923969269	0.22939813137054443	0.41578370332717896	0.4621160328388214	0.5685340166091919	0.8368508219718933	0.5397198796272278	0.95231032371521	0.4881443977355957	0.9951227903366089	0.2412220537662506	0.0642433762550354	0.9073538780212402	0.11691012978553772	0.8656324148178101	0.332776814699173	0.5660533308982849	0.9008626341819763	0.33837437629699707	0.2699805200099945	0.532637357711792	0.9072288870811462	0.5296966433525085	0.639035701751709	0.6798762083053589	0.3326316773891449	0.34540948271751404	0.3373442590236664	0.5533302426338196	0.02554338052868843	0.7762172818183899	0.2469264417886734	0.5222022533416748	1.1230472326278687	0.4692656993865967	0.31955453753471375	0.6754730343818665	0.14245687425136566	0.5095489025115967	0.14228644967079163	0.40782371163368225	0.6963178515434265	0.22794458270072937	0.6514948606491089	0.45263493061065674	0.26228582859039307	1.2661206722259521	0.5135889053344727	0.15931735932826996	0.4419664144515991	0.4746290445327759	0.2171533703804016	0.5638859868049622	0.1711067110300064	0.20601122081279755	0.7483932375907898	0.597317636013031	0.4794939160346985	0.18991491198539734	0.4460635483264923	0.5878329873085022	0.29663217067718506	0.294011652469635	0.29414060711860657	1.341492772102356	0.16704963147640228	1.055006742477417	0.5894228219985962	0.4321749806404114	0.5138860940933228	0.8403474688529968	0.8243584036827087	0.02619134820997715	0.5469951629638672	0.15544536709785461	0.15259045362472534	1.3695175647735596	0.23277372121810913	0.7038965225219727	0.6122351288795471	0.6424208879470825	0.12168783694505692	0.6362512111663818	0.2837969660758972	0.6056181192398071	0.23483259975910187	0.31511184573173523	0.49959564208984375	0.9525690078735352	0.67558753490448	0.9954480528831482	0.2963378131389618	0.3022002577781677	0.4613572359085083	0.3925669491291046	0.657979428768158	0.42601722478866577	0.4672398567199707	0.35914313793182373	0.23491674661636353	0.27945834398269653	0.4249894320964813	0.6100766658782959	0.2590078115463257	1.2052717208862305	0.6728633046150208	0.6036520004272461	0.3628273010253906	0.9020984172821045	0.16670142114162445	0.3787182867527008	0.3911873996257782	0.5671965479850769	0.23307625949382782	1.017607569694519	0.31601035594940186	1.1514389514923096	0.5647253394126892	0.25208979845046997	0.45198965072631836	0.8591731786727905	0.5687665343284607	0.3804745376110077	0.8013744354248047	0.5189895629882812	0.5188137888908386	0.3051745593547821	0.28800418972969055	0.6983726620674133	0.5411452651023865	0.05712983012199402	0.2392445206642151	0.2770743668079376	1.5218758583068848	0.4019837975502014	0.7520040273666382	0.7736620306968689	0.7016326189041138	0.35057827830314636	0.27846044301986694	0.2043420523405075	0.4875078499317169	0.327446848154068	0.5035936832427979	1.1568663120269775	1.0768377780914307	0.061694204807281494	0.36039450764656067	0.37633851170539856	0.9316921234130859	0.8923658728599548	0.3696138262748718	0.45239365100860596	0.43618521094322205	0.5769336223602295	1.5371406078338623	0.33278629183769226	0.2730748653411865	0.9320282936096191	0.8444409370422363	0.6493529677391052	0.13536620140075684	0.8020907640457153	1.047780990600586	0.5885720252990723	0.6254422664642334	0.24190297722816467	0.45908764004707336	0.6571977734565735	0.7077038288116455	1.0628421306610107	0.33796119689941406	0.3359646499156952	1.282812476158142	1.0915824174880981	0.2729507386684418	0.2463926374912262	0.703881561756134	0.8356595039367676	0.6153934597969055	0.6851944923400879	0.5682699084281921	0.23106802999973297	0.09990406781435013	0.7665109634399414	0.1109011322259903	0.5037743449211121	1.49504554271698	0.2978568971157074	0.3552814722061157	0.37879759073257446	0.4153919517993927	0.42976170778274536	0.5708507895469666	1.0397658348083496	0.6118454337120056	0.5185815691947937	0.3344089984893799	0.4937039613723755	0.7022314071655273	0.9992433786392212	0.21455229818820953	0.5722298622131348	0.3372422158718109	0.444419264793396	0.5525334477424622	0.4570767283439636	0.42886367440223694	0.5333904027938843	0.6095350980758667	0.5068078637123108	0.5426532626152039	0.24840274453163147	0.39124974608421326	0.5623016357421875	0.38488778471946716	0.5823455452919006	0.38207077980041504	0.4912763833999634	0.5359482169151306	1.0948652029037476	0.8773613572120667	0.20568294823169708	0.4635099172592163	0.7509285807609558	0.3000490963459015	0.13448411226272583	0.298850953578949	0.7276012897491455	0.48882174491882324	0.34527650475502014	0.8580126762390137	0.9387146234512329	0.47488778829574585	0.6243894696235657	0.5653408765792847	0.42839837074279785	0.8831658363342285	0.914475679397583	0.885704517364502	0.8994417190551758	0.303561270236969	0.3832666873931885	0.498056560754776	0.4254310429096222	0.6134390234947205	1.110880732536316	1.1095749139785767	0.43278294801712036	0.39866501092910767	0.42757338285446167	0.5081591606140137	0.6481403112411499	0.5032055377960205	0.3922480642795563	0.24399644136428833	0.4798111319541931	0.8625437021255493	0.4425170123577118	0.3426934480667114	0.9247697591781616	0.9837765097618103	0.1893904060125351	0.20281203091144562	0.3644207715988159	0.5809866189956665	0.27579963207244873	0.16405025124549866	0.4837331473827362	0.5241150856018066	0.8436199426651001	1.0175659656524658	0.011656701564788818	0.9308236837387085	0.21436920762062073	0.7950541973114014	0.31103625893592834	0.36196812987327576	0.12178745120763779	0.7721172571182251	0.7775149941444397	0.5611661672592163	0.17557641863822937	0.22588981688022614	0.4049232006072998	0.34286442399024963	0.46215853095054626	0.03665967658162117	0.5104324221611023	1.0254603624343872	0.04407099634408951	0.6634606122970581	0.20237421989440918	0.35381171107292175	0.8657344579696655	0.19446240365505219	0.4073796272277832	0.5744312405586243	0.39898282289505005	0.5188015699386597	0.3780975341796875	0.6748131513595581	0.9092879295349121	0.859082818031311	0.1645151823759079	0.35884320735931396	0.2895948886871338	1.1676393747329712	0.9503901600837708	0.9559048414230347	0.3750587999820709	0.3691612482070923	1.2822721004486084	0.4410947561264038	0.7654120922088623	0.4614418148994446	0.5107070803642273	0.34325823187828064	0.348134845495224	0.3734523057937622	0.27951765060424805	0.4290063679218292	0.8017974495887756	0.6636897921562195	0.6482306122779846	0.687913179397583	0.04016672447323799	0.5795707702636719	0.4527873992919922	0.7582429647445679	0.34031933546066284	0.5858311653137207	1.0554211139678955	0.390522301197052	0.6656313538551331	0.2161533534526825	0.14660711586475372	0.5148321390151978	0.36012163758277893	0.5209900140762329	0.1514841616153717	0.3001079559326172	0.3235280513763428	0.6628230810165405	0.7975186705589294	0.579370379447937	1.3560848236083984	0.40384581685066223	0.7024040222167969	0.3400757312774658	0.7367128133773804	0.23764720559120178	0.5315995812416077	0.3400122821331024	0.4273160398006439	0.6347190141677856	0.704343318939209	0.6558278203010559	0.8240664005279541	0.7844550013542175	0.21515175700187683	0.9281725287437439	0.42383816838264465
1.3212881088256836	0.8483915328979492	0.42446792125701904	0.026662731543183327	0.6672769784927368	0.5140676498413086	0.5206930041313171	0.5373904705047607	0.147159606218338	0.143338143825531	1.429370641708374	0.399258553981781	1.2010160684585571	0.5331298112869263	0.19087129831314087	0.5325785875320435	0.31274792551994324	0.3324015736579895	0.384701669216156	0.34345540404319763	0.6454641222953796	0.5072746276855469	0.4524194598197937	0.7046365141868591	0.26687800884246826	1.1009459495544434	0.6579824090003967	0.9912543892860413	0.5001834630966187	0.43424487113952637	1.0833772420883179	0.372922420501709	0.7951100468635559	0.3052385747432709	0.31659284234046936	0.25737684965133667	0.23837460577487946	0.6229910850524902	0.6113408207893372	0.4102068841457367	0.3719404339790344	1.13645339012146	0.27813225984573364	0.3495635390281677	0.369265615940094	1.0700281858444214	0.20563799142837524	0.24036791920661926	0.34114912152290344	0.9579521417617798	1.0675573348999023	0.265489786863327	0.5148471593856812	0.54863440990448	0.5870596170425415	0.3046213686466217	0.6328254342079163	1.1488300561904907	0.9436081647872925	0.5501959919929504	0.3185803294181824	0.5494049787521362	0.5087080597877502	0.6075737476348877	0.5316649079322815	0.5503373146057129	0.9635239839553833	0.3142269551753998	0.4094611406326294	0.5898526906967163	0.511795699596405	0.12359122931957245	1.2404981851577759	0.6702635288238525	0.36473366618156433	0.44074350595474243	0.4143034517765045	0.600135862827301	0.7748608589172363	0.6739476919174194	0.7225529551506042	0.6317015290260315	0.46437758207321167	0.35380423069000244	0.9551503658294678	0.3201047480106354	0.49543508887290955	0.7334374189376831	0.5299180150032043	0.2221008986234665	0.5145162343978882	0.8242563009262085	0.12255218625068665	0.9122443795204163	0.3797505497932434	0.8850178718566895	0.6430033445358276	0.12436433136463165	0.47527286410331726	1.3631701469421387	0.5647914409637451	1.0270761251449585	0.5839336514472961	0.6731582283973694	0.29658663272857666	0.6945057511329651	0.7902044057846069	1.116746187210083	0.8097963333129883	0.5533636808395386	0.5477267503738403	0.9266504049301147	0.9489494562149048	0.6686473488807678	0.3141902983188629	0.5286768078804016	0.5847393274307251	1.0912472009658813	0.2042965143918991	0.535652220249176	0.46107015013694763	0.47355639934539795	0.9988277554512024	0.30371981859207153	0.7345032095909119	0.3509460985660553	0.2528144121170044	0.43481552600860596	0.8620400428771973	1.3909096717834473	0.37201201915740967	0.27829548716545105	0.4344201982021332	0.40797626972198486	0.4325703978538513	0.14764833450317383	1.0623562335968018	0.40722784399986267	0.3584996163845062	0.42030006647109985	0.36567699909210205	0.16046999394893646	0.43481671810150146	0.1455116719007492	0.5984001159667969	0.4578922390937805	0.7248251438140869	0.9433823823928833	1.1887879371643066	0.7679905891418457	0.28582102060317993	0.25640687346458435	0.5069660544395447	0.5308837294578552	0.3647674322128296	0.5166412591934204	0.6446523666381836	0.27511587738990784	0.28050071001052856	0.2854228913784027	0.7203736305236816	0.6061755418777466	0.3450605869293213	0.4570849537849426	0.09171820431947708	0.5424782633781433	0.3735522925853729	0.2931809723377228	1.0024675130844116	0.8562910556793213	1.0922316312789917	0.2963064908981323	0.5208398699760437	0.5227420926094055	0.18281690776348114	0.19075492024421692	0.36553189158439636	0.538339376449585	0.14980438351631165	0.2649306654930115	0.514788031578064	0.8895608186721802	0.23884622752666473	0.49436092376708984	0.7913031578063965	0.9033375382423401	0.5197975039482117	0.15739570558071136	1.5650243759155273	0.2577402889728546	0.6420599222183228	0.14084643125534058	0.2084447294473648	0.6303620338439941	0.21555295586585999	0.35355886816978455	0.7821139693260193	0.17975375056266785	0.6291294693946838	0.5633612275123596	0.7174393534660339	0.44374600052833557	0.5700727105140686	0.505211353302002	0.676706850528717	0.484569251537323	0.6344680190086365	0.25695744156837463	0.35226812958717346	0.3100064992904663	0.4658372700214386	0.5337344408035278	0.2988725006580353	0.4601622223854065	1.3653414249420166	0.6035771369934082	0.8155198693275452	0.1948154866695404	0.5740326642990112	0.548233151435852	0.7475878000259399	0.4675959348678589	0.39217907190322876	0.7544654607772827	0.3172960877418518	0.4630758762359619	0.7860234975814819	0.4416821002960205	0.14475296437740326	0.6564277410507202	0.48578429222106934	0.3257134258747101	0.32988521456718445	0.6123870611190796	0.9627887010574341	0.5199277400970459	0.3393683135509491	0.6845071315765381	0.6780721545219421	0.3655475974082947	0.6819676756858826	0.3509998023509979	1.1761127710342407	0.44111737608909607	0.4680372476577759	0.5768349766731262	1.1572866439819336	0.7762575745582581	0.23993174731731415	0.7010529637336731	1.0458059310913086	0.5476409196853638	0.7239403128623962	0.20909488201141357	0.33967164158821106	0.7670687437057495	0.6756436228752136	0.3910216689109802	1.4013371467590332	0.34980565309524536	0.7953453063964844	0.9780327677726746	0.3042360842227936	0.5156250596046448	0.680128812789917	0.30922597646713257	0.4310072958469391	0.23586954176425934	0.39758995175361633	0.5631774663925171	0.8315083980560303	0.8461480140686035	0.8777708411216736	0.2462959736585617	0.8042572736740112	0.31907904148101807	0.8221550583839417	0.6724456548690796	0.2864086329936981	0.811373770236969	0.47209277749061584	0.754443883895874	0.3397638499736786	0.17264652252197266	0.29856711626052856	1.6827702522277832	0.3247108459472656	0.8246422410011292	0.6993983387947083	0.8205456733703613	0.7464258074760437	0.19329941272735596	0.40541625022888184	0.16852568089962006	0.40222516655921936	1.0014148950576782	0.39265090227127075	0.5133025050163269	0.6317281126976013	0.5659173130989075	0.37822580337524414	0.5285573601722717	1.028549075126648	0.6882849335670471	0.4084259867668152	0.1313522905111313	0.32859036326408386	1.5156735181808472	0.7338743805885315	0.6301866769790649	0.3768720030784607	0.4730762541294098	0.295344740152359	0.3318468928337097	0.36446160078048706	0.9514784216880798	0.4879651665687561	0.6482350826263428	0.9273803234100342	1.02506422996521	0.5324715375900269	0.6727768182754517	0.36791756749153137	0.6466495394706726	0.47601592540740967	0.31029167771339417	0.49384447932243347	1.0279936790466309	0.6254183053970337	0.28241002559661865	0.7261020541191101	0.5919548869132996	0.1970040202140808	0.5890321731567383	0.4711896479129791	0.13454052805900574	0.35149508714675903	0.9066957831382751	0.30581244826316833	0.765014111995697	0.375130832195282	0.4828992486000061	0.29491639137268066	0.31916511058807373	0.5172663927078247	0.5233348608016968	0.4407700002193451	0.34560608863830566	0.6335893869400024	0.47803109884262085	0.41798344254493713	1.1977720260620117	0.2232334017753601	0.7227714657783508	1.2983914613723755	0.4084056317806244	0.5142263174057007	0.3810602128505707	0.3878106474876404	0.6628078818321228	0.6167598366737366	0.40097764134407043	0.4436630606651306	0.14375314116477966	0.903572678565979	0.8567721843719482	0.6298093795776367	0.752284586429596	0.43896061182022095	0.2441522777080536	0.39657700061798096	0.455854594707489	0.4607888162136078	0.8871163129806519	0.22013449668884277	0.22264784574508667	1.2221651077270508	0.4253999888896942	1.1790584325790405	0.624754786491394	0.70246821641922	0.5655022263526917	0.6533377170562744	0.35941779613494873	0.5227827429771423	0.4125923812389374	0.30158019065856934	0.2049654871225357	0.4336543679237366	0.526070237159729	0.45136362314224243	0.5733087062835693	0.38448840379714966	1.5421520471572876	0.6153044104576111	1.1242884397506714	0.605461835861206	0.3732331693172455	0.9812731742858887	0.776329755783081	0.7185888290405273	0.5648598670959473	0.5829694867134094	0.8490560054779053	0.3046509921550751	0.5369888544082642	0.3714838922023773	1.061484932899475	0.41657376289367676	0.3909439146518707	0.8367224335670471	0.888033390045166	0.9709859490394592	0.15524466335773468	0.7055046558380127	0.2066042274236679	1.0008517503738403	0.5715904235839844	0.6332465410232544	0.5213596820831299	0.41383442282676697	0.33994996547698975	0.6725157499313354	0.8633554577827454	0.35710373520851135	0.702620267868042	0.397821307182312	0.8766671419143677	0.8697473406791687	0.505525529384613	0.42053595185279846	0.4666309058666229	0.6265572905540466	0.40018230676651	0.27948614954948425	0.44001832604408264	0.626266360282898	0.7984183430671692	0.7671612501144409	0.4902476966381073	0.36156192421913147	0.6775806546211243	0.9823768734931946	0.5451838970184326	0.46577802300453186	0.3933636546134949	0.7033287882804871	0.2918006181716919	0.6394168734550476	0.4766964316368103	0.45044317841529846	0.3660884499549866	1.0300731658935547	0.47065889835357666	0.6304194331169128	0.18426993489265442	0.6067763566970825	0.28530463576316833	0.7071303725242615	0.372679740190506	0.5047265887260437	0.48447367548942566	0.3751891553401947	1.0077767372131348	0.8778561353683472	0.4049935042858124	0.8926717042922974	0.16283103823661804	0.6343767642974854	0.8180814385414124	0.7724078893661499	0.3560926914215088	0.4858244061470032	0.11577717959880829	0.6046653985977173	0.4572265148162842	1.2132747173309326	1.2640782594680786	0.19169169664382935	0.5216233730316162	0.8735108375549316	0.3337554931640625	0.6196417808532715	0.6617382168769836	1.2542167901992798	0.22818952798843384	0.47433164715766907	0.3034488558769226	0.6789882183074951	0.4554409384727478	0.5466422438621521	0.3319222629070282	0.28894421458244324	0.5931008458137512	0.7846300601959229	0.3878065347671509	0.2802027761936188	0.3018398880958557	0.2204705774784088	0.5722441077232361	0.9045891165733337	0.5274494886398315	0.7866283059120178	0.14969170093536377	0.698846161365509	0.37788552045822144	0.5788379907608032	0.40883296728134155	0.4449771046638489	0.16525031626224518	0.39562973380088806	0.6942695379257202	0.4009799361228943	1.0527459383010864	0.29148155450820923	0.4046103358268738	0.3451603353023529	0.627070426940918	1.0851541757583618	0.7276800274848938	0.5435245633125305	1.6127710342407227	0.5749334096908569	1.1921340227127075	0.4328260123729706	0.17766819894313812	0.4535788297653198	0.7532176375389099	0.5093905329704285	0.8612138032913208	0.49279940128326416	0.31974905729293823	0.8701643347740173	0.6203601956367493	0.4585661292076111	0.3106174170970917	0.4791887700557709	0.1657143235206604	0.5179367661476135	0.8447856307029724	0.7047867774963379	0.33797940611839294	0.3730665445327759	0.7251390814781189	0.4229048490524292	0.8465353846549988	0.90461266040802	0.40342026948928833	0.7598530650138855	0.9699010848999023	0.6750376224517822	0.722537636756897	0.33455225825309753	0.6423935890197754	0.9079320430755615	0.8186408281326294	0.44774478673934937	0.45953890681266785	0.9583585858345032	0.41456714272499084	0.629619300365448	0.41912925243377686	0.32102879881858826	0.1601131409406662	0.6922341585159302	0.45565739274024963	0.8949487805366516	0.27222463488578796	0.32807284593582153	0.8708267211914062	1.1617461442947388	0.9004279971122742	0.4678906798362732	0.775105357170105	0.3198414146900177	0.4643102288246155	0.272918701171875	0.17992378771305084	0.5262956619262695	0.20475317537784576	0.777221143245697	0.6116206645965576	0.2684811055660248	0.24969573318958282	0.6457293033599854	0.481256365776062	0.33337894082069397	0.25976377725601196	0.599030077457428	0.8389103412628174	0.5897651314735413	0.3131568133831024	0.5683547258377075	0.4870692491531372	0.7768841981887817	0.6820611953735352	0.8355700969696045	0.30367976427078247	0.5314537882804871	0.5641212463378906	0.4458672106266022	1.215157151222229	0.41175878047943115	0.45846718549728394	0.7763605713844299	0.5570977926254272	0.7356316447257996	0.5440047979354858	0.46675777435302734	1.515406608581543	0.19036085903644562	0.4863611161708832	0.7558841705322266	0.8259981870651245	0.39011356234550476	0.16099555790424347	0.3002936840057373	0.49580949544906616	0.4438794255256653	0.4748588502407074	0.38543015718460083	0.3969080150127411	0.5994760990142822	0.7182936072349548	0.43359628319740295	0.43579256534576416	0.521381139755249	0.9815123677253723	0.9840460419654846	0.6278769373893738	0.8988624811172485	0.23447366058826447	0.23398320376873016	0.8397841453552246	0.5201844573020935	0.3268378674983978	0.7368016242980957	0.7262066006660461	0.3019618093967438	0.46333181858062744	0.6056352853775024	0.21708115935325623	0.10307591408491135	0.478442519903183	0.7214285731315613	0.6756216883659363	0.4784436821937561	0.76469886302948	0.37891799211502075	0.8787657618522644	0.716646671295166	0.629734992980957	0.3717805743217468	0.5066990256309509	0.5074145197868347	0.36876803636550903	0.5779573321342468	0.7159839868545532	0.6933035254478455	0.14421899616718292	0.3469550609588623	0.5418422222137451	0.30965957045555115	0.41779372096061707	0.5011086463928223	0.16181369125843048	0.41921666264533997	0.5893006920814514	0.7176236510276794	0.48696982860565186	0.39532580971717834	0.4976115822792053	0.4120713174343109	0.5415869355201721	0.3952757716178894	0.8851162791252136	0.7026253938674927	0.5687241554260254	0.5222597718238831	0.4268028438091278	0.2529463469982147	0.39465272426605225	0.7312408685684204	0.8485537767410278	0.764569103717804	0.6928777098655701	0.6542501449584961	0.6596823930740356	0.4461226165294647	0.2765120267868042	1.3911912441253662	0.8462060689926147	1.2240906953811646	0.2803123891353607	0.31689682602882385	0.34313076734542847	0.8600228428840637	0.7446131706237793	0.6052840948104858	0.28436702489852905	0.2785915434360504	0.8235479593276978	0.4351097643375397	0.22568099200725555	0.3384435772895813	0.3826914131641388	0.5520339608192444	0.44576191902160645	0.6278854012489319	0.25974881649017334	0.5677450895309448	0.1916625052690506	1.1076724529266357	0.46548697352409363	0.2626442611217499	0.8054885268211365	0.4903954863548279	0.1797008067369461	0.777687132358551	0.6668988466262817	0.7035341858863831	0.38346484303474426	0.43471798300743103	0.9911905527114868	0.7890484929084778	0.9325682520866394	0.22159574925899506	0.10114310681819916	0.6872984766960144	0.5559818744659424	0.4163300693035126	0.5443153977394104	0.37632113695144653	1.041508674621582	0.5097614526748657	0.2499539852142334	0.4769783318042755	0.821482241153717	0.6862127184867859	0.26382917165756226	0.25441083312034607	0.6119897961616516	0.8233863711357117	0.7236347198486328	0.4691709280014038	0.7976305484771729	0.40975451469421387	0.5685068368911743	0.4917653799057007	0.7672659158706665	0.3870052695274353	0.4561028778553009	0.3146136403083801	0.09858107566833496	0.2624649703502655	1.0157157182693481	0.2925085425376892	0.33936187624931335	0.9027060866355896	0.818352997303009	1.4953972101211548	0.37099966406822205	0.1828274130821228	0.5105723738670349	0.29167062044143677	0.39611130952835083	0.6386467814445496	0.40307608246803284	0.3296566605567932	0.32790690660476685	0.4496947228908539	1.2329192161560059	0.8103764057159424	0.3500043451786041	0.32993558049201965	0.433848112821579	0.6814916133880615	0.39209842681884766	0.2335745245218277	0.362335741519928	0.526734471321106	0.8930730819702148	0.7444480657577515	0.40744173526763916	0.4365803599357605	0.5637575387954712	0.3143558204174042	0.4206033945083618	0.2944113314151764	0.5364292860031128	1.0097349882125854	0.6119797825813293	0.38035717606544495	0.6276599168777466	1.0727260112762451	0.3745976388454437	0.3971955180168152	0.8177934885025024	0.09797444939613342	0.6652674674987793	0.8701517581939697	0.4714657962322235	0.60811847448349	0.44855520129203796	0.4855763912200928	0.8166422247886658	0.5889739990234375	0.19023875892162323	0.3370329737663269	0.34261828660964966	0.517011821269989	0.9884005784988403	0.2515614926815033	0.5321894884109497	0.39736974239349365	0.17858004570007324	1.1333932876586914	0.309669554233551	0.26707467436790466	0.33239907026290894	0.4196799695491791	0.5973073840141296	0.5557463765144348	0.5945340394973755	0.946060299873352	1.052202820777893	1.3897031545639038	0.30510255694389343	0.36807820200920105	0.4834388196468353	0.2405659705400467	0.34787988662719727	0.5831484198570251	0.6273919343948364	0.7486197352409363	0.4259445071220398	0.5667660236358643	0.597137451171875	0.5200193524360657	1.2850935459136963	0.8186458349227905	0.22882628440856934	0.47411686182022095	0.5096122026443481	0.5996638536453247	0.4639803469181061	0.3940875232219696	1.0833582878112793	0.6166626811027527	0.4582332372665405	0.48074883222579956	0.4304942488670349	0.8046302199363708	0.6589447259902954	0.7997692227363586	0.4607504904270172	0.4000217616558075	0.31055229902267456	0.7173396348953247	0.2877219319343567	0.8051369190216064	0.18587444722652435	0.36422884464263916	0.5863958597183228	0.22384794056415558	0.20532266795635223	0.3682997524738312	0.28643932938575745	0.5198515057563782	0.6449432373046875	0.45130065083503723	0.49399691820144653	0.5029042363166809	0.7678114771842957	0.6021057367324829	0.5872833728790283	0.6684949398040771	0.689812183380127	0.5700771808624268	0.5276041626930237	0.9109805822372437	0.5603387951850891	0.946031391620636	0.8889138102531433	0.2254166305065155	1.4444329738616943	0.909774899482727	0.7533974051475525	1.366958737373352	0.700621485710144	1.151625156402588	0.9307582974433899	0.5367423892021179	0.4563833475112915	0.6249760985374451	0.6337441205978394	0.23462748527526855	0.6025265455245972	0.6980293393135071	1.0778099298477173	1.6443548202514648	0.14588113129138947	0.29067540168762207	0.5000284314155579	0.3222335875034332	0.1756015121936798	0.5927579998970032	0.5979511737823486	0.36308786273002625	0.4356204569339752	0.2574545741081238	0.4211685359477997	0.5130847692489624	0.25895196199417114	0.5143675804138184	0.20540566742420197	0.5650674104690552	0.09526382386684418	0.2127029001712799	0.9708517789840698	0.7062088847160339	0.6194877028465271	0.8880476355552673	0.8163347244262695	0.3286440670490265	0.6518560647964478	0.2515924274921417	0.181849405169487	0.41830015182495117	0.8200326561927795	0.6114462018013	0.7776138186454773	0.47046178579330444	0.17654700577259064	0.35872408747673035	0.4118553102016449	0.6163926124572754	0.6452771425247192	0.2784901261329651	0.7571088075637817	0.26477161049842834	0.3490181863307953	0.37643709778785706	0.0768648162484169	0.4667736291885376	0.1398739218711853	0.13460609316825867	0.44711774587631226	0.8057956695556641	0.7627127170562744	0.6822938323020935	0.7606750726699829	1.1711864471435547	0.47446340322494507	0.3740174472332001	0.3257620334625244	0.6744387745857239	0.2557588517665863	0.461828351020813	0.8959730863571167	0.2555731236934662	0.2188621461391449	0.7726452350616455	0.5667233467102051	0.4887772500514984	0.6616252660751343	0.7514602541923523	0.23018766939640045	1.4271690845489502	0.05210315063595772	0.5990638732910156	0.2615334689617157	0.43384644389152527	0.40857571363449097	0.7050297856330872	0.26264697313308716	0.8708060383796692	1.0206953287124634	0.46193110942840576	0.36790505051612854	0.8268188238143921	0.5766182541847229	0.1618281602859497	0.30930566787719727	0.4516327977180481	0.3213076889514923	0.42722541093826294	0.8843880295753479	1.3642610311508179	1.049754023551941	0.47053828835487366	0.5986462235450745	0.9184883832931519	0.525080680847168	0.3571113049983978	0.6653134226799011	0.6068257093429565	0.4449599087238312	0.5852011442184448	0.34112411737442017	0.24835146963596344	0.6307429075241089	0.1868559867143631	0.20905590057373047	0.3390735387802124	0.23921892046928406	0.6151771545410156	0.5084255933761597	0.40616753697395325	0.37653541564941406	0.7963737845420837	0.47004908323287964	0.33222898840904236	0.2762317359447479	0.45776841044425964	0.623990535736084	0.5646276473999023	0.9386565089225769	0.46492841839790344	0.9246311187744141	0.5269346833229065	0.4589611291885376	0.5614537000656128	0.3159950375556946	0.5976510047912598	0.6582431197166443	0.2811862826347351	0.2086423635482788	0.38235732913017273	0.4640989303588867	0.32833564281463623	0.7675960063934326	1.290412425994873	0.555645763874054	0.6489887237548828	0.5598720908164978	0.3669429421424866	0.35625872015953064	0.37878960371017456	0.4053741693496704	0.6827914118766785	0.3105122447013855	0.9272482991218567	0.6379995942115784	0.6875166893005371	0.6458596587181091	1.1540796756744385	0.653369665145874	0.15286090970039368	1.0232455730438232	0.7218206524848938	0.8713902831077576	0.3629889488220215	0.3925183415412903	0.5860406160354614	1.015702247619629	0.6221926808357239	0.8553606271743774	0.3816230595111847	0.1791999787092209	0.8636081218719482	0.3987155556678772	0.9072955846786499	0.547727644443512	0.5361129641532898	0.8810250759124756	0.1666698008775711	0.4124567210674286	0.17038312554359436	0.46963730454444885	0.44389772415161133	0.24887606501579285	0.807710587978363	0.7287890911102295	0.48086538910865784	0.7791381478309631	0.5668802261352539	0.4879688322544098	0.4546573758125305	0.8694478273391724	0.26327764987945557	0.3745054006576538	0.08550840616226196	0.46439680457115173	1.1762586832046509	0.5806306004524231	0.951612114906311	0.7194918394088745	0.3781125247478485	0.19089670479297638	0.4016547203063965	0.6656115055084229	0.4911954402923584	0.6975343227386475	0.5339823961257935	0.2774941027164459	0.2640377879142761	0.33437609672546387	0.5529056787490845	0.700916588306427	0.6343942284584045	0.6561080813407898	1.5851893424987793	0.5835601687431335	0.2376982718706131	0.7491751909255981	0.4501999616622925	0.5073660016059875	0.4486653804779053	0.4117094874382019	0.46772879362106323	0.41320857405662537	0.43602436780929565	1.0179333686828613	0.3176639676094055	0.3567640483379364	0.5789070129394531	0.5467450022697449	1.5058451890945435	0.5475854873657227	0.8536892533302307	0.22793971002101898	0.4021102488040924	0.3549225926399231	0.32785212993621826	0.28474655747413635	0.5928717255592346	0.8205682635307312	0.277567058801651	0.2190062254667282	0.29435914754867554	0.6919430494308472	0.649469256401062	0.2841055691242218	0.39977240562438965	0.49455317854881287	0.06264251470565796	1.406251072883606	0.14178763329982758	0.9071723818778992	0.4165039658546448	0.39232510328292847	0.1074351817369461	0.7513517141342163	0.341537743806839	0.32309943437576294	0.7757018804550171	0.5750361680984497	0.1495090126991272	1.4700939655303955	0.45581820607185364	0.3923695981502533	0.6842473149299622	0.412553071975708	0.871849775314331	0.3502313792705536	0.4216446876525879	1.5986686944961548	0.7191190719604492	0.6313419342041016	0.5633206367492676	0.4735875427722931	0.520339846611023	0.5182442665100098	0.6020001769065857	0.7953137159347534	0.6190571784973145	0.8944382071495056	1.0148403644561768	0.3200809955596924	0.21723459661006927	0.7023983001708984	0.8657539486885071	0.4751175045967102	1.284444808959961	0.43685489892959595	0.47474774718284607	0.6088259220123291	0.8230457305908203	0.993791937828064	0.6791794300079346	0.9460568428039551	0.1529051512479782	0.6790816783905029	0.25897741317749023	0.3305036425590515	0.4526226818561554	0.43935978412628174	0.15585079789161682	0.7520281672477722	0.471971333026886	0.9560638070106506	0.4158232510089874	0.42961663007736206	0.38947147130966187	0.32118338346481323	0.7226705551147461	0.7332769632339478	1.2476677894592285	0.8200228214263916	0.6012805700302124	0.8619411587715149	0.38820770382881165	0.6946338415145874	0.3916281461715698	0.23924311995506287	0.4284096956253052	0.7722097635269165	0.5124502778053284	0.6620344519615173	0.3744787573814392	0.47240474820137024	0.26997676491737366	1.2417311668395996	0.8501323461532593	0.7089421153068542	0.5132893919944763	0.3925248384475708	0.5587379336357117	0.4033251404762268	0.34909358620643616	0.22637352347373962	0.3355187475681305	0.5588385462760925	0.42289650440216064	0.5559011101722717	0.9117936491966248	1.2907788753509521	0.2690735161304474	0.47106999158859253	0.4152946472167969	0.3713149130344391	0.16965720057487488	0.357126921415329	0.7406073808670044	0.3569076657295227	0.39186686277389526	0.6354356408119202	0.4800433814525604	1.0063326358795166	0.778934895992279	0.7581306099891663	0.2199791967868805	0.831396222114563	0.2233957052230835	0.35946136713027954	0.6660967469215393	0.4452626705169678	0.292791485786438	1.4502687454223633	0.34416744112968445	0.9696159958839417	0.5860576629638672	0.3450124263763428	1.0174506902694702	0.30715614557266235	1.0597078800201416	0.6644017696380615	0.5010381937026978	0.4732101559638977	0.5788875818252563	0.635631263256073	0.7413180470466614	0.2513895332813263	0.48391348123550415	0.19541265070438385	0.43632781505584717	0.8351982831954956	0.4498940706253052	0.12904207408428192	0.38465970754623413	0.636504054069519	0.39946845173835754	0.7417452335357666	1.0976676940917969	0.48454225063323975	0.3930748701095581	0.5669863224029541	0.5375607013702393	0.9486261606216431	0.6438530087471008	0.14248883724212646	0.14571592211723328	0.43965280055999756	0.5584699511528015	0.3547922968864441	0.836618185043335	0.2543550133705139	0.7844709753990173	0.4002361297607422	0.7246873378753662	0.35252249240875244	0.14631810784339905	0.37132614850997925	0.9060059785842896	0.43976566195487976	0.5601866841316223	0.7060844302177429	0.3328401446342468	0.3287242650985718	0.5197960138320923	0.20610050857067108	0.8831976652145386	0.5197398066520691	0.20877084136009216	0.566483199596405	0.6010841727256775	0.5779555439949036	0.12083431333303452	0.46687382459640503	0.39885175228118896	0.06731472909450531	0.5093527436256409	0.471931517124176	0.4540736973285675	0.38729846477508545	0.3795590102672577	0.7115619778633118	0.38495147228240967	0.5994588136672974	0.5158246755599976	0.4980473518371582	0.5184361338615417	0.5828695893287659	0.5904486775398254	0.38654178380966187	0.2918342649936676	0.26694580912590027	0.26947882771492004	0.29626503586769104	0.26765167713165283	0.318685382604599	1.6221615076065063	0.3263726234436035	1.0338635444641113	0.3803839683532715	0.4751696288585663	0.7753923535346985	0.9310226440429688	0.6491156816482544	0.1580556482076645	0.9570143818855286	1.0709092617034912	0.5977771878242493	0.024869855493307114	0.3134815990924835	0.38299453258514404	0.5484070777893066	0.4238870441913605	0.9642664194107056	0.4868185520172119	0.6451252698898315	0.1595461666584015	0.20972615480422974	0.5360401272773743	0.3050289452075958	1.236189365386963	0.8393405675888062	0.48385196924209595	0.4323503375053406	0.7583315968513489	0.5860875248908997	1.2795538902282715	1.2273637056350708	0.3884950876235962	0.6198163628578186	0.34420403838157654	0.5827243328094482	0.8597885966300964	0.5946143269538879	0.3678785562515259	0.425098180770874	0.46493643522262573	0.48649245500564575	0.42077797651290894	0.847653865814209	0.5260470509529114	0.5596750974655151	1.0293817520141602	0.5304033756256104	0.051080528646707535	0.4716990888118744	0.7676063776016235	0.6052820086479187	0.5447809100151062	0.37936872243881226	0.8999574184417725	0.5772260427474976	0.2894745171070099	0.5409241318702698	0.7632622718811035	1.7711619138717651	0.37105777859687805	0.1626182347536087	1.177061676979065	0.37955141067504883	0.37422817945480347	0.2502700090408325	0.5386459231376648	0.30887487530708313	0.7650603652000427	0.7279196977615356	0.42079097032546997	0.8787593841552734	1.1166819334030151	0.39818093180656433	0.062300391495227814	0.9064652919769287	0.3751184940338135	0.5178638100624084	0.9557486176490784	0.5225589871406555	0.34590521454811096	0.8712854385375977	0.17235101759433746	0.6184988021850586	0.4347769021987915	0.5239546298980713	0.8402674198150635	0.5984389781951904	0.5294333100318909	0.094784215092659	0.3307174742221832	0.5380790829658508	0.585493803024292	0.6310733556747437	0.25108686089515686	0.7980485558509827	0.5531765818595886	0.48465487360954285	0.7284761071205139	0.4009396731853485	0.8493006825447083	0.45118239521980286	0.5275471806526184	1.1898865699768066	0.27186521887779236	0.4326528012752533	1.299178957939148	0.4045369625091553	0.43460628390312195	0.7221331596374512	0.914787769317627	0.4091527462005615	0.8163244724273682	0.9568248987197876	0.4760039150714874	0.531481921672821	0.49477532505989075	0.7495931386947632	0.546880304813385	0.9232286810874939	0.637805700302124	0.45183372497558594	0.5483584403991699	0.9651060700416565	0.5220128893852234	0.60894376039505	0.2357947677373886	0.7977531552314758	1.411792278289795	0.28894785046577454	1.2808588743209839	0.3804580271244049	0.6445195078849792	0.7824984788894653	0.5221693515777588	0.5022336840629578	0.31949302554130554	0.8297633528709412	0.259088397026062	0.25091883540153503	0.8601675033569336	0.2854141592979431	0.6519113779067993	0.1414882242679596	0.5571297407150269	0.5779173374176025	0.41582760214805603	0.9789941310882568	0.6930369138717651	0.4945570230484009	0.14872783422470093	0.4363192617893219	0.6859886646270752	0.3574000298976898	0.45997342467308044	0.41212618350982666	0.5977326035499573	0.257450670003891	1.0202432870864868	0.5508443713188171	0.37728118896484375	0.3557268977165222	0.6612827777862549	0.5158812403678894	0.8183334469795227	0.5629389882087708	0.669620156288147	0.5254977345466614	0.5255570411682129	0.7400439977645874	0.4550416171550751	0.37800589203834534	0.3711514472961426	0.6674538850784302	0.352791428565979	0.5641493201255798	0.6094246506690979	1.0096019506454468	0.688556969165802	0.5788906216621399	0.47986719012260437	0.2908909320831299	0.42502033710479736	0.6952253580093384	0.5680702328681946	0.6193669438362122	0.4607447385787964	0.4095889925956726	0.4110211730003357	0.3568030893802643	0.19530798494815826	0.5645236968994141	0.40715470910072327	0.3798711597919464	0.3292810022830963	0.7053145170211792	0.5014040470123291	0.4320521056652069	0.3549979329109192	0.6389437913894653	0.5966880321502686	1.0248677730560303	0.23261937499046326	0.23010316491127014	0.6277481317520142	0.5774415731430054	0.45002061128616333	0.3861874043941498	0.829863965511322	0.6971697211265564	0.88938307762146	0.7072534561157227	0.29670149087905884	1.2840476036071777	0.5310925841331482	1.4783836603164673	0.4481380581855774	0.3760930299758911	0.35244038701057434	0.5472903251647949	0.47574150562286377	0.2517394721508026	0.8853344321250916	0.5723879933357239	0.7562060356140137	0.8521335124969482	0.5893489122390747	0.7782331705093384	0.6164318323135376	0.653499960899353	0.4238798916339874	0.2637147009372711	0.22885340452194214	0.37831613421440125	0.679653525352478	0.311598002910614	0.4822961688041687	0.8277475833892822	0.7987746596336365	0.7486364245414734	0.2048192173242569	0.4438769221305847	0.6749346852302551	0.6723377108573914	0.12785156071186066	0.6748154163360596	0.36965563893318176	0.5600188374519348	0.3798913061618805	0.5254099369049072	0.3530855178833008	0.5874470472335815	0.535975456237793	1.289574384689331	0.2245553582906723	0.2985000014305115	0.31648242473602295	0.8197997808456421	0.4352721571922302	0.8126150369644165	0.7804205417633057	0.615025520324707	0.27627044916152954	0.6378505825996399	0.22793200612068176	0.756148099899292	0.72865229845047	1.1633039712905884	1.101614236831665	0.3567793667316437	0.8349761962890625	0.6493516564369202	0.45350104570388794	0.3899971842765808	0.7246156334877014	0.22798651456832886	0.29194706678390503	0.5787448287010193	0.8030701875686646	0.4326935112476349	0.34742119908332825	0.5949230194091797	0.22905227541923523	0.616302490234375	0.48721209168434143	0.2513382136821747	0.6385319232940674	0.32911333441734314	1.0791062116622925	0.894690752029419	0.37509849667549133	1.1564359664916992	0.7150635719299316	0.502270519733429	0.38518020510673523	0.2533431053161621	0.2674139440059662	0.8570794463157654	0.1429932862520218	0.7893716096878052	0.3518087863922119	0.8075731992721558	0.5216526985168457	0.431924045085907	0.7797814011573792	0.30598536133766174	0.38091787695884705	0.4919140338897705	0.21099190413951874	0.2443860024213791	0.7371385097503662	0.42015931010246277	0.22453956305980682	0.8672890067100525	0.24869534373283386	0.334137499332428	0.47153905034065247	0.38369667530059814	0.4063800871372223	0.6553523540496826	0.3542197048664093	0.30966681241989136	0.22429265081882477	0.21580752730369568	0.4282040596008301	0.43233320116996765	0.5156580209732056	0.7135658264160156	0.6214216947555542	0.506798267364502	1.0867502689361572	0.669615626335144	0.5408675074577332	0.8212721347808838	0.2555535137653351	0.518638014793396	0.8625437021255493	0.4116981029510498	0.7140202522277832	0.0813412293791771	0.6996620297431946	0.4567989110946655	0.817316472530365	0.7330056428909302	0.44289925694465637	0.34216079115867615	0.8923054337501526	0.9379974603652954	0.4528610110282898	0.721173107624054	0.5601260662078857	0.41727110743522644	0.4569666385650635	0.4837875962257385	0.07466479390859604	0.387075275182724	0.2387998402118683	0.7405360341072083	0.6796666383743286	0.33078625798225403	0.6878567934036255	0.29148632287979126	0.7383139729499817	1.1744601726531982	1.1194156408309937	0.4427160322666168	0.8472640514373779	0.5936100482940674	0.4894031584262848	0.426628053188324	1.0110901594161987	0.3564676344394684	0.4847126305103302	0.31114909052848816	0.728865921497345	0.5057857036590576	0.4254980683326721	0.659929096698761	0.8559595942497253	0.2602236270904541	0.08190689980983734	0.5088924169540405	1.0543540716171265	0.8603248596191406	0.34081006050109863	0.39759138226509094	0.5990689396858215	0.6729153990745544	1.2445305585861206	0.8326513767242432	0.781465470790863	0.8582154512405396	0.3099680542945862	0.7738345861434937	0.3841923773288727	0.2908225357532501	0.46089473366737366	0.49845090508461	1.8919460773468018	0.4727061092853546	0.277672678232193	0.1949610859155655	0.1737939417362213	0.4907400608062744	0.7981477379798889	0.34448012709617615	0.15086425840854645	0.2862931489944458	0.38411882519721985	0.30213668942451477	0.6041560173034668	0.23576845228672028	0.7848199009895325	0.7641701102256775	0.12749484181404114	0.5726469159126282	0.7053592205047607	0.8652307391166687	1.2689273357391357	1.02670419216156	0.3620520830154419	0.5857070684432983	0.5010640621185303	0.3540633022785187	0.4495324492454529	0.1815631091594696	0.24263140559196472	0.38762038946151733	0.6797694563865662	0.2508079409599304	0.7167927622795105	0.3254512846469879	0.48245885968208313	0.7509767413139343	0.9845828413963318	0.6707290410995483	0.4190015196800232	0.7828553915023804	0.625713050365448	0.31713977456092834	0.36401957273483276	0.8940982818603516	0.5920260548591614	0.5812473297119141	0.4723673164844513	0.732673704624176	0.7353565096855164	0.40364912152290344	0.48927614092826843	0.8406053781509399	0.6936296224594116	0.5272051095962524	0.37325388193130493	0.5530205965042114	1.218807339668274	0.29517054557800293	0.20345516502857208	0.844662070274353	0.8779299259185791	0.5699837803840637	0.6571208238601685	0.6693116426467896	0.16563189029693604	0.5008874535560608	1.1142183542251587	0.5852594971656799	0.5412920713424683	0.5335986018180847	0.28245246410369873	0.6035912036895752	0.3689417839050293	0.5907285809516907	1.088521957397461	0.4262751340866089	0.5703703761100769	0.5465534329414368	0.42691564559936523	0.17028413712978363	0.3641798496246338	0.3084816634654999	0.529273271560669	0.540391743183136	0.431361585855484	0.6155336499214172	0.49604088068008423	0.24467656016349792	0.7218610048294067	0.2728011906147003	0.5688852071762085	0.7890439629554749	1.0827020406723022	0.3458975851535797	0.18270587921142578	0.4451785385608673	0.27842238545417786	0.34824395179748535	0.7666031718254089	0.7970461249351501	0.2931428849697113	0.7927839159965515	0.47964954376220703	1.0160449743270874	0.6629679799079895	0.47523462772369385	0.3359680771827698	0.3505774140357971	0.1422523409128189	0.46129491925239563	0.20351916551589966	0.2735157608985901	0.3829438388347626	0.5136352777481079	0.39606964588165283	0.6849813461303711	0.12073761224746704	0.5743451714515686	0.6616495847702026	0.43624526262283325	0.46622297167778015	0.6416568756103516	0.7332795858383179	0.25561898946762085	0.4753984808921814	0.8914443850517273	0.4576570391654968	0.9869503378868103	0.848776638507843	0.269335001707077	0.4982950687408447	0.8545690774917603	0.8746151924133301	0.7522225975990295	0.5687777400016785	0.7133845686912537	0.9232152700424194	0.5083070397377014	0.6433477401733398	0.6386778354644775	0.5572828650474548	0.7774779200553894	1.0032484531402588	0.3826186954975128	0.27483394742012024	0.40569475293159485	0.4598025977611542	0.702980637550354	0.562336266040802	0.7602035999298096	0.6759278774261475	0.38018128275871277	0.3320075273513794	0.457395076751709	0.5001115798950195	0.797172486782074	0.3165612518787384	0.29977768659591675	0.4877004027366638	0.16427774727344513	0.24143582582473755	0.33103320002555847	0.3002307713031769	0.7061854600906372	0.5843935012817383	0.42968282103538513	0.6331088542938232	0.22426077723503113	0.4945557415485382	1.109265685081482	0.481029748916626	0.31270816922187805	0.5130478739738464	0.7318508625030518	0.21394899487495422	0.8040464520454407	0.5778205394744873	0.739434003829956	0.6812341213226318	0.6371818780899048	0.9289670586585999	1.3500251770019531	0.7410697340965271	0.7428153157234192	0.4540306329727173	0.39616966247558594	1.0457797050476074	0.09176826477050781	1.157458782196045	0.4885718822479248	0.3768230676651001	0.39499804377555847	0.8691607713699341	0.13580022752285004	0.39898136258125305	0.6206486225128174	0.6502125263214111	0.33232879638671875	0.7208214998245239	0.44653865694999695	0.9141278862953186	1.0223556756973267	0.5287142992019653	0.5132111310958862	0.3433157205581665	0.3194371461868286	0.43965277075767517	0.4572586119174957	0.16592831909656525	0.48269516229629517	0.20838183164596558	0.21400517225265503	0.33580583333969116	0.6519346833229065	0.43382638692855835	0.3173390328884125	0.852047324180603	0.2635306715965271	0.954677939414978	0.22713129222393036	0.3648190200328827	0.38897034525871277	0.26259952783584595	0.3084609806537628	0.3213898539543152	1.1350303888320923	1.436680555343628	0.7744570970535278	0.5551724433898926	0.6492749452590942	0.584157407283783	0.5050575733184814	0.6129757165908813	0.15458033978939056	0.876316249370575	0.4494219720363617	0.8258771300315857	0.16585567593574524	0.514440655708313	0.848758339881897	0.7379443645477295	0.5400674343109131	0.3092448115348816	1.5116044282913208	0.48587122559547424	0.09272265434265137	0.8339221477508545	0.1792176514863968	0.15783043205738068	0.3464268743991852	0.8526614904403687	0.9857586622238159	0.6275380849838257	0.2694544792175293	0.3278334140777588	0.23060961067676544	0.3410841226577759	0.8494755625724792	0.6631639003753662	0.18606537580490112	0.7620849609375	0.20640189945697784	1.2108691930770874	0.0828426331281662	0.7599896192550659	0.10668417066335678	0.34014278650283813	0.6755843162536621	0.4352339506149292	0.5049440264701843	0.876469075679779	0.7162272930145264	0.7081971168518066	0.5410177707672119	0.42097580432891846	0.5211350321769714	0.9350444078445435	0.5774532556533813	0.7407444715499878	0.8101696968078613	0.810004711151123	0.5994271039962769	0.45114243030548096	0.2458169013261795	0.5773627758026123	0.534438967704773	0.6040196418762207	0.3787505626678467	0.3745236396789551	0.35576072335243225	0.6864624619483948	0.15239417552947998	0.9253111481666565	0.2695506513118744	0.87666916847229	0.18693017959594727	0.5418810248374939	0.3238564133644104	0.3264176547527313	0.6095042824745178	0.4297441244125366	0.3340940773487091	1.0328073501586914	0.7348501682281494	0.1643189936876297	0.44021353125572205	0.4650963842868805	0.38456612825393677	0.3595048785209656	0.4473174512386322	1.1900794506072998	0.8485699892044067	0.4104677736759186	0.5741416215896606	0.7209489345550537	0.23577135801315308	0.417729914188385	0.4280514717102051
0.07678459584712982	0.35507768392562866	0.6243200898170471	0.9419864416122437	1.3940573930740356	0.33381387591362	0.21851034462451935	1.0421773195266724	1.0480616092681885	0.21319612860679626	1.2138502597808838	0.5329550504684448	0.312435120344162	0.28402963280677795	0.70982426404953	0.4117496907711029	0.21939940750598907	0.9117791652679443	0.5306712985038757	0.6517682075500488	0.7356880903244019	0.30483999848365784	0.788217306137085	0.2117011696100235	0.7651280760765076	0.4717235565185547	0.8979578614234924	0.8200473189353943	0.5535027384757996	0.6540390253067017	0.1924649327993393	0.5367051362991333	0.13440611958503723	0.556229829788208	0.43922051787376404	0.784296452999115	0.37213385105133057	0.5880062580108643	0.7031407952308655	0.6518518328666687	0.6413261294364929	1.410953164100647	0.3169587552547455	0.5679603219032288	0.14739036560058594	0.2294132113456726	0.3440360128879547	0.8632707595825195	0.42254334688186646	0.8246026039123535	0.9228033423423767	0.6786282062530518	0.8128976821899414	0.5883118510246277	0.8649983406066895	0.2570967972278595	0.6506059169769287	1.3662207126617432	0.6726243495941162	0.6515223383903503	0.13510221242904663	1.0348716974258423	0.259697288274765	0.6589581370353699	0.7488235831260681	0.3071573078632355	0.7410486936569214	0.6293425559997559	0.2798801064491272	0.534984290599823	0.2361464649438858	0.4043566584587097	1.46620774269104	0.6582099795341492	0.6279156804084778	0.6720547080039978	0.12065248191356659	0.6841979622840881	0.2184482216835022	0.864358127117157	0.3742309510707855	0.32913610339164734	0.2519710063934326	0.16146337985992432	0.031889408826828	0.36785000562667847	0.4821588397026062	0.5546016693115234	0.930155873298645	0.4611838757991791	0.39359912276268005	0.6298859119415283	0.4505900740623474	0.42809078097343445	0.5901345610618591	0.6723829507827759	0.5223643183708191	0.4539106488227844	0.6070992350578308	0.6101731657981873	0.20015835762023926	0.2828388810157776	0.2636583745479584	0.07647243142127991	0.32676035165786743	0.06231876090168953	0.5229552388191223	1.596571922302246	0.8837040662765503	0.6013485789299011	0.8255051970481873	0.9837931394577026	0.4092463552951813	0.32568344473838806	0.5643665194511414	0.3652355670928955	0.5339900255203247	0.8274255990982056	0.10487735271453857	0.6618330478668213	0.8032046556472778	0.24368828535079956	0.6179062724113464	0.4996824264526367	0.8801630735397339	0.8203414678573608	0.26724082231521606	0.6072749495506287	0.5886333584785461	0.30348601937294006	0.2897428870201111	0.7067476511001587	0.5095126032829285	0.09782180190086365	0.365031898021698	0.05591243878006935	0.3683953285217285	0.3240446448326111	0.3796078562736511	0.21260255575180054	0.33296772837638855	0.3216021955013275	0.9223742485046387	0.2731989622116089	0.9958986043930054	0.9987882375717163	0.22841712832450867	0.27859243750572205	0.8251598477363586	0.2652336359024048	0.32313454151153564	0.24672165513038635	0.7866613268852234	1.2390720844268799	0.4524105191230774	0.5809137225151062	0.40764445066452026	1.0959551334381104	0.23679830133914948	0.4170646667480469	1.1311055421829224	0.5527293682098389	0.42672762274742126	0.4338851869106293	0.5342493653297424	0.6027702689170837	0.16663435101509094	0.24367627501487732	1.5619289875030518	0.894152045249939	0.18900984525680542	0.38272231817245483	0.5043523907661438	0.7067769169807434	0.5689088702201843	0.1973465085029602	0.7029608488082886	0.2820427715778351	0.45502349734306335	0.24114227294921875	0.24080604314804077	0.0572485625743866	0.42754268646240234	0.9353752136230469	0.7597230672836304	0.30831825733184814	0.43659448623657227	0.18540774285793304	1.171744704246521	0.8824854493141174	0.2979704737663269	0.28339970111846924	0.35750067234039307	1.113980770111084	0.7950708866119385	0.8995890617370605	0.5724669098854065	0.6872473955154419	0.18580378592014313	0.918745756149292	0.6735496520996094	0.3726367950439453	0.3218875527381897	0.41718411445617676	0.33609625697135925	0.8536853790283203	0.6535502076148987	0.31542304158210754	0.5873631834983826	1.0282779932022095	0.2982616424560547	0.19887857139110565	0.3541274666786194	0.5202440023422241	0.158619225025177	0.8077501654624939	0.6475352644920349	0.5585432052612305	0.20647534728050232	1.0587806701660156	0.7433897852897644	0.3707481324672699	0.33611083030700684	0.8122617602348328	0.5935190916061401	0.4792133569717407	0.8896026611328125	0.7438268065452576	0.6071470379829407	0.6382075548171997	1.0276868343353271	0.15260574221611023	0.4271077811717987	0.546394407749176	0.19321365654468536	0.4571302533149719	0.2993830740451813	0.40616026520729065	0.7098371982574463	0.21611133217811584	0.35516077280044556	0.6538288593292236	0.28489190340042114	0.35117071866989136	0.5090145468711853	0.49652448296546936	1.1028714179992676	0.5657727718353271	0.2472383677959442	0.5277153849601746	0.33979910612106323	0.6934814453125	0.23905080556869507	0.9065991044044495	0.7303570508956909	0.9981824159622192	0.21076202392578125	1.0080084800720215	1.615847110748291	0.0796288251876831	0.20680716633796692	0.3813256621360779	0.3899534344673157	0.4206938147544861	0.755446195602417	0.29702943563461304	1.020261526107788	0.30691877007484436	0.4333711862564087	0.7027417421340942	0.6625013947486877	0.480319082736969	1.5118305683135986	0.40292397141456604	0.06188926845788956	0.35247382521629333	0.7869362831115723	0.3092420697212219	0.5222011208534241	1.2021145820617676	0.6855940818786621	1.1452187299728394	0.5919468998908997	0.23996677994728088	0.48081904649734497	0.4623721241950989	0.43775036931037903	0.7164838314056396	0.7797538638114929	0.3684152066707611	1.0477745532989502	0.326522558927536	0.6490814685821533	0.32365426421165466	0.31560230255126953	0.3819718360900879	1.3453220129013062	0.5827276706695557	0.7894720435142517	0.7312519550323486	0.5296258926391602	0.5054359436035156	0.2570561468601227	0.6660959124565125	0.8434417843818665	0.16783791780471802	0.9221557378768921	0.1212833821773529	0.16811758279800415	0.9113615155220032	1.1853402853012085	0.9034377932548523	0.6599996089935303	1.26633882522583	0.7842105031013489	0.9173803925514221	0.49659180641174316	1.0056309700012207	0.6061436533927917	1.2257733345031738	0.336668998003006	0.6747914552688599	0.7361558079719543	0.7030669450759888	0.5288441181182861	0.7145625352859497	0.45690053701400757	0.6619444489479065	0.5985838770866394	1.0698878765106201	0.5058651566505432	0.2920696437358856	0.29541847109794617	0.24350906908512115	0.7847275137901306	0.23193712532520294	1.075499176979065	0.8124882578849792	0.5084598064422607	1.011117696762085	0.24706508219242096	0.07553914934396744	0.3961329162120819	0.38138431310653687	0.4565037786960602	0.34223806858062744	0.4639003872871399	0.221925288438797	0.4706918001174927	0.2717294991016388	0.4784708023071289	0.24585393071174622	0.5369635820388794	0.8941941261291504	0.42169657349586487	0.26434797048568726	0.8531969785690308	0.41295018792152405	0.24256376922130585	0.2299547791481018	1.6266145706176758	0.29940932989120483	0.6650804877281189	0.5226200819015503	0.23913118243217468	0.1630701869726181	0.14764629304409027	1.6745681762695312	1.0559751987457275	0.39377477765083313	0.4391360282897949	0.9086806178092957	0.5034194588661194	1.0959151983261108	0.3744823932647705	1.1058666706085205	0.2463809996843338	0.35109585523605347	0.2259463667869568	0.6300722360610962	0.09293948113918304	0.8538509607315063	0.23111222684383392	0.4769090712070465	0.49248284101486206	0.32302922010421753	0.929879367351532	0.22708341479301453	0.7327853441238403	0.27453285455703735	0.2693793475627899	0.788811206817627	0.12125931680202484	1.1465656757354736	0.07571561634540558	0.22630704939365387	0.897657036781311	0.4945637583732605	0.2215738743543625	0.4188200533390045	0.6886057257652283	0.8091901540756226	0.4583016037940979	0.9982846975326538	0.23544886708259583	0.37560388445854187	0.46860823035240173	1.078420639038086	0.41934049129486084	0.36277687549591064	0.13433361053466797	0.01618153415620327	0.28800955414772034	0.478681743144989	0.37757301330566406	0.9060555100440979	0.41253846883773804	0.30659976601600647	0.5624531507492065	0.07832629978656769	0.2836083769798279	0.6012311577796936	0.5514874458312988	0.32349893450737	0.6666359901428223	0.5751256346702576	0.6236001253128052	0.5257631540298462	0.5629267692565918	0.9090238809585571	0.8527522683143616	0.05414998531341553	0.500152051448822	0.7100766897201538	0.5813804268836975	0.39387449622154236	0.5377243757247925	0.9516862630844116	0.41733330488204956	0.46429920196533203	1.1293829679489136	0.42242035269737244	0.2320476472377777	0.20659451186656952	0.43110185861587524	0.2033429592847824	0.8532065153121948	0.536133885383606	0.6689585447311401	0.6557990908622742	0.24371808767318726	0.6019126772880554	1.2767362594604492	0.6063910722732544	0.37674370408058167	0.2457423210144043	0.9290767908096313	0.43233075737953186	0.5892347693443298	0.6826695799827576	1.0496597290039062	0.48010456562042236	0.1445365995168686	0.5229737758636475	0.5269798040390015	0.7863756418228149	0.9332549571990967	0.6976398229598999	0.12838071584701538	0.7171356678009033	0.6870661973953247	0.29406851530075073	0.7214906811714172	0.453452467918396	0.29260584712028503	0.7026503682136536	0.20639535784721375	0.709153413772583	0.43501394987106323	0.6705293655395508	0.29438516497612	0.11744356155395508	0.5487867593765259	1.1030601263046265	1.5881487131118774	1.0541443824768066	0.9144022464752197	0.4604911208152771	0.7720539569854736	0.3498852550983429	0.6257125735282898	0.38596636056900024	0.5116282105445862	0.7464380860328674	0.28622880578041077	0.26888343691825867	0.356815904378891	0.5620949268341064	0.30485618114471436	0.4013251066207886	0.642033576965332	0.4656726121902466	0.7272315621376038	0.6176503896713257	0.2456919252872467	0.7491821050643921	0.4813140332698822	0.820377767086029	0.7892911434173584	0.43272075057029724	0.4764849841594696	0.2248242050409317	0.46989649534225464	1.036436915397644	0.32925230264663696	0.15460284054279327	0.2672399580478668	0.2883985936641693	0.5546342730522156	0.421875536441803	0.47207921743392944	0.08094651997089386	0.709433913230896	0.20740365982055664	0.23424819111824036	0.6934938430786133	0.1902681589126587	0.19591347873210907	1.5709881782531738	0.3172570466995239	0.7758790254592896	0.5303600430488586	0.4679510295391083	0.9482918977737427	0.366299033164978	0.32875993847846985	0.19750025868415833	0.5668665766716003	0.6312789916992188	0.3130166530609131	1.4732635021209717	0.5116037726402283	0.6645964980125427	0.9367168545722961	0.2252970039844513	0.6267311573028564	0.47918933629989624	0.32283279299736023	0.09525330364704132	1.1230703592300415	0.06305050849914551	0.6374334692955017	0.4603073298931122	0.21253514289855957	0.25731557607650757	0.4210418462753296	0.6628521084785461	0.5848912000656128	0.6392316818237305	1.1897954940795898	0.6237626075744629	0.7403976321220398	0.5323446393013	0.13787402212619781	0.23472000658512115	0.35628920793533325	0.876534104347229	0.15563462674617767	0.3707103133201599	1.03666090965271	0.31364595890045166	0.18485990166664124	1.3516318798065186	1.0753448009490967	0.43986406922340393	0.3987278640270233	0.3019554018974304	0.21204130351543427	0.5076496601104736	0.33610260486602783	0.6027822494506836	0.035059113055467606	0.25547972321510315	0.25894612073898315	0.6009278297424316	0.48382559418678284	0.292940229177475	0.042504385113716125	0.1324891448020935	0.2596142888069153	0.6676501631736755	1.252556324005127	0.643811047077179	0.6217732429504395	0.8142188787460327	0.5026015639305115	0.5223514437675476	0.1700161099433899	0.4087429344654083	0.2229345738887787	0.42570650577545166	1.146225094795227	0.2641860544681549	0.5630149245262146	0.43497928977012634	0.5408055782318115	0.24298608303070068	0.6634068489074707	0.6096030473709106	1.216742753982544	0.21734079718589783	0.4563199281692505	0.6316712498664856	0.8394566178321838	0.49788588285446167	1.1215711832046509	0.18930061161518097	0.4870927333831787	0.386275976896286	0.5643643736839294	0.31533288955688477	0.31504687666893005	0.010834124870598316	0.9086554050445557	0.6874958872795105	0.3352031707763672	0.695082426071167	0.10273697227239609	0.8623142242431641	0.7461991310119629	0.6009515523910522	0.4151342213153839	0.07271108031272888	0.6062893867492676	0.6912374496459961	0.31278419494628906	0.3478425443172455	0.915510892868042	0.33950337767601013	0.42374926805496216	0.48276838660240173	0.5533315539360046	0.4872741401195526	0.2858794629573822	1.041660189628601	0.382696270942688	0.5227437019348145	0.39967310428619385	0.36014991998672485	0.5959171652793884	0.2920793294906616	0.32361501455307007	0.22626228630542755	0.6674400568008423	0.8894932270050049	0.2620808184146881	0.39608633518218994	0.47691407799720764	1.3445558547973633	0.6383751630783081	0.41630253195762634	0.9074504375457764	0.20403677225112915	0.3560629189014435	0.3273954391479492	0.6259651780128479	0.6872496008872986	0.30729198455810547	0.8599239587783813	0.3265005946159363	0.5287618041038513	0.28249841928482056	0.4713269770145416	0.7923952341079712	0.8783408403396606	0.19487245380878448	1.1495059728622437	0.881604790687561	0.8432456254959106	0.46531203389167786	0.6612656116485596	0.27725493907928467	0.7972734570503235	0.4850173890590668	1.0351178646087646	0.4704061448574066	0.610183596611023	0.3183547556400299	0.5426435470581055	0.37819772958755493	0.0	0.4305943250656128	1.0686795711517334	0.3828970193862915	0.17858120799064636	1.1343097686767578	0.3443329632282257	0.32240569591522217	0.9815276265144348	0.08711869269609451	0.7346729636192322	0.5764145851135254	0.33400318026542664	0.2597613036632538	0.4177769720554352	0.12517406046390533	0.7387279272079468	0.17207536101341248	0.6093186736106873	0.3544492721557617	0.18681517243385315	0.7600970268249512	0.9680910706520081	0.5899296402931213	0.34143805503845215	0.645907998085022	0.6788561344146729	0.5109663009643555	0.5213961601257324	0.23269034922122955	0.35261964797973633	0.5435655117034912	0.4536364674568176	0.7554951906204224	0.3784532845020294	0.2994547486305237	0.9283087849617004	0.29395076632499695	0.9419695734977722	0.7815934419631958	0.25989311933517456	0.2182212769985199	0.483963280916214	0.42812883853912354	0.8746805191040039	0.254616916179657	0.5268503427505493	0.02112923003733158	0.19782406091690063	0.28381288051605225	0.6194589138031006	0.9675403833389282	0.25855720043182373	0.4896581768989563	0.8576191663742065	0.2955194413661957	0.376031756401062	0.5331114530563354	0.48813384771347046	0.41567280888557434	0.30841997265815735	0.3271934986114502	0.19730177521705627	0.17346611618995667	0.18806350231170654	0.19139422476291656	1.128130316734314	0.3359491229057312	0.22249150276184082	0.14612770080566406	0.5704471468925476	0.22666344046592712	0.10878066718578339	0.6193407773971558	0.2977498769760132	0.3147348463535309	0.6554003953933716	0.9150107502937317	0.3374077379703522	0.8354774713516235	0.5456206798553467	0.832189679145813	0.35207849740982056	0.6427984833717346	0.7616562247276306	0.32252442836761475	0.15993434190750122	0.20578494668006897	0.21439296007156372	0.21921953558921814	0.38905829191207886	0.24601733684539795	0.6487379670143127	0.22202572226524353	0.7238196730613708	0.6711572408676147	0.29416927695274353	0.4221387207508087	0.3523918390274048	0.5142800807952881	0.5307811498641968	0.482279509305954	0.6173251867294312	0.3264353573322296	0.36434757709503174	0.5893721580505371	1.4415525197982788	0.4632461667060852	0.40071746706962585	0.28472575545310974	0.27500101923942566	0.36489900946617126	0.1842932254076004	0.2225220650434494	0.5945780873298645	0.14662209153175354	0.9023603796958923	0.9148427844047546	0.8179991245269775	0.4742966592311859	0.08031805604696274	0.875029444694519	0.6203716397285461	0.24677850306034088	1.2242382764816284	0.3943183124065399	0.2795766592025757	1.0385310649871826	0.4783744812011719	0.8828395009040833	0.28407061100006104	0.39445260167121887	0.36579158902168274	0.18061670660972595	0.45378047227859497	0.4548017680644989	0.18737713992595673	0.13070183992385864	1.1119564771652222	0.33848148584365845	0.37638112902641296	0.2814556956291199	0.8109239339828491	0.336793452501297	0.4791194498538971	0.39773377776145935	0.5837924480438232	0.5475783944129944	0.46610522270202637	0.3751301169395447	0.38548240065574646	0.16392624378204346	1.0912247896194458	0.3177381157875061	0.2226572036743164	0.4382936954498291	0.42060384154319763	1.0909123420715332	0.6631450653076172	0.6870164275169373	0.35480886697769165	0.4516977071762085	0.13960377871990204	0.863503634929657	0.09953121095895767	0.30942827463150024	0.2513628900051117	0.6095973253250122	0.4256971478462219	0.4948328137397766	0.23865196108818054	0.18702320754528046	0.2841525673866272	0.4002099335193634	0.6041331887245178	0.44060787558555603	0.34568077325820923	0.4641295373439789	0.4224008023738861	0.7877071499824524	0.5504546165466309	0.6614400744438171	0.46902331709861755	0.7856832146644592	0.4838908314704895	0.7364612817764282	0.5274640321731567	0.7872811555862427	0.6730595231056213	0.3880630433559418	0.05490126088261604	0.01865844428539276	0.6700747013092041	0.44686147570610046	0.28533634543418884	0.8871867060661316	0.223140686750412	0.4453558921813965	0.4596356451511383	0.546903133392334	0.6679388880729675	0.49643534421920776	0.30598968267440796	0.5029550194740295	0.16570736467838287	0.5324057340621948	0.10228420048952103	0.029880184680223465	0.8815723061561584	0.08653199672698975	0.17247582972049713	0.27169182896614075	0.20868247747421265	0.32539141178131104	0.5348522067070007	1.0749635696411133	0.35664764046669006	0.0500008761882782	0.7210871577262878	0.41224855184555054	0.2882419526576996	1.0004912614822388	0.5580182075500488	0.5055056810379028	0.9330531358718872	0.7218949794769287	0.9563044905662537	0.06852008402347565	0.32214733958244324	0.05817371979355812	0.25248610973358154	0.34514930844306946	1.0132324695587158	0.8594290018081665	0.816218912601471	0.45855915546417236	0.3823109269142151	0.20529288053512573	0.561604917049408	0.41182923316955566	0.7115991711616516	0.5900861620903015	0.514986515045166	0.867216944694519	0.3100902736186981	0.25572311878204346	0.3131435215473175	0.05385085940361023	0.14170745015144348	0.6557912826538086	0.3417917490005493	0.7066045999526978	0.3690726161003113	0.2652972638607025	1.0008031129837036	0.6699014902114868	0.6502674221992493	0.2859756350517273	0.6031856536865234	0.5280355215072632	0.6537474989891052	0.47689974308013916	1.4821066856384277	0.46852976083755493	0.3307502567768097	0.6420273184776306	0.9584988355636597	0.3311693072319031	0.9419152140617371	0.12430210411548615	0.12083572894334793	0.5880821347236633	0.1782962679862976	0.6654638051986694	0.24968935549259186	0.6233841180801392	0.6766449213027954	0.5842331647872925	0.08440474420785904	0.7224068641662598	0.5560967922210693	0.487466424703598	0.5443940758705139	0.19933131337165833	0.28793472051620483	0.6282493472099304	0.23716147243976593	0.8546885251998901	0.11143863946199417	0.28242427110671997	1.0721076726913452	1.1616674661636353	1.0236802101135254	0.5516481399536133	0.7788236141204834	0.1982123702764511	0.7583482265472412	0.2862514555454254	0.850462019443512	0.18577143549919128	0.4524135887622833	0.29079678654670715	0.030848529189825058	0.5364980697631836	0.272774875164032	0.42855823040008545	0.4340004324913025	0.6760039925575256	0.40074771642684937	0.34525686502456665	0.1114320307970047	0.6682214736938477	0.7681632041931152	0.47875094413757324	0.6421159505844116	0.3359585404396057	0.5002749562263489	0.18116888403892517	0.5744678974151611	0.3121257424354553	0.36560937762260437	0.24147272109985352	0.4843968451023102	0.6842597723007202	0.5380048751831055	0.5890766382217407	0.7225819230079651	0.5952926874160767	0.9762693643569946	0.4165440797805786	0.1686992347240448	0.8160827159881592	1.0253517627716064	0.3553844690322876	0.7285929918289185	0.8435624837875366	0.38827627897262573	0.5374424457550049	1.2609785795211792	0.6187095642089844	1.1807105541229248	0.19538837671279907	0.40248602628707886	0.9743661284446716	0.5257458686828613	0.40447306632995605	0.39863020181655884	0.8862317800521851	0.8883513808250427	0.2776930630207062	0.8901938796043396	0.41918954253196716	1.059313416481018	0.9458818435668945	0.3633701801300049	0.9215279817581177	0.854728102684021	1.0075641870498657	0.24705375730991364	0.5807957649230957	0.2853233516216278	0.6737542152404785	0.5787192583084106	0.42799532413482666	0.44827234745025635	0.45192837715148926	0.6421757340431213	0.5185437798500061	0.06299778074026108	0.3619282841682434	0.7023603916168213	0.5483506321907043	0.32854950428009033	0.7035635709762573	0.8809219598770142	0.5591062307357788	0.22582381963729858	0.2734397053718567	0.3788496255874634	0.9933449029922485	0.886786699295044	0.245505690574646	0.27751222252845764	0.5813109278678894	0.47485944628715515	1.0959259271621704	1.6030157804489136	0.36825031042099	0.6066992282867432	0.3987048268318176	0.3051343560218811	1.0519095659255981	1.4094462394714355	0.5345904231071472	1.5707578659057617	0.5988770723342896	1.1304527521133423	1.290032148361206	1.1553852558135986	0.4679490625858307	0.8162258267402649	0.8377918004989624	0.4933805465698242	0.457084983587265	0.801978588104248	0.5187956690788269	0.7415168285369873	1.325069546699524	0.39365196228027344	0.6145675182342529	0.49008187651634216	0.7009914517402649	0.1401587724685669	1.4164752960205078	0.7298499941825867	0.6283307075500488	0.05564984679222107	0.6883844137191772	0.7728844285011292	0.7096022963523865	1.043643832206726	0.6390475034713745	0.24184909462928772	0.7934678792953491	1.318450689315796	0.9350025653839111	0.463855504989624	0.28209295868873596	0.1754411906003952	0.5405066013336182	0.5246366858482361	1.4719479084014893	0.43785160779953003	0.6708176732063293	0.22457623481750488	0.3077556788921356	0.3325181007385254	1.3704651594161987	0.4301195442676544	0.1666599065065384	0.24626070261001587	0.36664506793022156	1.1002941131591797	0.17642410099506378	0.1892172396183014	0.4762410819530487	1.2177153825759888	0.874583899974823	0.16545695066452026	0.4414462745189667	0.09687233716249466	0.4071560204029083	0.24836613237857819	0.6571512222290039	0.2363223433494568	0.34862273931503296	0.6185555458068848	0.8842560648918152	0.5052594542503357	0.30207282304763794	0.8211373090744019	0.5737332701683044	0.6836103796958923	0.9415593147277832	0.765833854675293	0.3993150293827057	0.4597121477127075	0.15185502171516418	1.008294939994812	0.5660927295684814	0.7213541269302368	0.7414353489875793	0.3183908760547638	0.5085192918777466	0.10895415395498276	1.2672398090362549	0.9997863173484802	0.32898926734924316	0.05923040956258774	0.3771944046020508	0.3839741349220276	0.8500183820724487	0.9687375426292419	0.24591073393821716	0.3662654161453247	0.30685895681381226	0.35965225100517273	0.9602617025375366	0.3378700315952301	0.3036612272262573	1.2172781229019165	0.33092063665390015	0.4988715648651123	0.7962086200714111	0.5787213444709778	0.1600693166255951	0.3258150517940521	0.8315408229827881	0.32868143916130066	1.3074302673339844	0.7371997237205505	0.9899777770042419	0.22390660643577576	0.2517559230327606	0.4695521593093872	0.45478492975234985	0.21038669347763062	0.21802803874015808	0.5625874996185303	0.8524096608161926	0.22842314839363098	0.5674430727958679	0.8792365789413452	0.5406049489974976	0.5452368259429932	0.6006370186805725	0.5660350918769836	0.5299890637397766	0.7818862795829773	0.5258966684341431	0.36495471000671387	0.8640630841255188	0.20075571537017822	0.14160269498825073	0.9636595249176025	0.8458319306373596	0.21675194799900055	0.6947259306907654	0.5188552141189575	0.44167056679725647	0.40797343850135803	0.3788682222366333	0.20975683629512787	1.7875306606292725	1.6372697353363037	1.5587360858917236	0.29130420088768005	0.3728727400302887	0.17329373955726624	0.695264458656311	0.29059404134750366	0.6065108180046082	0.6781999468803406	0.3347356617450714	0.43872934579849243	1.2504442930221558	0.29005786776542664	0.7351020574569702	0.5251293778419495	0.3437202572822571	0.3436926305294037	0.030084213241934776	0.31027424335479736	0.18773601949214935	1.1177823543548584	0.5135685801506042	0.5494175553321838	0.2558578550815582	0.6146058440208435	1.2372422218322754	0.7738529443740845	0.5041700601577759	0.8011265993118286	0.5073143243789673	0.785285472869873	0.3087918758392334	0.30724093317985535	0.5500347018241882	0.30132442712783813	0.9478825330734253	0.18234731256961823	0.7656136155128479	0.7077646255493164	0.2852497100830078	0.38511621952056885	0.2747088074684143	0.812385082244873	0.11929585039615631	0.21280352771282196	0.8938810229301453	0.457023561000824	0.3393349349498749	0.501466691493988	0.8528946042060852	0.23356381058692932	0.9937552809715271	0.561703622341156	0.750340461730957	0.45336997509002686	0.4726787805557251	0.6173375248908997	0.5097076892852783	1.295492172241211	0.35575199127197266	0.6276996731758118	0.047775473445653915	0.5542240142822266	0.8094122409820557	0.31566134095191956	0.8359842300415039	0.39506685733795166	0.4420938491821289	0.12068925052881241	0.3669513463973999	0.4814167022705078	0.33851882815361023	0.7666592597961426	0.4323168396949768	0.15580493211746216	0.9930114150047302	0.38962116837501526	0.12350516021251678	0.4015500545501709	0.7008121609687805	0.28386154770851135	0.5750150680541992	0.6304942965507507	0.28322386741638184	0.2102815806865692	0.19084323942661285	0.5331950783729553	0.2297729104757309	0.5003890991210938	1.8469113111495972	0.0914391428232193	0.6467658877372742	0.04008568078279495	0.7044355869293213	0.6156386733055115	0.7991015911102295	0.8134030699729919	0.4117436408996582	0.26269564032554626	0.8952870965003967	0.44009390473365784	0.7666773796081543	0.9552016258239746	0.9596703052520752	0.6366954445838928	0.3118074834346771	0.23711448907852173	0.6438727974891663	0.03688352555036545	0.6644880771636963	0.2880248725414276	0.4927760362625122	0.3719165325164795	0.41881000995635986	0.691365122795105	0.22265298664569855	0.2810766398906708	0.8369984030723572	0.4505634605884552	0.7416103482246399	1.0756654739379883	0.9202967286109924	0.7962098717689514	0.8532491326332092	1.243679165840149	0.41584163904190063	0.6136103868484497	0.42370885610580444	0.37059709429740906	0.3813663721084595	0.5070353150367737	0.8209829330444336	0.058664701879024506	0.19679777324199677	0.1446925848722458	0.4353545904159546	0.22943317890167236	0.14889103174209595	0.18941207230091095	0.6612369418144226	0.4140881896018982	0.1567055583000183	0.6268273591995239	0.6241359114646912	1.0103905200958252	0.03228354826569557	0.39686229825019836	0.35533565282821655	0.5550838708877563	0.18023695051670074	0.7207282781600952	0.6161896586418152	0.4226023256778717	0.6902369260787964	0.1288754642009735	1.1578269004821777	0.3001473546028137	1.2243164777755737	0.23687873780727386	0.04820454865694046	0.48967817425727844	0.46677595376968384	0.5242084264755249	0.7703990340232849	0.4119147062301636	0.30284583568573	0.6395142078399658	0.32440343499183655	0.3277372717857361	0.6772796511650085	0.32407012581825256	0.8820178508758545	0.30059918761253357	0.5662586092948914	0.6913232207298279	1.4551883935928345	0.46879521012306213	0.3807361423969269	0.2295912206172943	0.0918097123503685	0.9447886943817139	0.4986476004123688	0.6184617877006531	0.09521554410457611	0.40549319982528687	1.0570259094238281	0.8725548386573792	0.6635172367095947	0.36068999767303467	0.9727495908737183	0.5689536929130554	0.5152475237846375	0.4928624927997589	0.6819145083427429	0.48567134141921997	1.350212574005127	1.055557370185852	0.33290016651153564	0.23848384618759155	0.6754767298698425	0.6514286994934082	0.1789950579404831	0.24968375265598297	0.062448859214782715	0.5133095383644104	0.29521751403808594	0.5276251435279846	0.49097928404808044	0.32360559701919556	0.3119954764842987	0.6008758544921875	0.10958786308765411	0.16535010933876038	0.5802503228187561	0.6567249298095703	0.4374403953552246	0.8391947150230408	0.8037705421447754	0.16289520263671875	0.37102463841438293	1.3131394386291504	0.2215747982263565	0.471447229385376	0.8129218816757202	0.8565932512283325	0.6227618455886841	0.22998371720314026	0.2433444708585739	0.558281421661377	0.18411558866500854	0.32074400782585144	0.021299749612808228	0.3864244818687439	1.064651608467102	1.4435274600982666	0.47342583537101746	0.1596834510564804	0.40994948148727417	1.0545971393585205	0.3819722533226013	0.6677870750427246	0.11501215398311615	0.3545134365558624	0.5345393419265747	0.22387975454330444	1.222762107849121	0.8294526934623718	0.3982235789299011	0.5470641851425171	0.6182585954666138	0.3948267698287964	0.1754661202430725	0.36582282185554504	0.28142601251602173	0.6334911584854126	0.8665094971656799	0.9377762079238892	0.13964657485485077	0.9073569774627686	0.20860928297042847	0.8654681444168091	0.3487502932548523	0.8764546513557434	0.8517873883247375	0.050713203847408295	0.95714271068573	0.5727599263191223	1.0057700872421265	0.3962670862674713	0.750725507736206	1.4932066202163696	0.5757868885993958	0.20615918934345245	1.4430606365203857	0.9476299285888672	0.3447631001472473	0.45218050479888916	1.2204471826553345	0.9337566494941711	0.2599802315235138	0.4567958116531372	0.3231733441352844	0.20347917079925537	0.6874201893806458	0.7076564431190491	0.8976296186447144	0.39333727955818176	0.4086568057537079	0.7896345853805542	0.7142150402069092	0.5307847857475281	0.33903345465660095	0.6988418698310852	0.6707522869110107	0.3659973740577698	0.5473640561103821	0.46638360619544983	0.5521888136863708	0.9248431324958801	0.32941657304763794	0.4281662106513977	0.4066847562789917	0.7340019941329956	0.8786883354187012	0.83486008644104	0.31797879934310913	0.23897206783294678	0.9272904992103577	0.6424502730369568	0.15429289638996124	0.4597683548927307	0.45919492840766907	0.030111171305179596	0.5894824266433716	0.5164499282836914	0.3121183514595032	0.5327480435371399	0.23846641182899475	0.2876526117324829	0.5318085551261902	0.11635087430477142	0.25269535183906555	0.6872732043266296	1.08904230594635	0.37926363945007324	1.1012150049209595	0.8711373209953308	0.5113702416419983	0.25699520111083984	0.6974881291389465	0.29829561710357666	0.35954320430755615	0.5280691385269165	0.6408364772796631	0.5857095718383789	1.2068582773208618	0.8564065098762512	0.4650384783744812	0.3964318037033081	0.6182962656021118	0.26214030385017395	0.2636457681655884	0.6627776622772217	0.3594323992729187	0.6021331548690796	0.48400068283081055	0.39311742782592773	0.6091557145118713	0.3882073163986206	0.7672557830810547	0.2526727318763733	0.42185503244400024	0.8098816871643066	0.6576892137527466	0.45502668619155884	0.8978291749954224	0.35326746106147766	0.5310213565826416	0.49861013889312744	0.7156115174293518	0.18927425146102905	1.2224502563476562	0.5666011571884155	1.1197189092636108	0.5207891464233398	0.3970774710178375	0.8946032524108887	0.5867089629173279	0.39564234018325806	0.9052609801292419	0.48031049966812134	0.5383385419845581	0.3458995819091797	0.7811132669448853	0.6131047010421753	0.6128513216972351	0.2150738388299942	0.204585000872612	0.7773420810699463	0.4823077321052551	0.8204128742218018	0.23779885470867157	1.0880839824676514	0.24554961919784546	0.6235980987548828	0.2554694414138794	0.6605337858200073	1.4589283466339111	0.5210745334625244	0.3104478716850281	0.3437172472476959	1.3370065689086914	0.34858211874961853	1.125080943107605	0.9077398180961609	0.546850323677063	1.2979942560195923	0.16661766171455383	0.8930308222770691	0.09207092225551605	0.8768305778503418	0.9846172332763672	0.3575097322463989	0.24485358595848083	0.5219387412071228	1.0016868114471436	0.18883521854877472	0.9959624409675598	0.7557632923126221	0.500095546245575	0.8060194253921509	0.4568198323249817	0.4359435737133026	0.4734155237674713	0.7560640573501587	0.37160542607307434	0.24980613589286804	0.3599976897239685	0.6895804405212402	0.5238572955131531	0.31884920597076416	0.5363795757293701	0.4876093864440918	0.13198322057724	0.7985332012176514	0.48836827278137207	0.46130502223968506	1.224839448928833	0.35474923253059387	0.7894294857978821	0.1303650587797165	0.23112940788269043	0.7219347953796387	0.683789074420929	0.8070703744888306	0.06477318704128265	0.3010365068912506	0.63580322265625	0.1028183251619339	0.3214211165904999	0.7565799951553345	1.1873092651367188	0.974319338798523	0.25038760900497437	0.28501957654953003	0.49097520112991333	0.675970196723938	0.19228214025497437	0.8004847168922424	0.4021807610988617	0.3513964116573334	0.8050560355186462	0.7567049860954285	0.16021639108657837	0.1489437073469162	0.3923891484737396	1.2485625743865967	0.11975446343421936	0.31198975443840027	0.2068466693162918	0.7090571522712708	0.13826096057891846	0.13440047204494476	0.23006810247898102	0.6531497240066528	0.7376970052719116	0.17859959602355957	0.3811042010784149	0.6515272259712219	0.5193254947662354	0.9773111343383789	0.4780040383338928	1.073824405670166	0.3802925646305084	0.19346866011619568	1.0843638181686401	0.5368859171867371	0.23981265723705292	0.525936484336853	1.0375298261642456	0.22276882827281952	0.3649255037307739	0.22560450434684753	0.6549099683761597	0.813318133354187	0.13162881135940552	0.7305254340171814	0.3870885670185089	0.6256822347640991	0.5152901411056519	1.0190447568893433	1.1133222579956055	0.6672897338867188	0.47908562421798706	0.3418210446834564	0.5910831093788147	0.09927155077457428	0.29823315143585205	0.6334025263786316	1.6442370414733887	0.18640589714050293	0.06242487207055092	0.4969768822193146	0.31719231605529785	0.3830012381076813	0.5180058479309082	0.3479595184326172	0.46560174226760864	0.2400931715965271	0.633176863193512	0.47410133481025696	0.2422483265399933	0.5026921629905701	0.4787067472934723	0.23015621304512024	0.1495082825422287	0.458842009305954	0.9457672834396362	1.0178093910217285	0.11919674277305603	0.6312426328659058	1.2251967191696167	0.1543685793876648	0.9062754511833191	1.2290446758270264	0.43151378631591797	0.5203264951705933	0.24072587490081787	0.9047669172286987	0.6181412935256958	1.190083384513855	0.31318551301956177	0.542236864566803	0.4951673448085785	0.7205378413200378	0.1902582049369812	0.4168342053890228	0.3824329078197479	0.8070694208145142	0.4183000326156616	0.3814825117588043	0.31121957302093506	0.13218426704406738	0.49852946400642395	0.49552205204963684	0.34394654631614685	0.8412297964096069	0.2928115725517273	0.7146201729774475	0.6476238369941711	0.13692937791347504	0.9697492718696594	0.22198812663555145	0.3560168445110321	0.8348364233970642	0.30895909667015076	0.31620466709136963	0.3969190716743469	0.7407591938972473	0.4883115291595459	0.4537903964519501	0.5258312821388245	0.16028881072998047	0.5442354083061218	0.25162336230278015	0.3121718168258667	0.8925498127937317	0.21950553357601166	1.0765795707702637	0.44205716252326965	0.16230130195617676	0.3767256736755371	0.5300121307373047	0.8639510869979858	0.42627495527267456	0.3845389187335968	0.3554954528808594	0.49313250184059143	0.5210521221160889	1.259159803390503	1.0548704862594604	0.10990474373102188	0.41666144132614136	0.907970130443573	0.5837668180465698	0.52187180519104	0.9909886717796326	0.3124232292175293	0.6516030430793762	0.8256885409355164	0.5372440814971924	0.006288127973675728	0.7272107601165771	0.2195817530155182	0.7499346733093262	0.6906468272209167	0.512303352355957	0.3290885090827942	0.36654672026634216	0.24922817945480347	0.22484466433525085	0.3600867688655853	0.24898399412631989	0.07277311384677887	0.17994505167007446	1.3314567804336548	1.2239333391189575	0.4613580107688904	0.35188400745391846	0.10478533804416656	0.5873094797134399	0.3196239173412323	0.8016980886459351	0.218992680311203	0.7206992506980896	0.49916473031044006	1.1366455554962158	0.9361777901649475	0.4348565638065338	0.5409592390060425	1.2079863548278809	0.613967776298523	0.26529067754745483	0.5638067722320557	0.28648841381073	0.4447759985923767	0.02612786926329136	0.878420352935791	0.9807795286178589	0.7161062359809875	0.5876511335372925	0.19030620157718658	0.553780198097229	1.1764155626296997	1.0858750343322754	0.860152006149292	0.4703086018562317	0.31264597177505493	0.4860294461250305	1.1825506687164307	0.6340143084526062	0.8919736742973328	0.4923252463340759	0.5695513486862183	1.116206169128418	0.8761493563652039	0.4054099917411804	0.5467677712440491	0.044976070523262024	0.4588700532913208	0.48032936453819275	0.39142748713493347	0.2148154079914093	1.3128845691680908	0.2485489696264267	0.756647527217865	0.9547117948532104	0.4395577013492584	0.4835752844810486	0.44308847188949585	0.5237477421760559	0.7281465530395508	0.2561110854148865	0.27442455291748047	0.489350825548172	0.35445114970207214	0.9461564421653748	0.5976491570472717	0.512790322303772	0.09517677128314972	0.4258376657962799	0.8746991157531738	0.3029511570930481	0.6291574835777283	0.8868439793586731	0.5537826418876648	0.21880926191806793	0.6899017691612244	0.5619944930076599	0.23721325397491455	0.6043121814727783	0.24150776863098145	0.2998037338256836	0.5040275454521179	0.13806045055389404	0.05733590945601463	0.9580063223838806	0.02629237063229084	0.3028997480869293	0.9139679670333862	0.3828177750110626	0.2928869128227234	0.1342620700597763	0.8790332078933716	0.16187375783920288	0.848300576210022	0.8229368925094604	0.6208795309066772	0.28245916962623596	1.2904936075210571	0.8690743446350098	0.14561212062835693	0.6207805275917053	0.24786415696144104	0.586624026298523	0.4245383143424988	0.18581238389015198	0.452779620885849	0.2539708614349365	0.6461235880851746	0.24677415192127228	0.23343731462955475	0.4180660843849182	0.5089649558067322	1.0982571840286255	1.035658836364746	0.5205689072608948	0.4540509581565857	0.5219318866729736	0.3362276256084442	0.20877456665039062	0.8741273880004883	0.9984040260314941	0.20668649673461914	0.9280859231948853	0.4846450090408325	0.1858891397714615	0.49950075149536133	0.4127601087093353	0.49867725372314453	0.6808046698570251	0.04037991538643837	0.16043031215667725	0.7871413230895996	0.5913461446762085	0.26974886655807495	0.4063372015953064	1.309717059135437	0.7687078714370728	0.047528624534606934	0.8770440220832825	0.8879252672195435	0.33025410771369934	0.6676360368728638	0.4188644289970398	0.3072969317436218	0.4135814905166626	0.12238513678312302	0.4655897915363312	1.009320855140686	0.6185594797134399	0.1547635942697525	0.14673009514808655	0.31450116634368896	0.5380158424377441	0.3557085394859314	0.8146395683288574	0.21028979122638702	0.7265868186950684	0.4811513423919678	0.00791711825877428	0.6808774471282959	0.49712783098220825	0.01516817882657051	0.9187424182891846	0.0918874517083168	0.567413330078125	0.40390288829803467	0.4235389828681946	0.5360764265060425	0.5901346206665039	0.37943965196609497	0.6185604333877563	0.9397323131561279	0.18750110268592834	0.6842291355133057	0.23504674434661865	0.2408635914325714	0.24763475358486176	1.0743550062179565	0.2342866063117981	0.17573797702789307	0.07064748555421829	1.234749674797058	0.5948590040206909	0.39486637711524963	0.11993200331926346	1.3577886819839478	0.9425568580627441	0.2890470623970032	0.5197808742523193	0.9833942651748657	1.1200803518295288	0.4428017735481262	0.12731751799583435	1.2132776975631714	0.9072855114936829	0.788581907749176	0.9677213430404663	0.527610719203949	0.5140079259872437	0.3353976011276245	0.8145783543586731	0.7576505541801453	0.4961000680923462	0.20649144053459167	0.3766188323497772	0.8807446956634521	1.0561528205871582	0.4470391869544983	0.44433265924453735	0.6044454574584961	0.4883566200733185	0.476433664560318	0.6277351379394531	0.2231147140264511	1.0035277605056763	0.9602286219596863	0.1541561633348465	0.3484135568141937	0.4398868978023529	0.38062721490859985	0.6429493427276611	0.29995518922805786
0.7960300445556641	0.6255925893783569	0.22882896661758423	0.06673488020896912	0.9522315859794617	0.3734779357910156	0.6587986946105957	0.13778835535049438	0.07348645478487015	0.09694771468639374	1.463777780532837	1.0017542839050293	0.274849534034729	0.36045151948928833	0.2287357747554779	0.7737486362457275	0.13965094089508057	0.263926237821579	0.3515377640724182	0.2103785276412964	0.2707778513431549	0.30579206347465515	1.0063261985778809	0.7083646059036255	0.23284733295440674	0.4346913695335388	0.6586170196533203	0.5088810920715332	0.38608288764953613	0.5248733758926392	0.8821191787719727	0.3163571059703827	0.5836323499679565	0.3725060820579529	0.6134896278381348	0.30414238572120667	0.3061623275279999	0.4077269434928894	0.5584301352500916	0.21627944707870483	0.39610421657562256	1.1774684190750122	0.6707932353019714	0.33543506264686584	0.5123105645179749	1.298327088356018	0.3889753520488739	0.26221391558647156	0.4129612147808075	0.27621251344680786	0.782004177570343	0.5099861025810242	0.37155789136886597	0.5676161646842957	0.37979790568351746	0.5585517883300781	0.6174522638320923	1.5055873394012451	0.7750536799430847	1.1263397932052612	0.4575749933719635	1.1020901203155518	0.030367199331521988	0.4738208055496216	0.7120651006698608	0.6324634552001953	0.3517363369464874	0.5238949656486511	0.3862212300300598	0.722554624080658	0.3803781569004059	0.16999860107898712	1.6244667768478394	1.6331552267074585	0.24693523347377777	0.6079376935958862	0.2412603497505188	0.4297015070915222	0.4158332943916321	0.8153032660484314	1.0474631786346436	0.9153676629066467	0.5293877124786377	0.1678161919116974	0.6431247591972351	0.44799134135246277	0.5440948605537415	0.4132291376590729	0.9113388657569885	0.42438873648643494	0.6261275410652161	0.6140730381011963	0.48387765884399414	0.3618423044681549	0.5367028713226318	1.3185577392578125	1.1630659103393555	0.4116829037666321	0.5041419267654419	0.7895402312278748	0.6787055730819702	1.413822889328003	0.8923177123069763	0.04380291700363159	0.26545506715774536	1.0392205715179443	0.8936285972595215	0.1939186453819275	1.2202436923980713	0.21664321422576904	0.43357062339782715	1.5759875774383545	0.552952766418457	0.5509821176528931	0.058944251388311386	0.43309950828552246	0.46311116218566895	0.7928589582443237	0.043362054973840714	0.9007667899131775	0.8123137354850769	0.4844832420349121	1.2978346347808838	0.9772261381149292	0.6826575398445129	0.2730028033256531	0.25874778628349304	0.5264191031455994	0.670316755771637	1.5927460193634033	0.38166898488998413	0.9561469554901123	0.36113685369491577	0.36871591210365295	0.49207645654678345	0.12258359044790268	0.7871613502502441	0.3738355040550232	0.18772216141223907	0.4248409867286682	0.5001195073127747	0.18771892786026	0.03189527243375778	0.38594573736190796	0.6748571395874023	1.2177786827087402	0.9825970530509949	0.814649760723114	0.8440213203430176	0.6322308778762817	0.7377346158027649	0.42258501052856445	0.22786128520965576	1.1511425971984863	0.4059087634086609	0.6077219247817993	0.43005236983299255	0.43116870522499084	0.2346118986606598	0.23135912418365479	0.6603485941886902	0.6565683484077454	0.6066984534263611	0.44400104880332947	0.17801135778427124	0.6751260757446289	0.6465597748756409	0.16806386411190033	1.2842496633529663	0.7768505811691284	0.5770766139030457	0.27629661560058594	0.8882074952125549	0.5749428272247314	0.4296100437641144	0.29731693863868713	0.48830199241638184	1.1148674488067627	0.17076942324638367	0.197335347533226	0.6530264616012573	0.7519242763519287	0.09835933148860931	0.7626057863235474	0.36197617650032043	0.05347266420722008	0.5200249552726746	0.10080110281705856	1.1629523038864136	0.6498923301696777	0.426273375749588	0.13967667520046234	0.06335047632455826	0.5218809247016907	0.427508145570755	0.6869496703147888	0.0007573916227556765	0.20909830927848816	0.9199295043945312	0.7114571332931519	0.8698445558547974	0.2772727608680725	0.29933038353919983	0.23893609642982483	0.9388930797576904	0.723229169845581	0.21444107592105865	0.7494175434112549	0.0	0.6265766024589539	0.6838667988777161	0.45955783128738403	0.4033515453338623	0.7234426736831665	0.9173639416694641	0.7672864198684692	0.7926124930381775	0.01233736239373684	0.6693435907363892	0.017831385135650635	0.9137343168258667	0.504069447517395	0.5305745005607605	0.5389114022254944	0.6738458275794983	0.1590767353773117	0.7310216426849365	0.4620301127433777	0.33114805817604065	0.7088334560394287	0.5660360455513	0.3754575252532959	0.4437454342842102	0.04547465592622757	0.3616626262664795	0.6789708137512207	0.30451905727386475	0.5496580004692078	0.3155675530433655	0.2710345387458801	0.3840683400630951	0.5118653178215027	0.7324482798576355	0.609300971031189	0.6357053518295288	0.44480010867118835	0.6822113394737244	0.6726943254470825	0.1988755762577057	0.4549185037612915	0.8485353589057922	0.253522127866745	0.7289481163024902	0.4145793318748474	0.19293104112148285	1.3004347085952759	0.3904818594455719	0.5986071825027466	0.3944372534751892	0.4710927903652191	0.7037705779075623	1.2026047706604004	0.4620557129383087	0.3491824269294739	0.6133440732955933	0.22535410523414612	0.43177589774131775	0.2942236661911011	0.6271097660064697	0.3382287323474884	0.4823712408542633	0.7924061417579651	0.8476935625076294	0.10225700587034225	0.073333241045475	0.2350662350654602	0.12599878013134003	0.26848503947257996	0.5198526382446289	1.0885769128799438	0.7564583420753479	0.09275296330451965	0.5158786177635193	0.3167903423309326	0.381944477558136	1.1480464935302734	0.2858140170574188	0.5986124873161316	1.1925145387649536	0.5691544413566589	0.8755839467048645	0.6025935411453247	0.4864778518676758	0.27168357372283936	0.48776161670684814	0.9840162396430969	1.204712986946106	0.5342827439308167	0.8628386855125427	0.31711238622665405	0.16752296686172485	0.676277220249176	1.0346155166625977	0.44137388467788696	0.4372095465660095	0.25597909092903137	0.8604119420051575	1.117932677268982	0.42794615030288696	0.10103106498718262	0.8469696044921875	1.1433217525482178	0.4669817388057709	0.15672260522842407	0.02812153473496437	0.7817879319190979	0.35558071732521057	0.34692248702049255	0.6616801619529724	1.1384408473968506	1.1271452903747559	0.8328946232795715	0.6236366629600525	0.6281822323799133	0.5751375555992126	0.6130954027175903	0.5955340266227722	1.3014674186706543	0.6287446022033691	0.9113301038742065	0.709621787071228	0.45781567692756653	0.3181721270084381	0.5282522439956665	0.0314202718436718	0.32161983847618103	1.0656380653381348	0.5375877618789673	0.4272296726703644	0.447033166885376	0.356113076210022	0.5020965933799744	0.28675344586372375	0.45547062158584595	0.8146118521690369	0.3335568606853485	0.21905192732810974	0.2000007927417755	0.46887141466140747	0.3701630234718323	0.08165167272090912	0.1732393205165863	0.3135833740234375	1.1057159900665283	1.3431681394577026	0.280864953994751	0.7482637763023376	0.37970954179763794	0.3233920931816101	0.8686834573745728	1.8052223920822144	0.18749487400054932	0.4630220830440521	0.3571546673774719	0.8821677565574646	0.92735755443573	0.9444735646247864	1.3785569667816162	0.7105609774589539	0.3285945951938629	0.5816308259963989	0.7237812280654907	0.5137597322463989	0.2753984332084656	0.5827805995941162	0.2089940905570984	1.3216984272003174	0.6244922876358032	0.9336735010147095	0.04444251209497452	0.6444061994552612	0.5866093635559082	1.046981692314148	0.33157551288604736	0.48172491788864136	0.6117802858352661	0.19440966844558716	0.25981783866882324	0.37252143025398254	0.363594114780426	0.12292768806219101	0.9941822290420532	0.25261181592941284	0.7556168437004089	0.5615953207015991	0.8339551687240601	0.7803216576576233	0.29897159337997437	1.0579382181167603	0.5316482782363892	0.38327866792678833	1.0947657823562622	0.7598974108695984	1.102679967880249	0.5734922289848328	0.6220475435256958	0.501713752746582	0.8261260986328125	0.5283851027488708	0.27806445956230164	1.085598349571228	0.448591947555542	0.6260526180267334	0.24104367196559906	0.6725501418113708	0.10087959468364716	0.7061024308204651	0.09092065691947937	0.798739492893219	0.2677847146987915	0.5289516448974609	0.865563154220581	0.590137243270874	0.5160841345787048	0.42857077717781067	0.5339024662971497	0.19122439622879028	1.0072190761566162	0.8694747686386108	0.9136570692062378	0.06706498563289642	1.263890266418457	0.5202926397323608	0.3521355092525482	0.5636188983917236	0.380933940410614	0.4765004515647888	0.4579471945762634	0.171339750289917	0.2673415541648865	1.1615242958068848	0.36920371651649475	0.1057109385728836	0.34358853101730347	0.4416062533855438	0.7201324701309204	1.4074172973632812	0.6516212224960327	1.0225428342819214	0.8645004630088806	0.4340416193008423	0.39953339099884033	1.5753885507583618	0.851904571056366	0.4176608920097351	0.27417147159576416	0.7047462463378906	0.3461586833000183	0.4957815706729889	0.6643648743629456	1.0054922103881836	0.3391273021697998	0.2062813639640808	1.2404279708862305	0.9577962756156921	1.056754231452942	0.3193143606185913	0.3176870048046112	0.7853257656097412	0.7638246417045593	0.4569700360298157	0.20558276772499084	0.02383771724998951	0.2868750989437103	0.7887378931045532	0.750529944896698	0.7129725813865662	0.8791365027427673	0.3336665630340576	0.4347759485244751	1.1304064989089966	0.4003468155860901	0.6141471266746521	1.4120539426803589	1.304688811302185	0.2424345314502716	0.8145168423652649	0.07669112086296082	0.7417248487472534	0.44406718015670776	0.651628315448761	0.2329842746257782	0.5808168053627014	0.37590891122817993	0.9507289528846741	0.7994040250778198	0.28443920612335205	0.25858816504478455	0.3218786418437958	0.6478992700576782	0.5379840731620789	0.5934282541275024	0.7518948316574097	0.1633368581533432	0.6729430556297302	0.6296340823173523	0.08492700755596161	0.7524232864379883	0.739940881729126	0.2740253210067749	0.3184190094470978	0.02318386919796467	0.490805059671402	1.6124696731567383	0.18283990025520325	0.3249143660068512	0.32388171553611755	0.7272624373435974	0.7351037859916687	0.1989789456129074	0.5017784237861633	0.9892544746398926	0.08576697111129761	0.6748365163803101	0.23399293422698975	0.6072602868080139	0.28088587522506714	0.6575939059257507	1.0566504001617432	0.9302237629890442	0.0	0.1042037084698677	0.9043420553207397	0.4562011957168579	0.4705921411514282	0.2595564126968384	0.23526820540428162	0.4383988678455353	0.31787046790122986	0.43812939524650574	0.8714151978492737	0.23214787244796753	0.39893054962158203	0.3381132185459137	0.4514640271663666	1.177873134613037	0.6334112286567688	0.47048863768577576	0.6006952524185181	1.0420143604278564	0.0	0.7492115497589111	0.24198320508003235	0.5295107960700989	0.47436651587486267	0.7942984104156494	0.9352785348892212	0.5886256098747253	0.8154797554016113	0.5765761733055115	0.6700950860977173	0.15354175865650177	0.28975215554237366	0.0641062781214714	0.8015112280845642	0.5163654088973999	0.5800015330314636	0.3929632902145386	0.7693055868148804	0.8937327861785889	1.5195939540863037	0.8855940103530884	0.004855416715145111	0.8705446124076843	0.5686814785003662	0.4014727771282196	0.4388558268547058	0.304093599319458	0.20433489978313446	0.20407803356647491	0.2545739710330963	0.40101897716522217	0.16772763431072235	0.5172901749610901	0.5448228716850281	0.41929304599761963	0.19407595694065094	0.026799499988555908	0.26334571838378906	0.7404347658157349	0.5009302496910095	0.7952152490615845	0.3694416880607605	0.9748309254646301	0.8936105370521545	0.8370223045349121	0.9893536567687988	0.5065391659736633	0.6103741526603699	0.4971011281013489	0.5378884077072144	1.207194447517395	0.31642410159111023	0.8412699699401855	0.8691704273223877	0.6808763146400452	0.47491005063056946	0.44889408349990845	0.07458095997571945	1.0018572807312012	0.3431698977947235	0.5126291513442993	1.3290765285491943	0.7210670113563538	0.7118567824363708	0.0552852638065815	0.20490656793117523	0.3499857485294342	0.0	0.9369792938232422	0.3246648907661438	0.5046969652175903	0.8571844100952148	0.24728472530841827	0.2979314625263214	0.27867528796195984	0.623577356338501	0.047003909945487976	0.8938225507736206	0.5102351307868958	0.8534553647041321	0.24676841497421265	0.4424607753753662	0.258966326713562	0.7893373370170593	0.3023640513420105	0.9260353446006775	1.151814579963684	0.251519113779068	0.2921350300312042	0.5247476100921631	0.2814335823059082	0.028680462390184402	0.881105899810791	0.05715687572956085	0.7617990374565125	0.3785635530948639	0.7346330881118774	0.6180704236030579	0.1947992593050003	0.7539271712303162	0.5803090333938599	0.25449588894844055	0.4940057396888733	0.27910318970680237	0.6292628049850464	0.38974207639694214	0.8986301422119141	1.5906304121017456	0.14047479629516602	0.26884281635284424	0.8310362696647644	0.27594777941703796	0.5826002359390259	0.30825167894363403	0.2280203402042389	0.5120837688446045	0.7021941542625427	0.7828917503356934	0.4018692076206207	0.2313215583562851	0.40180274844169617	0.24634818732738495	1.3287233114242554	0.5805776715278625	0.9812737107276917	0.16036157310009003	0.8634349703788757	0.008560862392187119	0.3710803985595703	0.2912282347679138	0.5368022322654724	0.7846723794937134	0.6779255867004395	0.8510433435440063	0.688937783241272	0.3617505431175232	0.7635512948036194	0.7113103270530701	0.4068618416786194	1.3178706169128418	0.5024424195289612	1.280888319015503	0.4616662263870239	0.2930273711681366	1.5643799304962158	0.6124818325042725	0.5640233755111694	0.997407853603363	0.6384426355361938	0.490134060382843	0.28031694889068604	0.24515549838542938	0.3201400637626648	0.399004727602005	0.16886894404888153	0.45735082030296326	0.6090295910835266	0.07634581625461578	0.1661505103111267	0.27400413155555725	0.8098175525665283	0.054432980716228485	0.6145530343055725	0.3634783923625946	0.4164712429046631	0.538117527961731	0.4659176170825958	0.009352954104542732	0.9123766422271729	0.2672649621963501	0.36217501759529114	0.4853733777999878	0.6952872276306152	0.6221072673797607	0.3754516541957855	0.25481459498405457	0.22895072400569916	0.2599406838417053	0.36650702357292175	0.3699694275856018	0.5727373957633972	0.33991166949272156	0.9341901540756226	0.2379257082939148	0.1932617425918579	0.3419462740421295	0.2682255804538727	0.793729305267334	0.2796884775161743	0.22798965871334076	0.35126829147338867	0.18433499336242676	0.9637452363967896	0.2794766426086426	0.5009443759918213	0.419235497713089	0.8071864247322083	0.44338369369506836	0.10406450182199478	0.31998807191848755	0.09218668937683105	0.3263658285140991	0.14889495074748993	0.43830037117004395	0.9417538046836853	0.5606143474578857	0.24357202649116516	0.3823228180408478	1.191945195198059	1.0689383745193481	0.3541848063468933	0.13153128325939178	0.6041409969329834	0.381572425365448	0.23470869660377502	0.01927822455763817	0.5348771810531616	0.7276076078414917	0.4534114897251129	0.42946547269821167	1.1253257989883423	0.4819996654987335	0.816582202911377	0.22589083015918732	0.8401097059249878	0.8750253915786743	0.30981767177581787	0.24449367821216583	0.19036267697811127	1.0798413753509521	0.3332828879356384	0.4960242211818695	0.5617684721946716	0.2527310848236084	0.46540123224258423	0.24088674783706665	0.584077775478363	0.46100786328315735	0.626221239566803	1.0278339385986328	0.4887346625328064	0.633062481880188	0.6775087118148804	0.286735475063324	0.4761159420013428	0.27904385328292847	0.8524349331855774	0.2623054087162018	0.7372186779975891	0.8052406311035156	0.2803504467010498	1.0330935716629028	0.4732978940010071	0.40016084909439087	0.6528241634368896	0.4036398231983185	0.6957008242607117	0.02641262114048004	0.561072051525116	0.1895049810409546	0.6746073961257935	0.5057815909385681	0.6268885731697083	0.022452017292380333	0.47757554054260254	0.8402963876724243	0.02601306140422821	0.2585541307926178	0.6185576319694519	0.5496030449867249	0.3336600065231323	0.25868698954582214	0.8401029706001282	0.694816529750824	1.0072407722473145	0.9163365364074707	0.24508507549762726	0.046851787716150284	0.5947299003601074	0.4060819447040558	0.16114549338817596	0.9963993430137634	0.1384575068950653	0.6470595598220825	0.4484195411205292	0.42413434386253357	0.1931684911251068	0.520426332950592	1.0431262254714966	0.5762984752655029	0.3681391179561615	0.4801861345767975	0.4716207683086395	0.9523822069168091	0.8365364670753479	0.20669057965278625	0.6056145429611206	0.7560449838638306	0.4968903362751007	0.26681843400001526	0.85364830493927	1.2003295421600342	0.2625981569290161	0.9729832410812378	0.5885562896728516	0.17096096277236938	0.20860305428504944	1.0615074634552002	0.32071495056152344	0.7156363129615784	0.18334978818893433	0.4614558219909668	0.2411036491394043	0.4083447754383087	0.383347749710083	0.46454206109046936	0.23255860805511475	0.3954601585865021	0.9927557110786438	1.0236384868621826	0.852972149848938	0.576775074005127	1.4395723342895508	0.35434192419052124	0.669369101524353	0.5244142413139343	0.4743233323097229	0.660511314868927	0.44863370060920715	0.9100227355957031	0.49009257555007935	0.9602816104888916	0.5336782932281494	0.23182371258735657	0.6652811765670776	0.7022030353546143	0.32638537883758545	0.9181016087532043	0.7394641041755676	0.7364072203636169	0.6731232404708862	0.591330349445343	0.36571332812309265	0.7984052896499634	0.5179853439331055	0.16486433148384094	0.06610085070133209	1.2451286315917969	0.5723628997802734	1.2443989515304565	0.18126679956912994	0.5923479199409485	0.5533428192138672	0.8089454770088196	0.26100069284439087	0.2577028274536133	0.4856281280517578	0.25252068042755127	0.504722535610199	0.5029478669166565	0.5489349961280823	0.1408768594264984	0.1845473051071167	0.44926363229751587	0.1948881894350052	0.9039358496665955	0.10345320403575897	0.3823794424533844	1.0413700342178345	0.28116482496261597	0.45318537950515747	1.269356608390808	0.2011512815952301	0.028998777270317078	0.4019964635372162	0.1842535138130188	0.12788066267967224	0.2935885488986969	0.48857706785202026	0.7674850821495056	0.023249439895153046	0.5287214517593384	0.1708587408065796	0.1995997428894043	0.26561516523361206	0.4996390640735626	0.17164847254753113	0.153829887509346	0.5972583293914795	0.3956179916858673	0.5560092329978943	0.5234552025794983	0.03173382952809334	0.31059151887893677	0.09413199126720428	0.6613004803657532	0.619220495223999	0.4343525469303131	0.4608200490474701	1.0841987133026123	0.6104115843772888	1.2209522724151611	0.6209219098091125	0.11986766755580902	0.5639153122901917	0.8672914505004883	0.43117755651474	0.7314525842666626	0.9305424690246582	0.37099263072013855	0.06916734576225281	0.7242797017097473	0.8486419320106506	0.3127742409706116	0.8138935565948486	0.3862535357475281	0.38485777378082275	1.195939302444458	0.4295442998409271	0.3355909585952759	0.4024968445301056	0.4389941096305847	0.2540226876735687	0.7097894549369812	1.0461957454681396	1.0712627172470093	0.5110206604003906	0.11058063805103302	0.2187620997428894	0.09859567135572433	0.4170454740524292	0.1519157439470291	0.2854946553707123	0.24658174812793732	0.29556477069854736	0.7985263466835022	1.2202974557876587	1.1269736289978027	0.9106726050376892	0.3976812958717346	1.3493882417678833	0.6165949106216431	0.6229723691940308	0.004836256615817547	0.5605420470237732	0.5011784434318542	0.7640746831893921	0.2697983384132385	0.3358079791069031	0.5318347811698914	0.5857262015342712	0.21196019649505615	0.650678813457489	0.4381665289402008	0.26380476355552673	0.9710702896118164	0.6102193593978882	0.6424201726913452	0.4296324849128723	0.639011800289154	0.6180934906005859	0.16857104003429413	0.2758356034755707	0.34211382269859314	1.3827309608459473	0.34468263387680054	1.3321735858917236	0.8359035849571228	1.1242070198059082	0.6580749154090881	0.38371801376342773	0.14146025478839874	0.14673113822937012	0.3721545338630676	0.02036278136074543	0.27606239914894104	0.8160657286643982	0.46028777956962585	0.1905222237110138	0.0	0.5222731828689575	1.0502910614013672	1.0895519256591797	0.44970273971557617	0.6031984090805054	0.3143880367279053	0.07767371088266373	0.3539520502090454	0.4025248885154724	0.9422372579574585	0.1918962150812149	0.7275048494338989	0.9969069957733154	0.5254358053207397	0.688428521156311	0.7878008484840393	0.040196508169174194	0.26876935362815857	1.084261417388916	0.7430959939956665	0.6035125255584717	0.1468370407819748	0.18788424134254456	0.37901416420936584	0.5010590553283691	0.5792251825332642	1.0058631896972656	0.9090161323547363	0.2615881562232971	0.41846612095832825	0.3295278549194336	0.5981808304786682	0.7802081108093262	0.7795233726501465	0.47019869089126587	0.1614493578672409	0.9266546964645386	0.23411564528942108	0.9602088928222656	0.6941630244255066	0.5225031971931458	1.0410970449447632	0.3410720229148865	0.5614571571350098	1.3363423347473145	1.6318352222442627	0.6918694376945496	0.30663061141967773	0.3454476594924927	0.3601694405078888	0.43048954010009766	0.06285196542739868	0.42987126111984253	0.8513092398643494	0.5334447026252747	0.6753979921340942	1.2050312757492065	0.7285338044166565	0.30165815353393555	0.29322436451911926	0.7864634990692139	0.21563862264156342	0.5248352885246277	0.6902245879173279	0.5329167246818542	1.0858197212219238	0.17383131384849548	0.27555012702941895	0.9013149738311768	1.0404834747314453	0.7420233488082886	1.1464807987213135	1.4387489557266235	0.05281439423561096	0.7608038187026978	0.44427675008773804	0.019324511289596558	0.39719557762145996	0.8393375873565674	0.6398270130157471	0.2399042546749115	0.4372118413448334	0.4855756461620331	0.0653165876865387	0.3377588093280792	0.45368528366088867	0.4544318914413452	1.3226404190063477	0.4081116318702698	1.3435251712799072	0.22852098941802979	0.5795680284500122	0.4497425854206085	0.27934736013412476	0.2554294466972351	0.42326849699020386	1.3333312273025513	0.36611607670783997	0.1618928462266922	0.155808687210083	0.22358988225460052	0.04958520829677582	0.5040281414985657	0.3205924928188324	0.1820647120475769	0.16373033821582794	0.8336772322654724	0.21805794537067413	1.2006890773773193	0.4116710424423218	0.46890589594841003	0.18608325719833374	1.3754386901855469	0.22849050164222717	0.27749142050743103	0.6843269467353821	0.5433610081672668	0.31582963466644287	0.985872745513916	0.5661807656288147	0.34529247879981995	0.6549739837646484	0.12202515453100204	0.3562515079975128	0.6108560562133789	0.5752956867218018	1.2585573196411133	0.922356903553009	1.1066771745681763	0.011789249256253242	0.276205837726593	0.5047532916069031	0.7258627414703369	0.8632227182388306	0.8041485548019409	1.0277578830718994	0.21062470972537994	1.2372158765792847	0.3023158609867096	0.5452377796173096	0.14975374937057495	1.218040943145752	0.4101748466491699	0.5485693216323853	0.7753334045410156	0.3578796088695526	0.5618168711662292	0.7326074838638306	0.3847621977329254	0.6155824065208435	0.29614198207855225	0.4756305515766144	0.4360223412513733	0.6172206997871399	0.5443463325500488	1.2282912731170654	0.2549327611923218	0.5332037806510925	1.1202201843261719	0.7256537675857544	0.8558657169342041	0.300325870513916	0.5458349585533142	0.3198627233505249	0.695679783821106	0.5183595418930054	0.6588913202285767	0.7916651964187622	0.6696373820304871	0.7999393343925476	0.6278473734855652	0.7217502593994141	1.1260828971862793	0.5426667332649231	0.30848243832588196	0.6858372688293457	0.5896068811416626	0.4141838848590851	0.8770134449005127	0.41424182057380676	0.6402979493141174	0.29738757014274597	0.9221236109733582	0.4789794087409973	0.2510613203048706	0.7328135371208191	0.6349310278892517	0.5269047617912292	0.6815782785415649	0.5268104076385498	0.44475996494293213	0.43574386835098267	1.0147340297698975	0.18772178888320923	0.6531153321266174	0.9432393908500671	1.1768916845321655	0.1581478863954544	0.6994121670722961	0.23717325925827026	0.39157503843307495	0.3729135990142822	0.060795627534389496	0.7230081558227539	0.10647178441286087	0.3746715188026428	0.018866779282689095	0.8260067701339722	1.0455424785614014	0.8608243465423584	0.08848147094249725	0.26377928256988525	0.8529332876205444	0.14947769045829773	0.24434706568717957	0.5754086971282959	0.373137503862381	0.4762786328792572	1.343522548675537	0.1937399059534073	0.5352277755737305	1.1595946550369263	0.5278303027153015	1.1384376287460327	0.4193211793899536	0.2813539206981659	0.3432930111885071	0.10267570614814758	1.1214599609375	0.54438316822052	0.7074273228645325	1.1186617612838745	0.26851367950439453	0.23091906309127808	0.3343507945537567	0.4188026189804077	0.4590017795562744	0.3294530510902405	0.08812272548675537	0.7276458144187927	1.0701621770858765	0.4463033378124237	0.4207299053668976	1.1557557582855225	0.47501230239868164	0.2601870894432068	0.06933144479990005	0.42223361134529114	0.6237167716026306	0.34227028489112854	0.3881726562976837	0.372239887714386	0.508001983165741	0.19658425450325012	0.015238940715789795	0.4917490780353546	0.3088260591030121	0.9554822444915771	0.22876013815402985	0.46200668811798096	0.30975401401519775	0.11252878606319427	0.241266131401062	1.2383968830108643	0.40913960337638855	0.9310660362243652	0.5954362154006958	0.1202588602900505	0.3086605668067932	0.35799267888069153	0.015605177730321884	0.2422519475221634	0.585591197013855	0.3575335741043091	0.7809134721755981	0.6029778718948364	0.2515200078487396	0.1449052095413208	0.400752454996109	0.87067711353302	0.18332652747631073	0.5836510062217712	1.4437189102172852	0.9176907539367676	0.680938184261322	0.12142500281333923	0.4367481768131256	0.43553468585014343	0.0	0.9403021931648254	0.7858828902244568	1.0503942966461182	0.36691218614578247	0.6418566107749939	0.374248206615448	0.042166873812675476	0.3874932527542114	0.3391217589378357	0.7038875818252563	0.4103240668773651	0.7730840444564819	1.0641419887542725	0.23044182360172272	0.4799971878528595	0.21691077947616577	0.5048646330833435	0.06399372220039368	0.8929272890090942	0.2690499424934387	0.2494937926530838	0.6700876951217651	1.247453212738037	0.3094761371612549	0.43755435943603516	0.39350950717926025	0.35690486431121826	0.9280046820640564	1.1900734901428223	1.197619915008545	0.7647123336791992	0.22488991916179657	0.2777416408061981	0.34298598766326904	0.4432489573955536	0.5133103132247925	0.24295437335968018	0.7749335169792175	0.49982839822769165	0.6017192602157593	0.974484920501709	0.12371378391981125	0.7314332723617554	1.070566177368164	0.2108580768108368	0.18675589561462402	0.2402026206254959	0.42362672090530396	0.9578917026519775	0.5701379179954529	0.18281370401382446	0.34733545780181885	0.501828670501709	1.0065752267837524	0.8276054263114929	0.5638863444328308	0.12396500259637833	0.3823138177394867	0.07320860773324966	0.08052410185337067	0.3280106484889984	0.9217401146888733	1.3828939199447632	0.33523353934288025	0.4954209327697754	0.46938422322273254	0.7878268957138062	0.8050108551979065	0.18558217585086823	0.6364123225212097	0.4347861409187317	1.7320520877838135	0.5076425075531006	0.32154521346092224	1.0880825519561768	1.0041533708572388	0.4164546728134155	0.2919786870479584	0.34137555956840515	0.2257482409477234	1.4034212827682495	0.7009983658790588	0.47417449951171875	0.5067702531814575	1.114357590675354	0.2870637774467468	0.11746116727590561	0.5890322327613831	0.4731149673461914	0.1359255462884903	0.9369989037513733	0.44333523511886597	0.4306337237358093	0.9760097861289978	0.3795579671859741	0.43565091490745544	0.35813090205192566	0.35060781240463257	0.49847859144210815	1.5637686252593994	0.22150787711143494	0.22292745113372803	0.22667378187179565	0.2809794545173645	0.565941572189331	0.024694468826055527	0.2719360888004303	0.4565950334072113	0.38435670733451843	0.3816542327404022	0.004688560962677002	0.4596860408782959	0.5294833779335022	0.41313743591308594	0.5843349099159241	0.849479079246521	0.9353653788566589	0.8611190319061279	0.7709364295005798	0.8047096133232117	0.7088360786437988	0.7248790860176086	1.0589150190353394	0.3183937966823578	0.5271709561347961	0.7525913119316101	0.4566374719142914	0.7668932676315308	1.107699990272522	0.7953556776046753	0.5885556936264038	1.0787250995635986	0.5908194780349731	0.3105829656124115	0.4371964633464813	0.9129759073257446	0.42764753103256226	0.6407290697097778	0.142983078956604	0.582319438457489	1.40509831905365	0.2906803786754608	1.038563847541809	0.43760064244270325	0.6958658695220947	0.9897510409355164	0.3393784761428833	0.21611133217811584	0.18884199857711792	1.159279704093933	0.36244601011276245	0.49949926137924194	0.4501726031303406	0.11037135124206543	0.28730422258377075	0.10197985172271729	0.5853250026702881	0.5402393937110901	0.08067283034324646	1.1404390335083008	0.6325337886810303	0.6306177973747253	0.9194990396499634	0.6094725131988525	0.28214821219444275	0.4352518916130066	0.4044877886772156	1.3484498262405396	0.5017712712287903	0.09898760914802551	0.5546486377716064	1.0385926961898804	0.36493122577667236	0.3147163987159729	0.9667738676071167	0.6891493797302246	0.6310303211212158	1.1710875034332275	0.39443889260292053	0.25462520122528076	0.7978389859199524	0.2657662034034729	1.0801568031311035	0.4229821264743805	0.29946136474609375	0.7062972187995911	0.30698662996292114	0.8708307147026062	1.1139360666275024	1.0541683435440063	0.7904809713363647	0.29377201199531555	0.9615134000778198	0.3195517361164093	0.6496055722236633	0.2547626197338104	0.658467710018158	0.5150468945503235	0.6369428038597107	0.38410040736198425	0.2677121162414551	0.3434444069862366	0.8815250396728516	0.49628520011901855	0.4854063093662262	0.7045042514801025	0.3220621943473816	0.305205374956131	0.5191705226898193	0.577167272567749	0.5905126929283142	0.9148698449134827	0.302795946598053	0.7192307114601135	0.22202536463737488	0.022304261103272438	0.22625777125358582	0.7382635474205017	0.23138535022735596	0.4332801103591919	0.8238945603370667	0.336509644985199	0.8960176706314087	0.48966366052627563	0.057878896594047546	0.6070451736450195	0.5829032063484192	1.1369097232818604	0.7030113935470581	0.5156569480895996	1.3040701150894165	0.7413535714149475	0.568539023399353	0.9119927883148193	0.8377419710159302	0.26122039556503296	0.7974708080291748	0.9113426804542542	0.31491339206695557	1.0609430074691772	1.0629955530166626	0.24206708371639252	0.8172095417976379	0.4255759119987488	0.20428235828876495	0.2675955295562744	0.6276617050170898	0.33764857053756714	0.6589636206626892	0.4575066566467285	0.3551444709300995	0.5879429578781128	0.1345166265964508	0.6415139436721802	0.7232901453971863	0.8133514523506165	0.13939431309700012	0.28477033972740173	0.2602505087852478	0.8417476415634155	0.29823365807533264	0.407046377658844	0.5730227828025818	0.733781635761261	0.49296602606773376	1.328719139099121	0.39239227771759033	0.16336452960968018	0.15099744498729706	0.6278958320617676	0.36988547444343567	0.5599701404571533	0.5545486807823181	0.37789395451545715	0.2807290256023407	0.6064572334289551	0.23954129219055176	0.7428434491157532	0.7076327204704285	0.5727390050888062	1.055425763130188	0.4861079454421997	0.9655616283416748	0.27088049054145813	0.5751649737358093	0.1478111296892166	0.1433526575565338	0.20821711421012878	0.1774699091911316	0.8122099041938782	1.0220338106155396	0.9477033019065857	0.7227675318717957	0.5244875550270081	0.4546257257461548	0.09062317758798599	1.1658326387405396	0.13199743628501892	0.6418429613113403	0.4750570058822632	0.8675168752670288	0.719678521156311	0.03034297749400139	0.8095378875732422	0.5186537504196167	0.5589947700500488	0.33137285709381104	0.7317453622817993	0.5494470596313477	0.8631190657615662	0.2818456292152405	0.9299443364143372	0.0909663662314415	0.5474830269813538	0.31739553809165955	0.3901786804199219	0.6705615520477295	0.6784993410110474	1.322908878326416	0.3651040494441986	0.3102063238620758	0.3898015320301056	0.6185432076454163	0.13844823837280273	0.22964200377464294	0.8492346405982971	0.2859346568584442	0.3434918522834778	0.14005231857299805	0.09602721035480499	0.6125050783157349	1.2076029777526855	0.386650025844574	0.061180755496025085	0.1941622644662857	0.17590047419071198	0.8755451440811157	0.4964679479598999	0.2802310883998871	0.5698389410972595	0.45194634795188904	0.4630655348300934	1.2658847570419312	0.7914795279502869	0.46790221333503723	0.5345609188079834	0.4542224109172821	0.8233546018600464	0.6693153381347656	0.5634918212890625	0.8685792684555054	0.2769562304019928	0.3820660710334778	0.13277462124824524	0.6990436315536499	0.7529876828193665	0.9317894577980042	0.18309560418128967	0.4631241261959076	1.874947428703308	0.2296229749917984	0.11389108002185822	0.6555441617965698	0.7745369672775269	0.22579804062843323	0.4321426749229431	0.14071917533874512	0.256509393453598	0.6179038882255554	1.0674145221710205	0.07548928260803223	0.339608758687973	0.4915322959423065	0.7463019490242004	0.8043530583381653	1.4758881330490112	0.6449447274208069	0.5512086749076843	0.6476502418518066	0.894841730594635	0.4820293188095093	0.5716676712036133	0.7657178640365601	0.7462950944900513	0.4407319128513336	0.32935771346092224	0.04706753045320511	0.06370661407709122	0.49656108021736145	0.5441458821296692	1.2413274049758911	0.3097594976425171	0.37954187393188477	0.5845815539360046	0.5241777896881104	0.5391578674316406	0.5296852588653564	0.5711037516593933	0.274617075920105	0.5047198534011841	1.2399101257324219	0.80376797914505	0.6018596887588501	1.339594841003418	0.16309697926044464	0.7767438888549805	0.5342133045196533	0.4404611885547638	0.5734654664993286	0.5487810373306274	1.418473720550537	0.08362611383199692	0.22576558589935303	0.23497426509857178	0.4017038345336914	0.549116313457489	0.47938841581344604	0.34742119908332825	0.15980307757854462	0.23525512218475342	0.9993528127670288	0.33033329248428345	0.6936836838722229	0.32084113359451294	0.5655972957611084	0.05776980146765709	0.1616733968257904	0.09239383041858673	1.172225832939148	0.8765778541564941	1.0434168577194214	0.0774512067437172	0.3110135793685913	0.7467979788780212	0.2841612696647644	0.04232998192310333	0.25107884407043457	0.3777143657207489	0.5187945365905762	0.1910325437784195	0.2583906948566437	0.4117119610309601	0.9374868273735046	0.4753665328025818	0.4001656770706177	0.598342776298523	0.7837425470352173	1.0562230348587036	0.4329797923564911	0.9516804814338684	0.517106294631958	0.2339426726102829	0.5737747550010681	0.6641574501991272	0.8164967894554138	0.5435000658035278	0.46386954188346863	0.5722287893295288	1.0258232355117798	0.43600621819496155	0.23986990749835968	1.1416189670562744	0.7200134992599487	0.4093910753726959	0.49993228912353516	0.0546114556491375	0.8798975348472595	0.04686649888753891	0.6094515919685364	1.2362334728240967	0.03567235916852951	0.7318421006202698	0.23898866772651672	0.6498061418533325	0.209096297621727	0.5144570469856262	1.141494631767273	0.757168173789978	0.5567966103553772	1.1396679878234863	0.3291325867176056	0.33483293652534485	0.7874318361282349	0.944344699382782	1.3823331594467163	0.32740235328674316	0.47667646408081055	0.4372938573360443	0.2160186469554901	0.07507635653018951	0.25455713272094727	0.5239074230194092	0.8033974170684814	0.0	0.4592200517654419	0.5223858952522278	0.7467818260192871	0.19844788312911987	1.0343235731124878	0.4291086494922638	0.019364729523658752	0.057039447128772736	0.35485756397247314	0.4585780203342438	0.19055262207984924	0.4458763301372528	0.1452549248933792	0.5646654963493347	0.6606543064117432	1.1467108726501465	0.7012319564819336	0.08122341334819794	0.6966378688812256	1.1987755298614502	1.2108489274978638	0.26015928387641907	0.8302364945411682	0.3492294251918793	0.501017689704895	0.47981148958206177	0.07438892126083374	0.4701978862285614	0.0	0.3688039183616638	0.2385753095149994	0.9895992279052734	0.2384137362241745	0.4454537332057953	0.5046525597572327	0.7626510262489319	0.4638383388519287	0.43550264835357666	0.579514741897583	0.31416863203048706	0.16792449355125427	0.30560433864593506	0.058293163776397705	1.7040680646896362	1.3107235431671143	0.10146473348140717	0.43010833859443665	0.8131375312805176	1.12855064868927	0.15252317488193512	0.4646938443183899	0.678159773349762	0.9727070331573486	0.9218419194221497	0.5129117369651794	0.8854489922523499	0.6223908066749573	0.6726083755493164	0.4303334355354309	0.5482625365257263	1.251368522644043	0.5472270846366882	0.5513308644294739	0.8891388177871704	0.711668074131012	0.7423349618911743	1.0784516334533691	0.3490380048751831	0.2385673075914383	0.48934316635131836	0.6760068535804749	0.6455221772193909	0.18853966891765594	0.47727495431900024	0.25408563017845154	0.1750497967004776	0.28347277641296387	0.6689258813858032	0.12828747928142548	1.0111346244812012	0.7337343096733093	0.4731563329696655	0.9037524461746216	0.5292879939079285	0.18381503224372864	0.7325195074081421	0.33559417724609375	0.21508967876434326	0.7095130085945129	0.9189124703407288	0.27428188920021057	0.2886408567428589	0.34420162439346313	1.2068941593170166	0.3111702799797058	0.3970447778701782	0.9110137224197388	1.0179126262664795	0.5937326550483704	1.0028793811798096	0.4552461504936218	0.42206183075904846	0.3538740277290344	0.0881449282169342	0.4625047743320465	0.08808111399412155	0.4102373421192169	0.22620512545108795	0.4084882140159607	0.2536222040653229	0.7916262745857239	0.1319369673728943	0.6696944236755371	0.649553656578064	0.5872612595558167	0.4652198255062103	1.1460585594177246	1.1603689193725586	0.5922452211380005	0.6713165044784546	0.6573367118835449	0.49368226528167725	0.5952615141868591	0.09854277968406677	0.3281189501285553	0.8444792032241821	0.7141050696372986	0.6695978045463562	0.09111522138118744	0.7874948382377625	0.4537544846534729	0.11932983994483948	1.3261053562164307	0.22913384437561035	0.874387264251709	0.43117690086364746	0.20982317626476288	0.6896142959594727	0.2551942467689514	0.2366344928741455	0.42820239067077637	0.8306982517242432	1.013210654258728	0.8150559663772583	0.23112164437770844	1.091253638267517	0.009430225007236004	0.4385392367839813	0.7225306034088135	0.13312625885009766	1.3311046361923218	0.5461537837982178	0.819312572479248	0.6105093955993652	0.595523476600647	0.40203168988227844	0.4496489465236664	0.3886280655860901	0.5175493359565735	0.8357601761817932	0.7033545970916748	0.11893963068723679	0.70548415184021	0.3412448465824127	0.3152446448802948	0.4848693609237671	0.8229522109031677	0.781847357749939	0.515223503112793	0.5631877779960632	0.0	0.4449446201324463	0.6573504209518433	0.916974663734436	0.946716845035553	0.1973271369934082	0.41652634739875793	0.2201661914587021	0.9087334871292114	0.541152834892273	0.5271668434143066	0.2747139036655426	0.33009812235832214	0.6340638399124146	0.5171230435371399	0.4462694823741913	0.36577051877975464	0.46371617913246155	0.6436236500740051	0.8218039274215698	0.6149529218673706	0.8879498243331909	1.4494129419326782	0.09276364743709564	0.5267358422279358	0.4028615355491638	0.09105780720710754	1.1720999479293823	1.0516960620880127	0.42950570583343506	0.7188451886177063	1.0998234748840332	1.2203402519226074	0.4985470175743103	0.34046056866645813	0.41822996735572815	0.47831302881240845	0.5819126963615417	1.2344523668289185	0.2843635082244873	1.1614514589309692	0.3443913161754608	0.608303427696228	0.6306013464927673	0.5229132175445557	0.5494680404663086	0.23578236997127533	0.11336420476436615	0.8951756954193115	0.6307193040847778	0.0899914801120758	0.6706224083900452	0.40380632877349854	0.5113629698753357	0.3166254162788391	0.3732474446296692	1.1433322429656982	1.052931308746338	0.5907799005508423	0.3407638967037201	0.5066469311714172	0.5899779200553894	0.706700325012207	0.19994817674160004
1.0435348749160767	0.8895576596260071	0.9595269560813904	0.08600746095180511	0.20240910351276398	0.4932842552661896	0.6111621260643005	0.4519824981689453	0.5206899046897888	0.22752727568149567	0.2076471596956253	0.19570744037628174	0.8477720618247986	0.41166093945503235	0.35929110646247864	0.2483164668083191	0.5238733887672424	0.2784426808357239	1.1500084400177002	0.3744580149650574	0.43393445014953613	0.29477155208587646	0.2909477651119232	0.2953203022480011	0.27612125873565674	0.4266253411769867	0.5022958517074585	1.0269733667373657	0.29240882396698	0.4869355261325836	0.9715324640274048	0.6790686845779419	0.3571247458457947	0.14852553606033325	0.29920077323913574	0.7883379459381104	0.3935133218765259	0.41839247941970825	0.49907028675079346	0.5991345643997192	0.19782894849777222	1.0911508798599243	0.5832089185714722	0.4788759648799896	0.1722167432308197	0.3301924765110016	0.43377214670181274	0.4096094071865082	0.5329914093017578	0.8479957580566406	1.1540032625198364	0.7340555787086487	0.7680147290229797	0.4606173038482666	0.26995328068733215	0.29742565751075745	0.6969572901725769	0.11880914866924286	0.363899827003479	0.17858551442623138	0.20681244134902954	0.4840756952762604	0.9060857892036438	0.892166256904602	0.4474201500415802	0.48403480648994446	1.1451971530914307	0.256009966135025	0.5301687717437744	0.6651822328567505	0.35248205065727234	0.26358163356781006	1.377347707748413	0.770119309425354	0.29348456859588623	0.029557008296251297	0.9346089363098145	0.3474881052970886	1.2525315284729004	0.9771310687065125	0.6022593975067139	0.3834190368652344	0.4521135985851288	0.47061797976493835	0.515975832939148	0.3676232099533081	0.6369924545288086	1.0831336975097656	0.7212538719177246	0.2158430516719818	0.12829041481018066	0.5928197503089905	0.01751887984573841	0.7153987884521484	0.18230073153972626	0.36222195625305176	0.60257887840271	0.31916436553001404	0.4038345515727997	0.06937775015830994	0.1483849138021469	0.9118289351463318	0.683506965637207	0.6961236000061035	0.6104813814163208	1.086545705795288	0.6455673575401306	0.4689280688762665	0.5184992551803589	0.3542461693286896	0.7381458282470703	0.42944765090942383	1.1716744899749756	0.4668937027454376	0.5800336003303528	0.4427271783351898	0.3039594888687134	0.7208040356636047	1.5730535984039307	0.8331111073493958	0.4215608835220337	0.4793623387813568	1.2341340780258179	0.6072409749031067	1.2771002054214478	0.4222643971443176	0.27043935656547546	0.36006882786750793	0.4423716068267822	0.527458131313324	0.8464679718017578	0.633718729019165	0.5254566073417664	0.23078912496566772	0.636650025844574	0.7260835766792297	0.39955854415893555	0.40842577815055847	0.322944313287735	0.5954089164733887	0.3722726106643677	0.05878457427024841	0.4797581434249878	0.4767366051673889	0.8081066012382507	1.3789353370666504	1.3684523105621338	0.138906329870224	0.42477381229400635	0.7897721529006958	0.6671485304832458	0.1870006024837494	0.11673086881637573	0.9232233166694641	0.45926085114479065	0.22005635499954224	0.3551045060157776	0.2906098961830139	0.2739761471748352	0.4857657849788666	0.7660617828369141	0.9195692539215088	0.4116241931915283	0.387075275182724	0.3545251786708832	0.5001689195632935	0.1533907800912857	0.36418819427490234	1.756508469581604	0.4109390079975128	0.5806731581687927	0.7084174156188965	0.12584847211837769	0.9913004040718079	0.40766093134880066	0.22828426957130432	0.3789079487323761	0.6535696983337402	0.45152831077575684	0.22273755073547363	0.29002657532691956	0.6365085244178772	0.45061761140823364	0.4277018904685974	0.2716737985610962	0.9971539974212646	0.30117326974868774	0.3064765930175781	1.028120994567871	0.6996548175811768	0.552472710609436	0.3486635982990265	0.4755176901817322	0.5142660140991211	0.583678126335144	0.9640873670578003	0.6781498193740845	0.10198621451854706	0.5069363117218018	0.5434356927871704	0.7067524194717407	0.6859570741653442	0.8598166704177856	0.3368387818336487	0.9013640284538269	1.0924185514450073	0.5642344355583191	0.6703270077705383	0.6661756634712219	0.4769786298274994	0.26480504870414734	0.4962066411972046	0.380723237991333	0.49979859590530396	0.557510495185852	0.7754945158958435	0.6331337094306946	0.6382476091384888	0.7999303340911865	0.40360379219055176	0.5795236229896545	0.5893998146057129	0.7120925188064575	0.5787141919136047	0.3339766561985016	0.42763495445251465	0.7984838485717773	0.6149945855140686	0.24462607502937317	1.2980546951293945	0.5593869686126709	0.4253309667110443	0.17150399088859558	1.0689446926116943	0.4176865220069885	0.4805993437767029	0.1447029560804367	0.5923817753791809	0.8541357517242432	0.24140550196170807	0.606934130191803	0.29281914234161377	0.19935792684555054	0.5319369435310364	0.5867586135864258	0.48206979036331177	1.0718721151351929	0.7151546478271484	0.2383289784193039	1.1035988330841064	0.574179470539093	0.593267560005188	0.4811209738254547	0.32165318727493286	0.27361443638801575	0.30037209391593933	0.5179019570350647	0.6818518042564392	1.5218580961227417	0.42728766798973083	0.7036075592041016	0.977801501750946	0.4423190951347351	0.8868433833122253	0.458371639251709	0.433660626411438	0.904526948928833	0.2722357511520386	0.4313788115978241	0.5800060033798218	0.6701477766036987	0.7505870461463928	0.8134069442749023	0.8487066626548767	0.6584420204162598	0.19150497019290924	0.8920741677284241	1.2904161214828491	0.38241177797317505	0.2078685611486435	0.6313421726226807	0.7133875489234924	0.6846544146537781	0.2793847620487213	0.9104719161987305	0.5642163157463074	0.38230419158935547	0.22906184196472168	1.4221088886260986	0.5119285583496094	0.4236425757408142	0.6055427193641663	0.4632831811904907	0.37267327308654785	0.6821370124816895	1.2716047763824463	0.6629838347434998	0.4341544508934021	0.5701022148132324	0.46170857548713684	0.278276652097702	0.33205726742744446	0.5609150528907776	0.6951308250427246	0.4489139914512634	0.19789689779281616	0.11230609565973282	0.46755531430244446	0.45320457220077515	0.4008367657661438	0.49020814895629883	0.3909545838832855	0.7800111770629883	0.603434681892395	0.8805649280548096	1.6311801671981812	0.28983238339424133	0.13130119442939758	0.5535475015640259	0.024211803451180458	0.7011661529541016	0.2844701111316681	0.6210907697677612	0.39346224069595337	1.0478460788726807	0.33994153141975403	0.24127927422523499	1.1653746366500854	0.7270265221595764	0.452808141708374	0.5120261311531067	0.2773512899875641	0.20072276890277863	0.5182308554649353	0.030133677646517754	0.7405040264129639	0.30588090419769287	0.44932347536087036	0.3625519275665283	0.6945333480834961	0.1870352029800415	0.523770809173584	0.40618765354156494	0.31339937448501587	0.2875359356403351	0.6126792430877686	0.49614208936691284	0.32925620675086975	0.9439621567726135	0.25047290325164795	0.5465545654296875	0.3501139283180237	0.10406685620546341	1.2837765216827393	0.9327808618545532	0.2936440706253052	0.3336893618106842	0.58453369140625	0.4310643970966339	0.7862144708633423	0.7622926235198975	0.34109586477279663	0.32755181193351746	0.40577876567840576	1.3369547128677368	0.9010312557220459	1.2620186805725098	0.6127756237983704	0.7570768594741821	0.21355825662612915	0.6631577014923096	0.08493323624134064	0.5793625712394714	0.5907153487205505	0.31507179141044617	0.7273598313331604	0.7744562029838562	0.3379887044429779	0.8579241633415222	0.40382349491119385	0.8042992353439331	0.854424774646759	0.5631848573684692	0.36074355244636536	0.5040878653526306	0.3618897795677185	1.0385769605636597	0.4795016646385193	0.22652596235275269	0.3562345504760742	0.6899951696395874	0.7192682027816772	0.3377767503261566	0.5066115856170654	0.5647995471954346	0.3373502790927887	0.43859848380088806	0.44426509737968445	1.5150811672210693	0.8224024772644043	0.3210952877998352	0.52110755443573	0.2789038419723511	0.6965321898460388	0.3294910192489624	0.4887598156929016	0.6910052299499512	0.6143720149993896	0.6404516100883484	0.32035142183303833	1.41619873046875	0.4157940149307251	0.1774625927209854	0.24416950345039368	0.5104591846466064	0.6113326549530029	0.5626378059387207	0.7608479857444763	0.8356900811195374	0.7323140501976013	0.4135555624961853	0.4866662919521332	0.6086602210998535	0.3330329656600952	0.39206749200820923	0.4379884600639343	0.5558024048805237	0.48691096901893616	0.8987358808517456	1.2785019874572754	0.2437708079814911	0.6603958606719971	0.3153282403945923	0.47708046436309814	0.26579707860946655	0.6593925356864929	0.4247894287109375	0.2566366493701935	0.47631967067718506	0.4098193347454071	0.35656052827835083	1.0536715984344482	1.0655711889266968	0.7664665579795837	0.2540030777454376	0.3505637049674988	0.2761770188808441	0.4798349142074585	0.522879421710968	0.47102090716362	0.2612076699733734	0.2732677459716797	1.2203422784805298	0.4498235285282135	0.7247200608253479	0.31181058287620544	0.3018858730792999	0.23219816386699677	0.4026566743850708	0.5227528214454651	0.7378861904144287	0.43595004081726074	0.16495151817798615	1.4719598293304443	0.9810888767242432	0.42763566970825195	0.49326157569885254	0.4786522090435028	0.43580806255340576	0.6639109253883362	0.47373905777931213	0.3648720383644104	0.7748349905014038	0.5582282543182373	0.4561714828014374	0.5953787565231323	0.8820425271987915	0.43864744901657104	0.31649309396743774	0.7694530487060547	0.6984465718269348	0.21930469572544098	0.6346265077590942	0.646530032157898	1.4947876930236816	0.9290961623191833	0.7548128366470337	0.9013742804527283	0.6080914735794067	0.22334979474544525	0.35990485548973083	0.3501747250556946	0.7723135948181152	0.39808306097984314	0.3586718440055847	0.6183937788009644	0.310272753238678	0.2684425711631775	0.16188251972198486	1.1656005382537842	0.16152144968509674	0.4041926860809326	0.4480532705783844	0.2968260645866394	0.7060198187828064	0.5018449425697327	0.36711564660072327	0.33695030212402344	0.5925433039665222	0.13614420592784882	0.36873316764831543	0.6458753943443298	0.6652415990829468	0.45927000045776367	0.21951714158058167	0.40908002853393555	0.42762887477874756	0.5296722650527954	0.5309789180755615	0.6792027950286865	0.4053712785243988	1.7940542697906494	0.8422060608863831	0.8718553781509399	0.2715729773044586	0.1630590260028839	0.7260476350784302	0.8067417740821838	0.47070878744125366	0.6853787899017334	0.3168586194515228	0.4063429534435272	0.7290388941764832	0.24878908693790436	0.7053756713867188	0.29221785068511963	0.42611879110336304	0.21411266922950745	0.4602048099040985	0.6523793935775757	0.8563539981842041	0.46941250562667847	0.12133754789829254	0.4720757305622101	0.4524538815021515	1.2841618061065674	0.887856125831604	0.21883772313594818	0.6627823114395142	0.11484107375144958	0.5355581045150757	0.7736135721206665	0.30684006214141846	0.5884560346603394	0.3778437674045563	0.6977075338363647	0.5477403998374939	0.7065529823303223	0.595594584941864	0.4621242582798004	0.4519708454608917	0.8514381051063538	0.4385797381401062	0.3015970289707184	0.38762471079826355	0.168458491563797	0.6619465351104736	0.23755289614200592	0.4024255573749542	0.7261810898780823	0.7364176511764526	1.3747568130493164	0.21972526609897614	1.4147980213165283	0.5241464376449585	0.420137882232666	0.06941236555576324	0.26424717903137207	0.5776950120925903	0.4761812388896942	0.560756504535675	0.7608258128166199	0.6495872139930725	0.48528480529785156	0.5541290044784546	0.38034987449645996	0.48307573795318604	0.7799230217933655	0.11612334847450256	0.8046702742576599	0.4773080348968506	0.9955024123191833	0.5170347690582275	0.6619274616241455	0.3557043671607971	0.753524899482727	1.441033124923706	0.309232622385025	0.4846916198730469	0.38292813301086426	0.13610756397247314	0.8008108735084534	0.42424657940864563	0.6601254343986511	1.2115342617034912	0.4339728057384491	0.6630816459655762	0.5310555696487427	0.18915162980556488	0.9507254362106323	0.15116392076015472	0.3091941177845001	0.3824889659881592	0.16610556840896606	0.3789655864238739	0.4631069004535675	0.2506905794143677	0.5796362161636353	0.4294654428958893	0.26475968956947327	0.37564608454704285	0.4656454920768738	0.5214491486549377	0.9419311881065369	0.29824116826057434	0.2293756753206253	0.31062471866607666	0.38204339146614075	0.4175425171852112	0.9241370558738708	0.6646983623504639	0.1646919846534729	0.218769371509552	1.4122282266616821	0.4981819689273834	0.38748130202293396	0.6647717356681824	0.08225994557142258	0.2275267243385315	0.5752087831497192	0.43991753458976746	0.3702087700366974	0.4445754289627075	0.40584489703178406	0.8540135025978088	0.42451751232147217	0.40769362449645996	0.7668008804321289	0.06357309967279434	0.8848791718482971	0.5815140604972839	0.3180380165576935	0.4013611674308777	0.5293430685997009	0.6716347932815552	0.2645542323589325	0.18158841133117676	0.6751852035522461	0.48576703667640686	0.2368645817041397	0.39239221811294556	0.2987389862537384	0.15008167922496796	0.5707786083221436	0.46213194727897644	0.8667776584625244	0.9203428030014038	0.5489487648010254	0.25682830810546875	0.46752625703811646	0.21665047109127045	0.30222541093826294	0.5427587628364563	0.32634422183036804	0.6286719441413879	1.235546588897705	0.0	0.4728485941886902	1.5234930515289307	0.17977973818778992	0.27303174138069153	0.4207817316055298	1.0245033502578735	0.4471105635166168	0.7718446850776672	0.6591559052467346	0.6446605920791626	0.585323691368103	0.563742995262146	0.3274020254611969	1.0652177333831787	0.4295925796031952	1.0366501808166504	0.5518669486045837	0.32188552618026733	0.42780736088752747	0.3996535837650299	0.47505804896354675	0.37852680683135986	0.7034125328063965	0.3084051012992859	0.8659428358078003	0.29220500588417053	0.2617141604423523	0.35134994983673096	0.22952286899089813	0.3248652219772339	0.6657249927520752	0.3334291875362396	0.9290679693222046	0.24342131614685059	0.6238301396369934	1.2922120094299316	0.330759733915329	0.6090628504753113	0.5264801383018494	0.660757303237915	0.807713508605957	0.4588734209537506	1.1398309469223022	0.8436200618743896	0.635620653629303	0.9111893773078918	0.5870883464813232	0.718466579914093	0.43426910042762756	0.34306082129478455	0.39966243505477905	0.1952926069498062	0.660743236541748	0.6213964819908142	0.9110435247421265	0.3307558298110962	0.606834888458252	1.278442621231079	0.2902209758758545	0.5040680766105652	0.3962838053703308	0.348156213760376	0.29384493827819824	0.5050380229949951	1.1063991785049438	0.9421362280845642	0.8007321357727051	0.6516101956367493	0.7500839829444885	0.45146438479423523	0.5705884695053101	0.7627179622650146	0.9489017128944397	0.6496796011924744	0.3861064314842224	0.3870762884616852	0.12132325768470764	0.27721309661865234	0.6484496593475342	0.7625738382339478	0.1834501475095749	0.8764883875846863	1.0646438598632812	0.8796135187149048	0.3127608001232147	0.10080091655254364	0.4532214105129242	0.4933044910430908	0.2946617007255554	0.35245949029922485	0.45227983593940735	0.29265299439430237	0.2497493326663971	0.438455194234848	0.8630956411361694	0.7164151072502136	0.5423877239227295	0.33954015374183655	0.3772001564502716	0.7170666456222534	0.42806586623191833	0.21356716752052307	0.45288193225860596	0.9010836482048035	0.2132159322500229	0.9990460872650146	0.3017478287220001	0.3394904136657715	0.6328791379928589	0.42812252044677734	0.36721423268318176	0.18905916810035706	0.18100927770137787	0.8546951413154602	0.4983844459056854	0.6793893575668335	0.7554903030395508	0.39046186208724976	0.2514097988605499	0.6664490699768066	0.8612463474273682	0.46049964427948	0.5443257689476013	0.46501705050468445	0.42871737480163574	1.3050386905670166	0.4636823832988739	0.15279342234134674	1.048978567123413	1.5271694660186768	0.27745479345321655	0.6746897101402283	0.44992825388908386	0.36221277713775635	0.4796319603919983	0.6699929237365723	0.7586057186126709	0.5358970165252686	0.6938817501068115	1.1996850967407227	0.648353099822998	0.3315226137638092	0.34221500158309937	0.5702406167984009	0.7135658860206604	0.3316931128501892	1.0841941833496094	0.6445099711418152	0.680644690990448	1.3836376667022705	0.45147356390953064	0.39372536540031433	0.4024699330329895	0.2330102175474167	0.3020462691783905	0.5331718921661377	0.29107338190078735	0.48264625668525696	0.8352964520454407	0.2919103801250458	0.1959417313337326	0.4197409749031067	0.7407851219177246	0.44472211599349976	0.3957004249095917	0.062994584441185	0.2201278656721115	1.3930965662002563	0.7465957403182983	0.546585202217102	0.198109433054924	1.0784704685211182	0.23131200671195984	0.4437291622161865	0.5991866588592529	0.5051279664039612	0.5893204808235168	0.8690080046653748	0.7389678955078125	0.2522418200969696	0.5545651316642761	0.7655142545700073	0.2381790578365326	0.7397112250328064	0.3303903043270111	0.32997480034828186	0.5737468004226685	0.2676374018192291	0.27228331565856934	0.3325706124305725	0.23167724907398224	0.4914572834968567	1.2203346490859985	0.8086949586868286	0.8246381282806396	0.535807728767395	0.20165181159973145	0.37735116481781006	0.25129491090774536	0.5411375761032104	0.6462610363960266	1.0896875858306885	0.43081632256507874	0.5161750316619873	0.22612977027893066	0.6678888201713562	0.7698607444763184	0.2608106732368469	1.2379823923110962	0.5211371779441833	0.3787521421909332	1.3038601875305176	0.5210216045379639	0.8916305303573608	0.6951778531074524	0.37481632828712463	0.36812394857406616	0.4340408444404602	0.4990248382091522	0.13275489211082458	0.7413136959075928	0.5122808814048767	1.0568126440048218	0.9979678392410278	0.253020316362381	1.162129521369934	0.3940050005912781	0.348112016916275	0.8083819150924683	0.6257067322731018	0.38443005084991455	0.439465194940567	0.3272770345211029	0.28348037600517273	0.3771783709526062	0.438349187374115	0.24021123349666595	0.35447829961776733	0.5633854269981384	0.28502213954925537	0.07058849930763245	0.243052676320076	0.3553779721260071	0.7349457740783691	0.4535408616065979	1.1550480127334595	0.1779061257839203	0.33757591247558594	0.3832991123199463	0.47488903999328613	0.9012953042984009	0.3786153495311737	0.6796393990516663	0.5491231083869934	0.5190674662590027	0.44229021668434143	0.2772444784641266	0.41286733746528625	0.5314748883247375	0.4976906478404999	0.9952923655509949	0.18916159868240356	0.36114344000816345	0.10329779982566833	0.7262058258056641	0.413518488407135	0.2781278192996979	0.23259837925434113	0.08897601068019867	0.42309993505477905	0.8994725346565247	0.7437542080879211	0.46712929010391235	1.5043590068817139	0.7449444532394409	0.20673999190330505	0.5987590551376343	0.46620821952819824	0.22879119217395782	0.09939999878406525	0.369514524936676	0.29595261812210083	0.49214640259742737	0.30589500069618225	0.6233245730400085	0.5857357978820801	0.9015405178070068	0.24111390113830566	0.2904413640499115	0.8424645662307739	0.4251174330711365	1.1075983047485352	0.2809724509716034	0.35460856556892395	0.20063592493534088	0.4434921443462372	0.44010981917381287	0.6692989468574524	0.5546789169311523	0.6478223204612732	0.397808313369751	0.5299260020256042	0.26813286542892456	1.182224988937378	0.9790832996368408	0.6421029567718506	0.3793933689594269	0.3468455970287323	0.4138871133327484	0.4144704043865204	1.1406950950622559	0.32304155826568604	0.9659358859062195	0.7366055250167847	1.0681008100509644	1.123570442199707	0.7556554079055786	0.2897264361381531	0.525346577167511	0.5550432801246643	0.5402013063430786	0.5158689618110657	0.3421099781990051	0.5000817775726318	0.5131382942199707	0.6222440004348755	0.3109019994735718	0.5030233860015869	0.3346881568431854	0.547723114490509	0.02315138280391693	0.6608877182006836	0.33132505416870117	1.0139083862304688	0.007532195188105106	0.35659360885620117	0.40832191705703735	0.45519086718559265	0.46642637252807617	0.39535006880760193	0.4601139426231384	0.5047667622566223	0.721985399723053	0.7377108931541443	0.23656360805034637	0.6387073993682861	0.306739866733551	0.7236668467521667	0.41151750087738037	0.5869821310043335	0.2860892415046692	0.9655748605728149	0.706568717956543	0.1579212248325348	0.966559648513794	0.3928208649158478	0.26229962706565857	0.8188042640686035	0.47499486804008484	0.42279601097106934	0.43085360527038574	0.6360436677932739	0.21725311875343323	0.8532684445381165	0.37299779057502747	0.05265979468822479	0.9217870831489563	0.3292606472969055	0.4819220304489136	0.22050796449184418	0.06134975329041481	0.17516180872917175	0.7764249444007874	0.3611002266407013	0.6030431389808655	0.7571117877960205	0.38412511348724365	0.4119986891746521	0.43674105405807495	0.5444585680961609	0.42571359872817993	0.11748820543289185	0.2974483370780945	0.4005158543586731	0.2495580017566681	0.7803012132644653	0.41612279415130615	0.36718830466270447	0.7842801809310913	0.1529330462217331	0.2780401408672333	0.1748088151216507	0.7902882695198059	0.5947563052177429	0.36174190044403076	0.3540930151939392	0.7957382798194885	0.33688947558403015	1.1224565505981445	1.2757986783981323	0.3855675756931305	0.39647024869918823	0.9011669158935547	0.21510815620422363	1.3627195358276367	0.8520873785018921	0.5036336183547974	0.4030213952064514	0.3221772313117981	1.094839334487915	1.1072057485580444	0.5221961736679077	0.43057456612586975	0.766525149345398	0.799953818321228	0.8828278183937073	0.7778539657592773	0.393667072057724	0.11346080899238586	0.30932721495628357	1.2023234367370605	0.4528728127479553	0.7946115136146545	0.4315563142299652	0.47062209248542786	0.9055247902870178	1.4032248258590698	0.06376142054796219	0.3718777000904083	0.4020991027355194	0.08502740412950516	0.7877597808837891	0.05937472730875015	1.0476198196411133	0.5621428489685059	0.5579432845115662	0.1419856697320938	0.7421578764915466	1.1250853538513184	0.32546207308769226	0.964131236076355	2.1934664249420166	0.6176782846450806	0.7761965990066528	1.0164365768432617	0.4929995536804199	0.24919377267360687	0.6308971643447876	0.5509192943572998	0.5299750566482544	0.2279791235923767	0.2864121198654175	0.13557069003582	0.391330748796463	0.6055641770362854	0.2626556158065796	0.439119428396225	0.31223011016845703	0.6498994827270508	0.18582965433597565	0.7264986038208008	0.2592717409133911	0.593567430973053	0.2699170410633087	0.5788305401802063	0.23349058628082275	0.417707622051239	0.3567444086074829	0.2736915946006775	0.6774353981018066	0.3823281526565552	0.23686115443706512	0.625383734703064	0.7076504826545715	0.3233174979686737	0.3950345516204834	0.2988477349281311	0.47424614429473877	0.27578601241111755	0.5046424865722656	1.4474122524261475	0.35651296377182007	0.6711205244064331	0.5968706607818604	0.583008348941803	0.2692054510116577	0.6534550786018372	0.1887124478816986	0.40401214361190796	0.5552239418029785	0.7135167121887207	0.42587530612945557	0.03335423395037651	0.37317049503326416	0.20317374169826508	0.33906665444374084	0.40542322397232056	1.2409824132919312	0.31929826736450195	0.3157832622528076	0.5013782978057861	0.5484905242919922	0.6526469588279724	0.9741500616073608	1.0781211853027344	0.1804821491241455	0.384787917137146	0.1939694732427597	0.1339006870985031	0.7989292740821838	1.1222336292266846	0.30396372079849243	0.448225736618042	0.30643442273139954	0.23864136636257172	0.26346975564956665	0.3935507833957672	0.39512136578559875	0.3489117920398712	0.46297967433929443	0.7034584283828735	0.7981140613555908	0.49509432911872864	0.47575485706329346	0.19014190137386322	0.6051532030105591	0.4128936529159546	0.37100037932395935	0.32129934430122375	0.3557150661945343	0.32175660133361816	0.8599053621292114	0.4239501655101776	0.4417353868484497	0.3097035586833954	0.2538028359413147	0.9909226298332214	0.6855677962303162	0.49453088641166687	0.5798543095588684	0.7864317893981934	0.7411511540412903	1.1363856792449951	0.6528366208076477	0.2717578709125519	0.35344040393829346	1.8346302509307861	1.3880587816238403	1.0902464389801025	0.614215075969696	0.36826378107070923	1.0539298057556152	0.5711649060249329	0.3028286099433899	0.18096038699150085	0.3737253248691559	1.072495698928833	0.42911601066589355	0.36059921979904175	0.4346277713775635	0.49724453687667847	1.1622776985168457	1.1779475212097168	0.9443796873092651	0.559160590171814	0.4961574971675873	0.8596934080123901	0.1313723623752594	0.6409740447998047	0.2547946572303772	0.2977067232131958	0.5373321175575256	0.7827134132385254	0.39314430952072144	1.0757732391357422	0.47056135535240173	0.2096768468618393	0.6397973299026489	0.3348372280597687	0.8286529779434204	0.6736194491386414	0.20555248856544495	0.8170796632766724	0.5983141660690308	0.2670956552028656	0.5567160844802856	0.3612363338470459	0.5799181461334229	0.19370824098587036	0.2161552608013153	0.22073984146118164	0.14088813960552216	0.950904130935669	0.512578547000885	0.4860967993736267	0.3515635132789612	0.6578513979911804	0.8522204160690308	0.6022827625274658	0.5236262679100037	0.2645454704761505	0.46550312638282776	0.37472015619277954	0.309513121843338	0.26802974939346313	0.3958616554737091	0.5240100622177124	0.45228323340415955	0.26250919699668884	0.22743993997573853	0.8871147632598877	0.6398494243621826	0.2041471153497696	0.7712245583534241	0.32130560278892517	0.4186500608921051	0.9733344316482544	1.0219601392745972	0.474280446767807	0.41487643122673035	0.5569207072257996	0.4380759000778198	0.7850596308708191	0.3202921152114868	0.2494061291217804	0.5965157151222229	0.5831469297409058	0.15603086352348328	0.5616825222969055	0.4224845767021179	0.4074636697769165	0.15123334527015686	0.392498642206192	0.4071615934371948	0.20034363865852356	0.7294514775276184	1.2057338953018188	1.0231211185455322	0.30111128091812134	0.5949655771255493	0.10565701872110367	0.5912781953811646	0.574550986289978	0.5945262908935547	0.342392235994339	1.0527656078338623	0.2956622838973999	0.6003137826919556	0.6478910446166992	0.4034050703048706	0.10328894853591919	0.3074793219566345	0.41205844283103943	0.1501486748456955	0.4596535563468933	0.8669395446777344	0.3422970175743103	0.5535229444503784	0.32028722763061523	0.41476958990097046	0.5453808307647705	0.6457975506782532	0.5025634169578552	0.2658569812774658	0.4312207102775574	0.4178154766559601	0.4603765904903412	0.7733718156814575	0.35306885838508606	0.5453729033470154	0.5964380502700806	0.7728394865989685	1.380761981010437	0.5362658500671387	0.516334056854248	0.5696213245391846	0.38816261291503906	0.33382678031921387	0.37740111351013184	2.336228370666504	0.8200961351394653	0.654612123966217	0.45053017139434814	1.286531686782837	0.4968165159225464	0.7186800241470337	0.2266855239868164	0.4003046154975891	0.8329729437828064	0.2685944437980652	0.23161695897579193	1.0893861055374146	0.7565387487411499	0.44512006640434265	0.6927487254142761	0.7079585790634155	0.5214098691940308	0.80213463306427	0.626308798789978	0.445075660943985	0.4637451171875	1.1219687461853027	0.7272793650627136	0.175306037068367	0.8580567836761475	1.4642422199249268	0.13831543922424316	0.8058584928512573	0.19771040976047516	0.8384581804275513	0.16670939326286316	0.4800773859024048	0.42933389544487	0.6291090846061707	1.403658390045166	0.7722702026367188	0.27997076511383057	0.7293779850006104	0.42567336559295654	0.33914288878440857	0.5244702100753784	0.75644850730896	0.6752653121948242	1.5289057493209839	0.5510276556015015	0.38733887672424316	1.1164305210113525	0.8130675554275513	0.3910398781299591	0.26433151960372925	0.7484802007675171	0.14309340715408325	0.9920001029968262	1.035022258758545	0.546989381313324	0.2906952500343323	0.5446934103965759	0.3397125005722046	0.5602721571922302	0.5724382996559143	0.5863404273986816	0.43345728516578674	0.24250230193138123	0.18133094906806946	0.20031993091106415	0.33803990483283997	0.28401970863342285	0.2593967616558075	0.7345471382141113	0.25397586822509766	0.37938839197158813	0.514524519443512	0.5630865097045898	1.1445012092590332	0.3090544641017914	0.7493566870689392	0.7557507753372192	0.6527568697929382	0.9224512577056885	0.13760685920715332	0.244780033826828	0.5952921509742737	0.26968914270401	1.0301779508590698	0.3098800778388977	0.985177755355835	0.4361705780029297	0.39886051416397095	0.9478141069412231	0.3634949028491974	0.8424429893493652	0.19032543897628784	0.5747506022453308	0.5990639925003052	0.551699161529541	0.6884030103683472	0.3324315845966339	0.6234563589096069	0.20669612288475037	0.4130403995513916	0.2233574390411377	1.6582376956939697	0.43757516145706177	1.3160737752914429	0.27470463514328003	1.3754243850708008	0.7640489935874939	0.3071805238723755	0.8004481196403503	0.6353858113288879	0.20523107051849365	0.12684209644794464	0.8594474196434021	0.31202831864356995	0.38790255784988403	0.37384462356567383	0.34139901399612427	0.3753649890422821	0.27537181973457336	0.6809493899345398	0.41405248641967773	0.83380526304245	0.5468528270721436	1.23149836063385	0.5685129761695862	0.6218995451927185	0.654316246509552	0.46592164039611816	0.40672534704208374	0.2043127864599228	1.7016888856887817	0.06367505341768265	0.33389273285865784	0.30541157722473145	0.5142551064491272	0.3502252697944641	0.35985350608825684	0.5390389561653137	0.6205654740333557	0.9546205401420593	0.6754650473594666	0.85269695520401	0.5104795098304749	0.5827950835227966	0.5572730302810669	0.49016422033309937	0.39186322689056396	0.20880663394927979	0.3166668117046356	0.35320430994033813	0.4167252480983734	0.2699655294418335	1.2053699493408203	0.5422978401184082	0.44037479162216187	0.33215636014938354	0.6536909937858582	0.5289254188537598	0.6189953684806824	0.22612053155899048	0.5372661352157593	0.2236855924129486	0.5739441514015198	0.9746955633163452	0.8086008429527283	0.4433988332748413	0.3573399484157562	0.5944302082061768	0.6157601475715637	0.41416239738464355	0.6807019114494324	0.38783955574035645	0.14331264793872833	0.6902301907539368	0.5161997675895691	0.582271933555603	0.6315751671791077	0.22919394075870514	0.3590294420719147	0.3298822343349457	0.6567709445953369	0.6611484289169312	0.5136925578117371	0.3529524803161621	1.0500166416168213	0.8092837333679199	0.5968173146247864	0.9773732423782349	1.1432682275772095	0.5185063481330872	0.5141247510910034	0.6234281063079834	0.5694314241409302	0.9932786226272583	0.8697695732116699	0.3848634958267212	0.7650391459465027	0.6504170298576355	0.48916661739349365	0.5421098470687866	0.7450710535049438	0.3986052870750427	1.280953288078308	1.1011507511138916	0.7437446713447571	0.47324422001838684	0.9271289706230164	0.33004242181777954	0.30371609330177307	0.35067281126976013	0.3114958107471466	0.3492829203605652	0.37379032373428345	0.6781643629074097	0.30596622824668884	0.10167717933654785	0.22113537788391113	0.4891873896121979	0.16154615581035614	0.29465222358703613	0.3717536926269531	0.2041190266609192	0.26972419023513794	0.4507395923137665	0.44879719614982605	0.13887812197208405	0.41786080598831177	0.3707248568534851	0.30595049262046814	0.3411138355731964	0.6106231808662415	0.11903497576713562	0.3983049690723419	0.6260159015655518	0.7206459045410156	0.43920284509658813	0.5051460266113281	0.21029549837112427	0.618445873260498	0.1425027698278427	0.8144648671150208	0.648650050163269	0.9658545851707458	0.970133900642395	0.40356695652008057	0.1923961639404297	0.5450826287269592	0.718626081943512	0.38929039239883423	0.8160019516944885	0.23526015877723694	0.7448527216911316	1.1835237741470337	0.6068742275238037	0.9575845003128052	0.23779742419719696	0.4854355752468109	0.6545252799987793	1.316962480545044	0.2562474012374878	0.23910973966121674	0.28512829542160034	0.561130166053772	1.0166914463043213	0.4195663332939148	0.16835826635360718	1.313586711883545	0.8253018260002136	0.4215812683105469	0.19274446368217468	0.4927915930747986	0.4969874620437622	0.42615604400634766	0.2731737196445465	0.7952848672866821	0.5607211589813232	0.6365482211112976	0.5563113689422607	0.3352630138397217	1.016134262084961	0.4759930670261383	0.37886279821395874	0.28578290343284607	0.37210553884506226	0.2025020718574524	1.0011494159698486	0.5444194078445435	0.18935951590538025	0.5625500679016113	0.08460294455289841	0.1710067242383957	0.14173875749111176	0.5360531806945801	0.7133586406707764	0.8677331209182739	0.7906180024147034	0.7197061777114868	0.3574252426624298	0.5500114560127258	0.9026703238487244	0.9640948176383972	0.7436600923538208	0.5210962891578674	0.569317638874054	0.3238722085952759	0.49815213680267334	0.47377312183380127	0.6671077609062195	0.8897821307182312	0.9691700339317322	0.20542576909065247	0.9226428866386414	0.28610554337501526	0.5757117867469788	0.24742919206619263	0.7323134541511536	0.9616016149520874	0.49055254459381104	0.3719180226325989	0.020319148898124695	0.578250527381897	0.44512948393821716	1.1145848035812378	0.9654992818832397	0.8400685787200928	0.30478376150131226	0.7003213763237	1.2931022644042969	0.5035707354545593	0.11423587054014206	0.5143296122550964	0.5536494255065918	0.48642855882644653	0.485089510679245	0.6708609461784363	0.21778634190559387	0.2654878497123718	0.9073420166969299	1.7902181148529053	0.05609844624996185	0.5584813952445984	0.8783496618270874	0.11280447989702225	0.28375622630119324	0.24414284527301788	0.29608672857284546	0.39467084407806396	0.21018573641777039	0.3712017834186554	0.8411670327186584	1.3752734661102295	0.7586219906806946	0.996902346611023	0.736685037612915	0.11061014980077744	0.3304102420806885	0.15434777736663818	0.5653776526451111	0.4509381055831909	0.1677459329366684	0.9376481175422668	0.8128735423088074	0.44278597831726074	1.508043646812439	1.0318233966827393	0.83304762840271	1.432483196258545	0.1376071572303772	0.25130653381347656	0.1762465536594391	0.269736111164093	0.7981135249137878	0.5321910381317139	0.8728152513504028	1.5794105529785156	0.3178715705871582	0.2838199734687805	0.2737056612968445	0.4278298020362854	0.5501793622970581	1.022993564605713	0.2152681201696396	0.18019580841064453	0.37101346254348755	0.08638113737106323	0.545498788356781	0.14151717722415924	0.9054802060127258	0.6236667037010193	0.17673486471176147	0.18719041347503662	0.8629530668258667	1.0788631439208984	0.941123366355896	1.0927659273147583	0.6494047045707703	0.6547117829322815	0.17251309752464294	0.567071795463562	0.5921578407287598	0.25299790501594543	0.33637434244155884	0.2723701596260071	0.5924790501594543	1.28623366355896	0.7892012000083923	0.7178746461868286	0.3328026235103607	0.37466755509376526	0.4664391279220581	0.7284361124038696	0.26972994208335876	1.1247005462646484	0.2399040311574936	0.23378151655197144	0.6516506671905518	0.4591921865940094	0.985201895236969	0.8533870577812195	0.31186068058013916	0.24176426231861115	0.7441515326499939	0.11792678385972977	0.47325828671455383	0.3932875394821167	0.5672590732574463	0.31303828954696655	0.16312043368816376	0.8011651635169983	0.7721186876296997	0.5930511951446533	0.49899864196777344	0.555478036403656	0.48683232069015503	0.620134174823761	0.5818731188774109	0.9112228155136108	0.22413204610347748	0.422549843788147	0.6929302215576172	0.5799545049667358	0.2363245189189911	0.5060452222824097	0.6193056702613831	0.6433526277542114	0.8139384984970093	0.053982384502887726	0.758196234703064	1.1661509275436401	0.7222408652305603	0.6551193594932556	0.5206797122955322	0.1539120078086853	0.7079975008964539	0.5154520869255066	0.46013322472572327	0.3467734158039093	0.2634783983230591	0.4389754831790924	0.26794010400772095	0.22300061583518982	0.5202137231826782	0.8837416768074036	0.45366013050079346	0.754253089427948	0.8673645853996277	0.2909507155418396	0.2475554198026657	0.6195090413093567	0.24248266220092773	0.42367032170295715	0.5164877772331238	0.728064239025116	0.6392011046409607	0.905098557472229	0.5023301839828491	0.3955991268157959	0.8346747159957886	1.3635615110397339	0.3661695718765259	0.5429252982139587	0.4917301833629608	0.4485606253147125	0.40344318747520447	0.5019756555557251	0.43077152967453003	0.6047275066375732	1.2409762144088745	1.065022587776184	0.27999022603034973	0.6090918183326721	0.8472700119018555	0.7506860494613647	0.92726731300354	0.9105430841445923	0.4703512191772461	0.546319305896759	0.10302393138408661	0.5451985597610474	0.2211872637271881	0.2827400863170624	1.255157232284546	0.29425254464149475	0.5312896966934204	1.0477046966552734	0.4893609285354614	0.15855857729911804	0.37116187810897827	0.7615026235580444	0.8708860874176025	0.6779290437698364	0.7275332808494568	0.7271268367767334	0.6281866431236267	0.5891350507736206	1.1817271709442139	0.5456891059875488	0.7107146382331848	0.42080557346343994	0.7187007665634155	0.16406971216201782	0.5006116032600403	0.7900766730308533	0.6570379734039307	0.4355488717556	0.5367770791053772	0.11608064919710159	0.3383307158946991	0.2736456096172333	0.1688816100358963	0.12106945365667343	0.6607732176780701	0.1968836933374405	0.7179487943649292	0.6626966595649719	0.1933535933494568	0.16021732985973358	0.5742910504341125	0.7119198441505432	0.15199553966522217	0.16340897977352142	0.43852758407592773	0.4663424789905548	0.31511393189430237	0.31006908416748047	0.6254704594612122	0.6888630390167236	0.2240254133939743	0.456178218126297	0.49602365493774414	0.9790400266647339	0.9081840515136719	0.15148748457431793	0.31349214911460876	0.746037483215332	0.6355354189872742	0.8668866157531738	0.6388590335845947	0.4405617415904999	1.3416568040847778	0.28224894404411316	0.700862467288971	0.42756715416908264	0.3762796223163605	0.34054628014564514	0.6969189643859863	1.0630592107772827	0.9383894205093384	0.17651693522930145	0.18665480613708496	0.3808906674385071	0.6327123045921326	0.4019123613834381	0.4875221252441406	1.1831696033477783	0.4855652451515198	0.7273464202880859	0.5707115530967712	0.7689166069030762	0.38281163573265076	0.4031578004360199	0.8337925672531128	0.6012210845947266	0.44011756777763367	0.16837789118289948	0.4478255808353424	0.7763476371765137	0.617549479007721	0.1262458860874176	0.21441063284873962	0.29965612292289734	0.6340546011924744	0.36695894598960876	0.2786104679107666	0.49280989170074463	0.18003365397453308	0.5977462530136108	0.21641623973846436	0.8108875751495361	1.0128378868103027	0.6167854070663452	0.3587797284126282	0.5817680954933167	0.28410008549690247	0.4126386046409607	0.6612605452537537	0.2658442556858063	0.5957914590835571	0.6994723677635193	0.8532682061195374	0.1694372445344925	0.7500436305999756	0.42112472653388977	0.4481295943260193	0.35899609327316284	0.0	1.0542932748794556	0.6346911191940308	0.11263102293014526	1.2564465999603271	0.14817890524864197	0.08254420757293701	0.49036476016044617	0.2791118919849396	0.4703168272972107	0.256203293800354	0.3549177050590515	0.17220181226730347	0.6685216426849365	0.39289864897727966	0.32833945751190186	1.1744060516357422	0.1861790120601654	0.6077677011489868	0.21238896250724792	1.4763802289962769	0.3342795670032501	1.0985145568847656	0.41034337878227234	0.20085100829601288	0.655469536781311	0.7468690872192383	0.5646836757659912	0.41005781292915344	0.5970262289047241	0.6452576518058777	0.6024181246757507	0.3604975640773773	0.4239310622215271	1.1053805351257324	0.9439295530319214	0.7098259925842285	0.7773147225379944	0.5912612676620483	0.547182559967041	0.4928412139415741	0.3762800693511963	0.453100323677063	0.8220798969268799	0.8928573131561279	0.5581763386726379	0.5287816524505615	0.7938154339790344	0.6816279292106628	0.4458002746105194	0.6813918948173523	0.38710254430770874	0.9118292331695557	0.2063714861869812	0.5645034909248352	0.4795679748058319	0.3477306365966797	0.2765564024448395	0.5159147381782532	0.14918920397758484	0.3090761601924896	0.4740639328956604	0.2975561320781708	0.461955189704895	0.2962065637111664	0.37528306245803833	0.4605393707752228	0.37293171882629395	1.0417288541793823	0.06952381879091263	0.983494758605957	1.1102466583251953	1.1481696367263794	0.5199714303016663	0.26306962966918945	0.3861430287361145
0.001967554446309805	0.5918917059898376	0.3292142152786255	0.746571958065033	0.12587392330169678	0.27263328433036804	0.2749326527118683	0.5654938817024231	0.06011182442307472	0.25551944971084595	0.09927009046077728	0.6139734387397766	0.7932401299476624	0.23641178011894226	0.5417854189872742	0.2357742339372635	0.7568216323852539	0.05142075940966606	0.3340047001838684	0.352571964263916	0.929330587387085	0.2827819585800171	0.7717130780220032	0.5493665337562561	0.3309495449066162	0.3311619758605957	1.1779441833496094	1.0519917011260986	0.6911832094192505	0.29811301827430725	0.15985727310180664	0.3912125825881958	0.8118375539779663	0.7875854969024658	0.31024667620658875	0.2578467130661011	0.6592928171157837	0.3653702139854431	0.673723042011261	0.5877093076705933	0.8319669365882874	0.7109189033508301	0.25874578952789307	0.47493401169776917	0.3021102547645569	0.583065927028656	0.2582487463951111	0.5784233808517456	0.4806470274925232	1.021050214767456	0.0956975519657135	0.3284207880496979	0.87503981590271	0.32778194546699524	0.46386194229125977	0.4799851179122925	0.6824588179588318	0.8705407381057739	0.8798849582672119	0.9335082769393921	0.31394827365875244	0.14451375603675842	0.6812346577644348	0.4997643530368805	0.17489679157733917	0.7690216898918152	0.08582064509391785	0.8130536079406738	0.4301430583000183	0.8598483800888062	0.2545882761478424	0.4425521492958069	0.3363396227359772	0.5261862277984619	0.4967207908630371	0.7471045851707458	0.36910316348075867	0.2829641103744507	0.296400785446167	0.7935463190078735	0.18077179789543152	0.5283365845680237	0.6340503692626953	0.19846972823143005	0.6329984664916992	0.3933759033679962	0.5131245851516724	0.24212445318698883	0.9849985837936401	0.1684340238571167	0.6658825278282166	0.1830785572528839	0.3518272638320923	0.27179744839668274	0.4773997664451599	1.395203709602356	0.8624712824821472	0.6470779776573181	0.2571001946926117	0.3632078170776367	0.8316435813903809	0.8686996102333069	0.3631706237792969	1.3312171697616577	0.8186885118484497	0.751538097858429	0.5107408165931702	1.0802099704742432	0.7576116919517517	0.4662298858165741	0.324581503868103	1.0762265920639038	0.33320173621177673	0.5341081619262695	0.6743884086608887	0.32276543974876404	0.18032020330429077	0.005744827911257744	0.6497384905815125	0.43656519055366516	0.743640661239624	0.4024145305156708	0.2513488829135895	0.8692719340324402	0.7057188153266907	1.0264599323272705	0.2014254331588745	0.5419318675994873	0.4828748404979706	1.1110321283340454	0.2415945678949356	0.44743970036506653	0.5953551530838013	0.1496010273694992	0.3731091022491455	0.575985312461853	0.1091482937335968	0.48951807618141174	0.26133808493614197	0.26050689816474915	0.189561665058136	0.29853126406669617	0.4646855294704437	0.26256969571113586	0.5367186665534973	1.394128680229187	0.12805122137069702	0.15789926052093506	0.03667440637946129	0.037713099271059036	0.42885076999664307	0.4267374277114868	0.4361708164215088	0.49338603019714355	0.4051694869995117	0.31513476371765137	0.6952115893363953	0.8262810707092285	0.2272905707359314	0.3782355487346649	0.08694541454315186	0.4878118336200714	0.3013664782047272	0.48141419887542725	0.3356573283672333	0.7043201923370361	0.8126994371414185	0.5001063942909241	1.1576963663101196	1.1548585891723633	0.12024490535259247	0.5116627812385559	0.8267605304718018	0.15167760848999023	0.23331953585147858	0.5543707609176636	0.579966127872467	0.7426837682723999	0.4157490134239197	0.19664938747882843	0.43023648858070374	0.2765052020549774	0.13839159905910492	0.5689465999603271	0.3866252303123474	0.7239143252372742	0.3900820016860962	0.20789805054664612	0.03897308185696602	0.491692453622818	0.21641305088996887	0.2072208821773529	0.9691030979156494	0.4465687572956085	0.4069202244281769	0.0112628024071455	0.7390179634094238	0.24757426977157593	1.0941020250320435	0.4465453326702118	0.3316580653190613	0.803540825843811	0.17311829328536987	0.3455302119255066	0.23285306990146637	0.7745918035507202	0.7433524131774902	0.6512703895568848	0.9570999145507812	0.4419570565223694	0.597059428691864	0.18855856359004974	0.1812562644481659	0.3926085829734802	0.24948981404304504	0.5249137282371521	0.7601297497749329	0.5721485018730164	0.36247387528419495	0.7558435201644897	0.21749915182590485	0.24794936180114746	0.38636642694473267	0.49109745025634766	0.7118445038795471	0.8475391268730164	0.08325333893299103	0.6305985450744629	0.5362765192985535	0.1079903393983841	0.29172423481941223	0.3470163643360138	0.885657548904419	0.9190015196800232	1.0407558679580688	0.38074782490730286	0.26754066348075867	0.5334876179695129	0.18110515177249908	0.2450731098651886	0.4996495246887207	0.5240237712860107	1.4220746755599976	0.17307549715042114	0.26251423358917236	0.9061424732208252	0.1509925127029419	1.2365429401397705	0.27363699674606323	0.30140671133995056	0.7617327570915222	1.088484764099121	0.7950950860977173	0.5537216067314148	0.38882043957710266	0.7419845461845398	0.7542787194252014	0.07601751387119293	0.7113351821899414	0.2819265127182007	0.7596224546432495	0.8625810146331787	0.250167578458786	0.4949907958507538	0.6086882948875427	0.580798864364624	0.762908399105072	0.2011118233203888	0.6042492985725403	0.2629980742931366	0.5107265710830688	0.5008480548858643	0.02268873155117035	0.4811977744102478	0.8751562833786011	0.450803279876709	0.543681800365448	0.5691028833389282	0.6668763160705566	0.9812405109405518	0.7168399691581726	0.7197304964065552	0.5867640376091003	0.36168521642684937	0.6299937963485718	1.1985142230987549	0.5774933695793152	0.7282105684280396	1.2157058715820312	0.4300324022769928	0.8607330918312073	0.37628671526908875	0.3074027895927429	0.5678409337997437	0.24406693875789642	0.19954358041286469	1.0978751182556152	0.27729785442352295	0.43781259655952454	0.059320300817489624	0.3281671404838562	0.6956949234008789	1.3206408023834229	0.7985928058624268	0.7913848161697388	0.19952470064163208	0.8199409246444702	1.4436678886413574	0.35744887590408325	0.7777698040008545	0.7356481552124023	0.8370034694671631	0.12326249480247498	0.21112890541553497	0.14237038791179657	0.31483757495880127	0.3398032784461975	0.5474990606307983	0.23901815712451935	0.19726189970970154	0.7438583970069885	0.7230043411254883	0.7725573778152466	0.5106737017631531	0.559054434299469	0.5532039999961853	0.8201800584793091	1.026726484298706	0.16033074259757996	0.7284339070320129	1.0547772645950317	0.4541650116443634	0.17293500900268555	0.4172084927558899	0.9030243158340454	0.20371806621551514	0.7284215688705444	0.794680118560791	0.418750524520874	0.5706830620765686	0.10388331115245819	0.37245088815689087	0.23094883561134338	0.7197219133377075	0.29748374223709106	0.7520711421966553	0.6622018814086914	0.3663678765296936	0.558357834815979	0.16553743183612823	0.14355319738388062	0.7115922570228577	0.2910762131214142	0.3558976650238037	0.2423189878463745	0.3313212990760803	0.2754635214805603	0.43427810072898865	0.2848871350288391	0.6178995370864868	0.6020054817199707	0.7464163899421692	0.8862512111663818	0.33674508333206177	0.177916020154953	0.875924825668335	0.10083059966564178	0.12993760406970978	0.5476483702659607	0.2997099459171295	0.3296106159687042	0.6045110821723938	0.34471529722213745	1.1203868389129639	0.6081756353378296	0.504670262336731	0.4245360195636749	0.49172598123550415	0.032994356006383896	0.12828323245048523	0.2620087265968323	0.503847062587738	0.47207918763160706	0.6502225995063782	0.5107482075691223	0.37954652309417725	0.6331625580787659	0.22803092002868652	0.5069693326950073	0.11891420185565948	0.3897930383682251	0.14615260064601898	0.6126746535301208	0.09070663154125214	0.7830034494400024	1.030541181564331	0.5313528180122375	0.4212929308414459	0.6044991612434387	0.04840673506259918	0.5047282576560974	0.5068864822387695	0.4338560402393341	0.5931224226951599	0.6452486515045166	0.5173261761665344	0.5076241493225098	0.11361193656921387	0.47138267755508423	0.24996569752693176	0.6966330409049988	0.1032717376947403	0.7078215479850769	0.3620038628578186	0.598730206489563	0.8592437505722046	0.31258752942085266	0.6542229652404785	0.5761030912399292	0.8068206310272217	0.29101836681365967	0.6483961939811707	1.240983247756958	0.3589930832386017	0.6620489954948425	0.4632876515388489	0.4581954777240753	0.8324746489524841	0.43604812026023865	0.9299036264419556	0.66524738073349	1.1880251169204712	0.5307183265686035	0.7105638980865479	0.2867928147315979	0.20907706022262573	0.49543410539627075	0.18151706457138062	0.5902059078216553	0.17284102737903595	0.5808517932891846	0.5604109168052673	0.8792725205421448	1.0660938024520874	0.4071379601955414	0.45297369360923767	0.8508039116859436	0.8346809148788452	0.41055071353912354	0.6708283424377441	0.8250874876976013	0.2719370722770691	0.1417389214038849	0.3703170716762543	0.1792968213558197	0.37550511956214905	0.08252325654029846	0.36923906207084656	0.5378642082214355	0.7508211135864258	0.7314981818199158	0.3131294846534729	0.21068702638149261	0.2101081907749176	0.2094365358352661	0.7791666984558105	1.121732473373413	0.5158751010894775	0.2204761952161789	0.6415475606918335	0.40264081954956055	0.5016906261444092	0.21052971482276917	0.16218265891075134	0.4900379180908203	0.31017565727233887	1.156694769859314	0.5151983499526978	0.34842169284820557	0.379099041223526	1.1434876918792725	0.31548193097114563	1.0149023532867432	0.934106707572937	0.18374699354171753	1.0033859014511108	0.28135475516319275	1.0637959241867065	0.33876803517341614	0.5196045637130737	0.4705890119075775	0.3368966281414032	0.8666203022003174	0.40598905086517334	1.1647515296936035	0.7092968821525574	0.5509252548217773	0.49038252234458923	0.30288803577423096	0.6381534337997437	0.2325325906276703	0.45854225754737854	1.0783536434173584	0.4651954472064972	0.0	0.678145170211792	0.135930597782135	0.09995915740728378	0.165826216340065	0.5967153310775757	0.4417291581630707	1.0119736194610596	0.22240270674228668	1.103440284729004	0.5085598230361938	0.5884496569633484	0.4029538631439209	0.34731176495552063	0.48642072081565857	0.4723382294178009	0.5394890904426575	0.13009999692440033	0.7931844592094421	0.8844149708747864	0.43414604663848877	0.29485613107681274	1.1158629655838013	0.43338441848754883	1.1928455829620361	0.5532563328742981	1.3736777305603027	0.41603586077690125	0.7360100746154785	1.480569839477539	0.6472991704940796	0.2508275508880615	0.18374547362327576	0.478308767080307	0.17471709847450256	0.4954545199871063	0.5454890727996826	1.1358749866485596	0.6895458698272705	0.7029370665550232	0.28561925888061523	0.40590664744377136	0.42440372705459595	0.28792884945869446	0.6958441734313965	0.023192740976810455	1.2015436887741089	0.7120630145072937	0.4946848452091217	0.12345348298549652	0.3899936378002167	0.1827424019575119	0.535093367099762	0.7780885100364685	0.3665585517883301	0.3563559353351593	0.09160882234573364	0.017487863078713417	0.24971620738506317	0.6546735167503357	0.7808382511138916	0.22907361388206482	0.05537427216768265	0.2255868911743164	0.4523807168006897	1.5085021257400513	0.12914788722991943	0.7169384956359863	0.11578397452831268	0.35956400632858276	0.6531604528427124	0.34782034158706665	0.322367399930954	0.2849678099155426	0.31972262263298035	0.23159591853618622	0.2552298307418823	0.12278299033641815	0.26371484994888306	0.501772403717041	0.5205063819885254	0.5458477139472961	0.45571789145469666	0.7135542035102844	0.4593336284160614	0.5855124592781067	0.5814747214317322	0.9006239771842957	0.4482722282409668	0.6785454154014587	0.3265158534049988	0.14868052303791046	0.35562384128570557	0.3905916213989258	0.5221033692359924	0.2630545198917389	0.42910170555114746	0.42182186245918274	0.4533640444278717	0.621319055557251	0.6196148991584778	0.4200807213783264	0.3162989914417267	0.19292137026786804	0.9054030776023865	0.19376972317695618	0.28590333461761475	0.42610666155815125	1.0692812204360962	0.8026555776596069	0.8234442472457886	0.5011574029922485	0.09956256300210953	0.5362983345985413	0.383625864982605	0.6477040648460388	0.18123695254325867	0.35874244570732117	0.7406845092773438	0.5229202508926392	0.3214164972305298	0.30506595969200134	1.0760055780410767	0.9926114082336426	0.5022680163383484	0.786983072757721	0.5552381277084351	0.1371222883462906	0.039890360087156296	0.14674580097198486	0.1540011763572693	0.13115835189819336	0.6836494207382202	0.923506498336792	0.27355703711509705	0.27443328499794006	0.536068856716156	0.2620912492275238	0.07527631521224976	0.6816995739936829	0.7589852809906006	0.6280112862586975	0.36157047748565674	0.21913912892341614	0.7969973087310791	0.7086222767829895	0.7965676784515381	0.02423848956823349	0.40992480516433716	0.3554610013961792	0.2652244567871094	0.4114153981208801	0.6608927845954895	0.46060559153556824	0.8096845746040344	0.0	0.5695376396179199	0.4085496962070465	0.44915106892585754	0.31262993812561035	0.7407237887382507	0.983595073223114	0.5726661086082458	0.4559013843536377	0.347589373588562	0.27812930941581726	0.532291054725647	0.4037216007709503	0.44726020097732544	1.0816864967346191	0.16055908799171448	0.6088941097259521	1.0224584341049194	0.3915058970451355	0.9310501217842102	0.11782710999250412	0.36063331365585327	0.40696778893470764	0.4302763044834137	0.40195226669311523	0.5705147981643677	0.4202706813812256	0.8658630847930908	0.31276950240135193	0.8863222002983093	0.16327354311943054	1.0868654251098633	0.6404808759689331	0.023916825652122498	0.4734223484992981	0.17245669662952423	0.29732853174209595	0.36034098267555237	0.2047903686761856	0.4480538070201874	0.7759835720062256	0.7173758745193481	0.3932901918888092	0.3842583894729614	0.298801988363266	0.30667534470558167	0.4258090853691101	0.7417978048324585	0.8016836643218994	0.4734843969345093	1.1019397974014282	0.9002528786659241	0.6702815294265747	0.10419605672359467	0.7249209880828857	0.27334272861480713	0.24990658462047577	1.026055097579956	0.4334055483341217	0.7310428619384766	0.5961719155311584	0.598138153553009	0.7966780662536621	0.881155252456665	0.7252034544944763	0.405630886554718	0.8964456915855408	0.148273766040802	0.8005998134613037	1.387482762336731	0.3675968647003174	0.4167734384536743	0.19791004061698914	0.33419615030288696	0.15477623045444489	0.05323201045393944	0.7899294495582581	0.3991801142692566	0.7116881012916565	1.0016430616378784	0.16204799711704254	0.6927008628845215	0.04333297535777092	0.6541079878807068	0.4694395065307617	0.8210358023643494	0.7602787613868713	0.7296216487884521	0.5046329498291016	0.6014471650123596	1.0094218254089355	0.7470802664756775	0.335183709859848	0.5654177665710449	0.1019890308380127	0.2313092052936554	0.35236266255378723	1.1555211544036865	0.6767855286598206	0.5817497372627258	0.5415968894958496	0.9434248805046082	0.6582596302032471	0.15447309613227844	0.6673251390457153	0.299540638923645	0.18967151641845703	0.26776033639907837	0.3609585165977478	0.24948620796203613	0.3792884945869446	0.33989882469177246	0.32014933228492737	0.8125429153442383	0.5525027513504028	0.6089491844177246	0.17436888813972473	0.6691538095474243	0.2627663016319275	0.19827495515346527	0.3578801453113556	0.40715837478637695	0.7315014004707336	0.16314655542373657	0.3676624298095703	0.13483987748622894	0.6906759142875671	0.3805783987045288	0.19403430819511414	0.65655517578125	0.578560471534729	0.9682589173316956	0.3483369052410126	0.8378709554672241	0.2746935486793518	0.9246776700019836	0.7157809734344482	0.5346784591674805	0.5769171714782715	0.2669249176979065	0.884466290473938	0.9780438542366028	0.32478877902030945	0.7048719525337219	0.45670393109321594	0.5080212950706482	0.7390264272689819	0.19479700922966003	0.5666284561157227	0.7799033522605896	0.5123761296272278	0.8535443544387817	0.16078218817710876	0.3898948132991791	0.729252278804779	0.06763727962970734	0.5344170331954956	0.08275605738162994	0.6793808341026306	0.20315957069396973	0.18362508714199066	0.7740370631217957	0.7024132013320923	0.6344450116157532	0.809353232383728	0.3891904354095459	0.9236479997634888	0.14862887561321259	0.28582778573036194	0.9677795171737671	0.23168638348579407	0.4007227122783661	0.8293372392654419	0.11160605400800705	1.0075594186782837	0.5123270750045776	0.19245685636997223	0.46950221061706543	0.6415959596633911	0.5801810026168823	0.040637992322444916	0.6716147065162659	0.3398396074771881	0.5972373485565186	0.5046916604042053	1.1552542448043823	0.3132966160774231	0.33796462416648865	0.13429421186447144	0.4031803607940674	0.9249668121337891	0.7033628225326538	0.32584697008132935	0.18353362381458282	0.2671782076358795	0.8246802687644958	0.2896755635738373	0.6190369725227356	0.7380395531654358	0.09400348365306854	0.21891851723194122	0.19104516506195068	0.26661038398742676	0.1943218857049942	0.003501661354675889	0.527140200138092	0.2758587896823883	0.22872422635555267	0.4277694523334503	1.001855731010437	0.9292283654212952	0.36618924140930176	0.1794111728668213	0.5291158556938171	1.1633508205413818	0.3776893615722656	0.5488160252571106	0.5004499554634094	0.17525874078273773	0.14579585194587708	0.3240644037723541	0.6213558316230774	0.47154974937438965	0.18623819947242737	0.37807127833366394	0.18104180693626404	0.44019949436187744	0.4631165564060211	0.4694533050060272	1.172667145729065	0.4808103144168854	0.37660136818885803	0.1438012570142746	0.3807778060436249	0.49470028281211853	1.0813854932785034	1.0219252109527588	0.21775498986244202	0.5989707112312317	0.6771653890609741	0.08660180121660233	0.3746170997619629	0.31120508909225464	0.7921174764633179	0.472487211227417	0.36745885014533997	0.7486742734909058	0.5603731274604797	0.4353525638580322	0.28726309537887573	0.32977619767189026	0.6893398761749268	0.6721500754356384	0.4700814187526703	0.4939125180244446	1.00156569480896	0.13750150799751282	0.6912729144096375	0.15546026825904846	0.1798137128353119	0.851098895072937	0.5912764668464661	0.7870795726776123	0.7010481357574463	0.668027937412262	0.3111250400543213	0.4804380238056183	0.31793320178985596	1.142645001411438	0.33290567994117737	0.44947126507759094	0.37665119767189026	0.9119552373886108	0.44018301367759705	0.8428378701210022	0.17763938009738922	0.4818623661994934	0.30142027139663696	0.2383541464805603	0.3989576995372772	0.383567750453949	0.42304813861846924	0.22278547286987305	0.2508687973022461	0.14735709130764008	0.4331810772418976	0.5179147720336914	0.3139711916446686	0.2765139937400818	0.2622763216495514	0.5532497763633728	0.17502528429031372	0.8287652134895325	0.16042092442512512	0.9993553757667542	0.35665762424468994	0.18015626072883606	0.8391708731651306	0.32647401094436646	0.6253076195716858	0.9743747115135193	0.23955626785755157	0.3140821158885956	0.6671229600906372	0.471528023481369	0.428043007850647	0.5518131256103516	0.5273557901382446	0.3661744296550751	0.23112958669662476	0.18370778858661652	0.180009126663208	0.3037016689777374	0.4965555965900421	0.41076070070266724	0.9415233731269836	0.5794148445129395	0.5219610929489136	1.2570592164993286	0.9087724089622498	0.29402780532836914	1.026197075843811	0.7800419926643372	0.5423253774642944	0.45135554671287537	0.4266270399093628	0.4069053828716278	0.07805569469928741	0.19397485256195068	0.8026077151298523	0.008993790484964848	0.6534560918807983	0.5569789409637451	0.45703452825546265	0.782072126865387	0.881846010684967	0.5506224632263184	0.7989089488983154	0.002807683777064085	0.25539618730545044	0.5104097127914429	0.3976435959339142	0.38598954677581787	0.5494737029075623	0.4696039855480194	0.44078463315963745	0.4330275356769562	0.7164597511291504	0.3497951030731201	1.1900982856750488	0.4566287100315094	1.1153321266174316	0.45010247826576233	0.905693531036377	0.3193413019180298	0.3403970003128052	0.9572879076004028	0.20033743977546692	0.9295617938041687	0.45429515838623047	0.7098569869995117	0.31896913051605225	0.7876685261726379	0.5600033402442932	0.19669607281684875	0.2653448283672333	0.04005886986851692	0.5180681943893433	0.4661431908607483	0.6811368465423584	0.35498112440109253	0.7334163188934326	0.9496166706085205	0.8764155507087708	0.3882014751434326	0.6716293096542358	0.6197112798690796	0.38786572217941284	0.5706300139427185	0.22268128395080566	0.5248495936393738	0.41485393047332764	0.48394888639450073	1.2554399967193604	0.12015584111213684	1.1447054147720337	0.4333527088165283	0.10198531299829483	1.399048924446106	0.20335446298122406	0.814297080039978	0.05663858354091644	0.13640937209129333	0.4056297838687897	0.4474938213825226	0.6471248865127563	0.7091953158378601	0.33374086022377014	0.773453950881958	1.3065547943115234	0.4780929386615753	0.3422228991985321	0.2791379690170288	0.31393498182296753	0.7801902294158936	0.5976073741912842	0.43184778094291687	0.18005965650081635	0.5630002021789551	0.3062076270580292	0.08301457017660141	0.7280216217041016	0.11683991551399231	0.5377992391586304	0.4687940776348114	0.47458919882774353	0.15607599914073944	0.10414700955152512	0.13473887741565704	0.726874828338623	0.32286667823791504	0.21061047911643982	0.05862627923488617	1.1692147254943848	0.5213194489479065	0.08792945742607117	0.4955753684043884	0.1728857308626175	0.027518438175320625	0.3564199209213257	0.4098961353302002	1.1672776937484741	0.6783983707427979	0.32188892364501953	0.3817199766635895	0.749681830406189	0.30692631006240845	0.22779341042041779	0.1307152956724167	0.6797662377357483	0.28340452909469604	0.7465590834617615	0.2006518393754959	0.15602104365825653	0.12374892830848694	1.115358829498291	0.2765907049179077	0.6977555751800537	0.13541179895401	0.6403758525848389	0.670388400554657	0.20973792672157288	0.6485468149185181	0.41667622327804565	1.1514781713485718	0.7222200036048889	0.7177583575248718	0.30778932571411133	0.9434316158294678	0.15960738062858582	0.5340544581413269	0.2248092144727707	1.1929229497909546	0.5038396120071411	0.668173611164093	0.4473360776901245	0.3777465522289276	0.3237515091896057	1.0808827877044678	0.4143621623516083	0.07978510111570358	0.9038518667221069	0.4728119969367981	0.6630627512931824	0.6156736612319946	0.7526521682739258	0.5121561884880066	0.6925244331359863	0.3065010905265808	0.24966153502464294	0.8080534934997559	0.373544842004776	0.5087651610374451	0.2307261824607849	0.2077450454235077	0.39956536889076233	0.3757680654525757	0.22647832334041595	0.3774673640727997	0.6548162698745728	1.0430601835250854	0.8596189618110657	0.7327876687049866	0.7710709571838379	0.524356484413147	0.18776445090770721	0.21175800263881683	0.8517004251480103	0.37604808807373047	0.21369236707687378	0.47362732887268066	0.02268701046705246	0.7731026411056519	0.19665047526359558	0.2372497171163559	0.6749011874198914	0.2035679817199707	0.052489377558231354	0.9345459342002869	0.3613143563270569	0.7567943334579468	0.6160862445831299	0.1278054416179657	1.0629714727401733	0.22198837995529175	0.14709989726543427	0.6961235404014587	0.29527950286865234	0.27675166726112366	0.9250379800796509	0.34781789779663086	0.2313312441110611	0.36809241771698	0.29696154594421387	0.48549631237983704	0.47012415528297424	0.13569708168506622	0.6457883715629578	0.5448922514915466	0.406732439994812	0.8622812628746033	0.36712226271629333	0.6190074682235718	0.27914708852767944	0.14953112602233887	0.3562717139720917	0.26425373554229736	0.3687344491481781	0.4138830006122589	0.3984127640724182	0.318649023771286	0.628150224685669	0.3632284998893738	0.4764547646045685	0.7314790487289429	0.14265096187591553	0.0750860869884491	0.5416802763938904	0.5044058561325073	0.5958300828933716	0.39353832602500916	0.35223230719566345	0.10370343923568726	0.30764392018318176	1.0478887557983398	1.2014827728271484	0.5609521269798279	0.47625622153282166	0.21770980954170227	0.27936020493507385	0.08844094723463058	0.6244608163833618	0.4759902060031891	0.31849366426467896	0.09961900860071182	1.2117700576782227	0.3103593587875366	0.3783957362174988	0.9112624526023865	0.49043917655944824	0.8839691877365112	0.2854289710521698	0.6855607628822327	0.5275028944015503	0.7418574690818787	0.603034257888794	0.8933483958244324	0.24465250968933105	0.26430970430374146	1.0708036422729492	0.12355087697505951	0.41362613439559937	0.1739138811826706	0.432731568813324	0.3759310245513916	1.1497093439102173	0.5790160894393921	1.2562344074249268	0.2916950285434723	0.46476617455482483	0.919417679309845	0.7525599598884583	1.1427109241485596	0.01693762093782425	0.511668860912323	0.42691510915756226	0.3419359028339386	0.44878488779067993	0.3820909261703491	0.643227219581604	0.8201323747634888	0.21054115891456604	0.49527597427368164	0.9432977437973022	0.2571572959423065	0.2819962501525879	0.1682235300540924	0.773430347442627	0.7513831853866577	0.2450428605079651	0.8056955337524414	0.8486056923866272	0.8670486211776733	0.6624220013618469	1.0584852695465088	0.11857642233371735	0.45808783173561096	0.4638906419277191	1.0564496517181396	0.5495383739471436	0.7424547076225281	0.5228067636489868	0.3631354868412018	0.698010265827179	0.3258017599582672	0.15379376709461212	1.1988164186477661	0.6360926032066345	0.7875102758407593	0.7180944681167603	0.6828195452690125	0.28899016976356506	0.7210127711296082	0.6095876097679138	0.37098976969718933	0.12735562026500702	0.42858657240867615	0.831879734992981	0.3162268102169037	0.508912205696106	0.3810174763202667	0.18038178980350494	0.43363747000694275	0.6717405915260315	0.20851479470729828	0.4881535470485687	0.3819596767425537	0.5617982745170593	0.5242252349853516	0.2909015119075775	0.5515332818031311	0.7397490739822388	0.23503373563289642	0.4773101508617401	1.4306275844573975	0.6501200199127197	0.2089366614818573	0.273574560880661	0.6532148718833923	0.5662162899971008	0.024446485564112663	0.7392199635505676	0.8862044215202332	0.16440409421920776	0.630187451839447	0.5897190570831299	0.5259323120117188	0.9854611754417419	0.8417307734489441	0.565532922744751	0.4924107789993286	0.21060261130332947	0.42136746644973755	0.013312702998518944	0.5013861656188965	0.13123676180839539	0.17778506875038147	0.3673807978630066	0.14274407923221588	0.5015144348144531	0.6346254944801331	0.29276755452156067	0.5383028388023376	0.8583270311355591	0.8418201804161072	1.0260465145111084	0.6233603358268738	0.37048792839050293	0.9407370090484619	0.5038192272186279	0.246420219540596	0.49169808626174927	0.90373295545578	0.3637765645980835	0.34287628531455994	0.4078570604324341	0.48728448152542114	0.6200084090232849	1.0102872848510742	1.0018173456192017	0.5034945011138916	0.220045268535614	0.586538553237915	0.2667921483516693	1.045436143875122	0.2559608221054077	0.4385446012020111	0.3225642442703247	0.19863708317279816	0.17239004373550415	0.31763848662376404	0.4086167812347412	0.5933443307876587	0.30144041776657104	0.6300316452980042	0.20053350925445557	0.3265073299407959	0.4405713677406311	0.7932112216949463	1.1892385482788086	0.3666263520717621	0.1867348700761795	1.0220094919204712	1.1766166687011719	0.13393402099609375	0.3471130132675171	0.44740256667137146	0.612336277961731	1.3414106369018555	0.3022480905056	0.5508782267570496	0.4644234776496887	0.047872625291347504	0.3643281161785126	0.25632962584495544	0.27117571234703064	0.9800173044204712	0.6077125072479248	0.5766472816467285	0.5020328760147095	0.023625750094652176	0.02411387301981449	0.7912679314613342	0.058657437562942505	0.8347075581550598	0.42535600066185	0.41858068108558655	0.7527879476547241	0.8767826557159424	0.4133133888244629	0.07143600285053253	0.12319432944059372	0.5037626028060913	0.5245705246925354	0.7097569108009338	0.13407453894615173	0.5302735567092896	0.22203326225280762	0.1591879278421402	1.1109764575958252	0.8155802488327026	0.28223541378974915	0.17021088302135468	0.27141621708869934	1.0264809131622314	0.2536027431488037	0.6914917826652527	0.3588258624076843	0.018843874335289	0.5377475023269653	0.5309760570526123	0.08292675018310547	0.289389967918396	0.6761834621429443	0.2898770272731781	0.5162815451622009	0.11241225153207779	0.5163567662239075	0.9507968425750732	0.18498116731643677	0.33512404561042786	0.334791362285614	0.8728132247924805	1.0240023136138916	0.4952296316623688	0.8018797636032104	0.1868826150894165	0.5335171818733215	0.15543483197689056	0.21021023392677307	0.8162344694137573	0.3673064112663269	1.0714763402938843	0.3985757827758789	0.642437219619751	0.806238055229187	0.14432746171951294	0.6335809826850891	0.29343071579933167	0.07606764137744904	0.576149046421051	1.2344465255737305	0.26692596077919006	0.04449266940355301	0.8634878993034363	0.5482632517814636	0.7862101793289185	0.3632856607437134	0.3599869906902313	0.3537002503871918	0.6743325591087341	0.9851614832878113	0.4821043908596039	0.3650302290916443	0.42523908615112305	0.6376767158508301	0.5832405090332031	0.23871979117393494	0.5293692350387573	0.5459535121917725	0.16073355078697205	0.34612005949020386	0.17374490201473236	0.8691061735153198	1.4915541410446167	0.7328181266784668	0.3350181579589844	0.714515209197998	1.325897216796875	0.8990757465362549	0.516045093536377	0.6090850830078125	0.19433538615703583	0.511306643486023	0.5456349849700928	0.7948352694511414	0.5631452798843384	0.18745945394039154	0.7927217483520508	0.37544572353363037	0.5931584239006042	0.38267913460731506	1.7654428482055664	0.8743892908096313	0.3097394108772278	0.09694482386112213	1.1465373039245605	0.17389564216136932	0.49478718638420105	0.9033405184745789	0.09404775500297546	0.2943395972251892	0.3832952380180359	0.05225888639688492	0.32734042406082153	1.0893628597259521	0.16587501764297485	0.7319808006286621	0.35932713747024536	0.4195793867111206	0.5252856016159058	0.19666610658168793	0.46575799584388733	0.7539487481117249	0.39357492327690125	0.8707973957061768	0.3407154977321625	0.4271131455898285	0.6923031806945801	0.5645675659179688	0.9941867589950562	0.6553701162338257	0.008183157071471214	0.47462210059165955	0.3923666477203369	0.4204253554344177	0.5309479236602783	0.26924818754196167	0.36505430936813354	0.5989440083503723	0.4193345010280609	0.1327049434185028	0.4576852321624756	0.8569717407226562	0.4975573718547821	0.9236445426940918	0.5109201669692993	0.7922521829605103	0.8762562274932861	0.4128899872303009	0.5582618713378906	0.7396154403686523	0.3397672176361084	0.3124634027481079	1.2195589542388916	0.5197315216064453	0.7850211262702942	0.11117696017026901	0.4052780866622925	0.5475674867630005	0.09219595789909363	0.1472875475883484	0.5425251126289368	0.38317936658859253	1.1185925006866455	0.20248658955097198	0.33870238065719604	0.7476345300674438	0.5939643383026123	0.2934689521789551	0.6718209385871887	0.6286788582801819	0.7381519675254822	0.36930739879608154	0.6330718398094177	0.21270111203193665	0.18822017312049866	1.5414897203445435	0.8208785057067871	0.19808146357536316	0.611310601234436	0.44393473863601685	0.14724937081336975	0.4527806043624878	0.5279679298400879	0.34774401783943176	0.0674036294221878	0.5761568546295166	0.2113102823495865	0.5631977319717407	1.0633395910263062	0.3303491473197937	0.28449302911758423	0.5450915098190308	0.805513322353363	0.45913660526275635	0.5475958585739136	0.18744094669818878	0.7764736413955688	0.233862966299057	0.6220031976699829	0.1015719324350357	0.410274475812912	0.10726926475763321	0.33341947197914124	0.7380871772766113	0.7480996251106262	0.4877655804157257	0.2989102005958557	0.8143109679222107	0.06973825395107269	0.5370203852653503	0.22167494893074036	0.3709046542644501	0.36927708983421326	0.7947440147399902	1.620544195175171	0.7761776447296143	1.2626612186431885	0.6997392773628235	0.18177799880504608	1.2078299522399902	0.3499588668346405	0.5746707916259766	0.2132299840450287	0.6561397910118103	0.4873281717300415	0.29031792283058167	0.3639964759349823	0.3719031810760498	0.16858424246311188	0.15814512968063354	0.13129863142967224	0.7415058016777039	0.41358983516693115	0.2659286856651306	0.34224551916122437	0.5857608318328857	0.20111916959285736	0.31649643182754517	0.4840705990791321	0.48884117603302	0.25628048181533813	0.4173780381679535	0.2999386489391327	0.2616852819919586	0.5018470883369446	0.014033210463821888	0.16256138682365417	0.27883273363113403	0.3278152048587799	0.714959979057312	0.18828044831752777	0.26899784803390503	0.5269720554351807	0.1790684461593628	0.347561240196228	0.5290806293487549	0.2901383936405182	0.7129546999931335	0.18806138634681702	0.5503949522972107	0.49723294377326965	1.0303473472595215	0.4138999283313751	0.7121917605400085	0.8665708303451538	0.7804988622665405	1.1678071022033691	0.7207719683647156	0.3656802475452423	0.20746643841266632	0.44710275530815125	0.6479144096374512	0.37923455238342285	0.4160759747028351	0.6563306450843811	1.0442408323287964	0.2105134129524231	0.5342119932174683	0.3707178235054016	1.2575923204421997	0.1589449942111969	0.23790717124938965	0.48176831007003784	1.009476900100708	0.4014989137649536	0.08310088515281677	0.46221470832824707	0.4905075430870056	0.5283312797546387	0.32800596952438354	0.4936084747314453	0.6044328212738037	0.3151461184024811	1.2594724893569946	0.06446665525436401	0.3641055226325989	0.7864183783531189	0.43814241886138916	0.9312485456466675	0.31007859110832214	0.5603112578392029	1.2380907535552979	0.31102386116981506	0.4059257209300995	0.7056258320808411	0.2987509071826935	0.531988799571991	0.33716678619384766	0.673546314239502	0.419555127620697	0.10327097773551941	0.5818137526512146	0.39716121554374695	0.40429869294166565	0.05479329824447632	0.19368672370910645	1.234905481338501	0.6669808030128479	0.5515537261962891	0.7404289245605469	0.6373854875564575	0.051593538373708725	0.4264320135116577	0.14283141493797302	0.7004947662353516	0.3594396412372589	0.14503313601016998	0.5210192799568176	0.5534924268722534	0.2993338108062744	1.670952558517456	0.2867349684238434	0.6219059824943542	0.6403243541717529	0.6728890538215637	0.09498275071382523	0.2511610984802246	0.0958215519785881	0.1463703066110611	0.7035784125328064	0.7876545786857605	0.5229649543762207	0.10966042429208755	0.3326270580291748	0.7890336513519287	0.17130929231643677	0.9914674162864685	0.3579590916633606	1.2208476066589355	0.5431346893310547	0.19936874508857727	0.5136686563491821	0.35747435688972473	0.7007372379302979	0.6433183550834656	0.30374500155448914	0.4332793056964874	0.22411276400089264	0.29636964201927185	0.4948040843009949	0.7310375571250916	0.34055957198143005	0.47124600410461426	0.7755945324897766	0.2661187946796417	0.971155047416687	0.47104156017303467	0.4941388666629791	0.7383653521537781	1.0392565727233887	0.7330922484397888	0.49051761627197266	0.7674685120582581	1.194953203201294	0.7113825082778931	0.21953053772449493	1.0610393285751343	0.1944219470024109	0.41107189655303955	0.9009533524513245	0.9559777975082397	0.4722864627838135	0.5427231192588806	0.5708305835723877	0.6005247831344604	0.691765308380127	0.42378637194633484	0.5542739033699036	0.7066726684570312	1.2325475215911865	0.13366776704788208	0.11222116649150848	0.8570877909660339	0.28799793124198914	0.528908371925354	0.9184716939926147	0.6781370043754578	0.05061782896518707	1.307113528251648	0.44641610980033875	0.12387186288833618	0.37327468395233154	0.7590513825416565	0.2099415808916092	0.36093148589134216	0.37991899251937866	0.4391458332538605	0.5495497584342957	0.297207772731781	0.21551862359046936	0.15888172388076782	0.5054522156715393	0.6833652257919312	0.5621072053909302	0.12175540626049042	0.35753190517425537	0.4480555057525635	0.5520032048225403	0.34112945199012756	0.7063882350921631	0.09028436243534088	0.4177852272987366	0.37759262323379517	0.29896584153175354	0.7709720730781555	0.6870383024215698	0.754533588886261	0.5159009695053101	0.20091977715492249	0.8833264708518982	0.735998272895813	0.47193536162376404	0.4187179207801819	1.2363429069519043	0.374021053314209	0.3338157832622528	0.4035056233406067	0.4961382746696472	0.3800603151321411	0.27809983491897583	0.41168564558029175	0.0011562872678041458	0.8669614195823669	0.030692115426063538	0.18233458697795868	0.36535683274269104	0.403739333152771	0.3365718722343445	0.36646202206611633	0.25356239080429077	0.0	1.1591840982437134	0.3990631699562073	0.7929790019989014	0.6725808382034302	0.10098091512918472	0.7476556301116943	0.15667426586151123	0.9247255325317383	0.4094799757003784	0.09389866143465042	0.2816287875175476	1.0846264362335205	0.6105697751045227	0.10500176250934601	1.13980233669281	0.6738431453704834	0.2277374267578125	0.3741505444049835	0.25836941599845886	0.39448997378349304	0.5283926725387573	0.25732970237731934	0.5403146743774414	0.2421495020389557	0.5239506363868713	0.39548105001449585	0.4099179208278656	0.16458286345005035	0.32743164896965027	0.4369640052318573	0.24628868699073792	1.0405325889587402	0.15638239681720734	0.45684775710105896	0.12327377498149872	0.06472667306661606	0.3319411873817444	0.33264070749282837	0.11868609488010406	0.619268536567688	0.887865424156189	1.0291519165039062	0.5517248511314392	0.6845318675041199	0.9797213673591614	0.33914557099342346	1.180971622467041	0.9591198563575745	0.3621823787689209	0.4253062307834625	0.5683175325393677	0.7733005881309509	0.6355448961257935	0.5061839818954468	0.8154052495956421	0.005425846204161644	0.4570533037185669	0.5381722450256348	0.3608457148075104	0.4107264280319214	0.21980394423007965	0.3640200197696686	0.5423901677131653	0.3782397508621216	1.6021692752838135	0.7806304693222046	0.5872529745101929	0.06182894855737686	0.28143060207366943	0.497090220451355	0.3707968592643738	1.0711218118667603	0.6845672130584717	0.7251474857330322	0.0905047133564949	0.20069774985313416	0.6711206436157227	0.5256667137145996	0.9960352182388306	0.3092213571071625	0.6326033473014832	0.20367726683616638	0.5953962206840515	0.5944323539733887	0.8981475830078125	0.277671217918396	0.5598633885383606	0.4625900685787201	0.36025744676589966	0.5595566630363464	0.5874990820884705	0.7483336329460144	0.2991992235183716	0.7819228768348694	0.017344515770673752	0.4345744848251343	0.10804781317710876	0.4907602071762085	0.40523675084114075	0.40258562564849854	0.4437844157218933	0.6774016618728638	0.3552503287792206	0.7200021743774414	0.01575981080532074	1.0442590713500977	0.7864739894866943	1.1322144269943237	0.2521131634712219	0.677477240562439	0.32067564129829407	0.19125354290008545	0.05803288146853447	0.557333767414093	0.5424351096153259	0.7107255458831787	0.6370269060134888	0.7253553867340088	0.22872455418109894	0.7303926944732666	0.3954533338546753	0.6620944142341614	1.0597602128982544	0.04065685719251633	0.18328195810317993	0.19699692726135254	0.7864809036254883	0.9674748182296753	0.43341273069381714	0.353901743888855	0.34230169653892517	0.23127804696559906	1.0760689973831177	0.483804315328598	0.438605934381485	0.9275904297828674	0.3828279674053192	0.2615641951560974	0.44012343883514404	0.16300493478775024	0.4131622612476349	0.7261611223220825	0.5426307320594788	0.47994935512542725	0.735202968120575	0.34974291920661926	0.11954263597726822	0.32646211981773376	0.4702829420566559	0.09206883609294891	0.2858577072620392	0.6703468561172485	0.28189826011657715	0.47297200560569763	0.373948872089386	0.208670973777771	0.9053778648376465	0.3245721459388733	0.9479540586471558	0.5353767275810242	0.5465306043624878	0.34048187732696533	0.620586633682251	0.43914133310317993	0.5147162675857544	0.5959535241127014	0.37667638063430786	0.9567168951034546	1.357545256614685	0.01268787495791912	0.9070479273796082	0.20511499047279358	0.9990307688713074	0.299369215965271	0.13397854566574097	0.42253991961479187	0.7954553365707397	0.10935821384191513	0.36754029989242554	0.9679126739501953	0.1731453239917755	0.5828746557235718	0.6460050940513611	0.6000999212265015	0.18842139840126038	0.3834484815597534	0.4644934833049774	0.4656561017036438	0.7347011566162109	1.329435110092163	0.6661727428436279	0.5242295265197754	0.7678562998771667	0.33828797936439514	0.7465144991874695	0.44570407271385193
